4 0.0356481481481 0.243229166667 0.0731481481481 0.146875
4 0.3375 0.244270833333 0.134259259259 0.0895833333333
4 0.498148148148 0.23046875 0.155555555556 0.100520833333
4 0.657407407407 0.24765625 0.12962962963 0.118229166667
4 0.816203703704 0.243489583333 0.193518518519 0.1171875
4 0.951388888889 0.25078125 0.0916666666667 0.1265625
4 0.949074074074 0.393229166667 0.1 0.104166666667
4 0.805555555556 0.394270833333 0.122222222222 0.0947916666667
4 0.659722222222 0.403125 0.134259259259 0.103125
4 0.515277777778 0.384635416667 0.150925925926 0.0942708333333
4 0.349537037037 0.39609375 0.14537037037 0.0911458333333
4 0.175925925926 0.397135416667 0.196296296296 0.165104166667
4 0.0337962962963 0.400260416667 0.0694444444444 0.144270833333
4 0.037037037037 0.552604166667 0.0759259259259 0.163541666667
4 0.166203703704 0.557552083333 0.206481481481 0.158854166667
4 0.0462962962963 0.707291666667 0.0944444444444 0.139583333333
4 0.197222222222 0.712239583333 0.2 0.156770833333
4 0.0898148148148 0.88671875 0.181481481481 0.1671875
4 0.272222222222 0.887760416667 0.159259259259 0.102604166667
4 0.437037037037 0.88125 0.159259259259 0.10625
4 0.525925925926 0.859895833333 0.125925925926 0.0947916666667
4 0.719444444444 0.82265625 0.124074074074 0.0994791666667
4 0.8625 0.819791666667 0.143518518519 0.103125
4 0.874537037037 0.707291666667 0.132407407407 0.130208333333
4 0.95462962963 0.566927083333 0.0888888888889 0.113020833333
4 0.805555555556 0.559114583333 0.151851851852 0.119270833333
4 0.532407407407 0.549739583333 0.159259259259 0.1171875
4 0.377777777778 0.5359375 0.151851851852 0.109375
4 0.386574074074 0.731770833333 0.150925925926 0.114583333333
4 0.536574074074 0.7265625 0.176851851852 0.1375
4 0.718518518519 0.721614583333 0.172222222222 0.1328125
