2 0.214351851852 0.17109375 0.175 0.1171875
2 0.418981481481 0.17265625 0.189814814815 0.0953125
2 0.549537037037 0.0760416666667 0.15462962963 0.103125
2 0.573611111111 0.17890625 0.115740740741 0.0963541666667
2 0.708333333333 0.171354166667 0.12962962963 0.104166666667
2 0.705092592593 0.06484375 0.156481481481 0.108854166667
2 0.860185185185 0.05625 0.162962962963 0.110416666667
2 0.844907407407 0.16328125 0.139814814815 0.106770833333
2 0.956944444444 0.323697916667 0.0842592592593 0.0984375
2 0.962037037037 0.40703125 0.0740740740741 0.0869791666667
2 0.851388888889 0.321875 0.132407407407 0.0947916666667
2 0.8625 0.401822916667 0.141666666667 0.0786458333333
2 0.709259259259 0.321354166667 0.127777777778 0.0916666666667
2 0.711574074074 0.409895833333 0.119444444444 0.0854166666667
2 0.587037037037 0.332291666667 0.142592592593 0.090625
2 0.6 0.4078125 0.131481481481 0.0833333333333
2 0.247222222222 0.425 0.207407407407 0.0489583333333
2 0.463425925926 0.419791666667 0.175 0.05
2 0.0703703703704 0.35625 0.142592592593 0.075
2 0.0680555555556 0.4140625 0.137962962963 0.05
2 0.0467592592593 0.536458333333 0.0953703703704 0.1125
2 0.15787037037 0.526822916667 0.149074074074 0.108854166667
2 0.298611111111 0.584635416667 0.171296296296 0.0369791666667
2 0.302777777778 0.544010416667 0.159259259259 0.0442708333333
2 0.489814814815 0.5875 0.183333333333 0.05
2 0.648611111111 0.52265625 0.137962962963 0.0869791666667
2 0.64537037037 0.586458333333 0.144444444444 0.0708333333333
2 0.792592592593 0.521614583333 0.12962962963 0.0776041666667
2 0.796759259259 0.590885416667 0.134259259259 0.0776041666667
2 0.939351851852 0.522916666667 0.119444444444 0.0802083333333
2 0.928240740741 0.59453125 0.141666666667 0.0848958333333
2 0.0907407407407 0.7 0.15 0.059375
2 0.225462962963 0.71484375 0.139814814815 0.0776041666667
2 0.772685185185 0.741145833333 0.0953703703704 0.08125
2 0.853240740741 0.753645833333 0.0787037037037 0.0739583333333
2 0.940740740741 0.753125 0.112962962963 0.0822916666667
2 0.0638888888889 0.183072916667 0.12962962963 0.122395833333
2 0.541666666667 0.744270833333 0.162962962963 0.0489583333333
2 0.384722222222 0.732291666667 0.171296296296 0.0520833333333
