0 0.0416666666667 0.0645833333333 0.0851851851852 0.130208333333
0 0.111574074074 0.0630208333333 0.0805555555556 0.127083333333
0 0.185648148148 0.0635416666667 0.0768518518519 0.128125
0 0.25787037037 0.0625 0.0972222222222 0.126041666667
0 0.348148148148 0.0640625 0.109259259259 0.129166666667
0 0.45 0.0625 0.111111111111 0.126041666667
0 0.543518518519 0.0611979166667 0.0925925925926 0.1234375
0 0.636111111111 0.0606770833333 0.0962962962963 0.122395833333
0 0.72962962963 0.0588541666667 0.103703703704 0.11875
0 0.816203703704 0.0578125 0.0953703703704 0.116666666667
0 0.903703703704 0.0583333333333 0.0888888888889 0.117708333333
0 0.0259259259259 0.259375 0.0537037037037 0.136458333333
0 0.0837962962963 0.263020833333 0.0953703703704 0.132291666667
0 0.174074074074 0.2578125 0.103703703704 0.135416666667
0 0.264814814815 0.260677083333 0.111111111111 0.131770833333
0 0.335648148148 0.257291666667 0.0935185185185 0.132291666667
0 0.420833333333 0.254166666667 0.0953703703704 0.135416666667
0 0.498611111111 0.25546875 0.0972222222222 0.128645833333
0 0.581944444444 0.254947916667 0.0990740740741 0.127604166667
0 0.661574074074 0.253125 0.0824074074074 0.13125
0 0.738888888889 0.251302083333 0.0925925925926 0.1296875
0 0.821296296296 0.251822916667 0.0925925925926 0.130729166667
0 0.913888888889 0.249739583333 0.0925925925926 0.1328125
0 0.0300925925926 0.452864583333 0.062037037037 0.1296875
0 0.0962962962963 0.449739583333 0.087037037037 0.130729166667
0 0.200925925926 0.449739583333 0.1 0.119270833333
0 0.337037037037 0.448697916667 0.107407407407 0.115104166667
0 0.440740740741 0.443489583333 0.0925925925926 0.116145833333
0 0.519907407407 0.44921875 0.0916666666667 0.1203125
0 0.605092592593 0.445833333333 0.0842592592593 0.120833333333
0 0.679166666667 0.441666666667 0.100925925926 0.119791666667
0 0.752314814815 0.442447916667 0.0861111111111 0.1203125
0 0.828240740741 0.441927083333 0.0953703703704 0.1171875
0 0.914814814815 0.441927083333 0.0907407407407 0.1171875
0 0.0486111111111 0.61875 0.0990740740741 0.1125
0 0.538425925926 0.597395833333 0.0861111111111 0.0979166666667
0 0.597222222222 0.5953125 0.0592592592593 0.102083333333
0 0.655092592593 0.605729166667 0.0842592592593 0.113541666667
0 0.728703703704 0.60703125 0.0759259259259 0.1078125
0 0.801388888889 0.609375 0.0787037037037 0.1125
0 0.865277777778 0.601822916667 0.0787037037037 0.106770833333
0 0.969444444444 0.6078125 0.0592592592593 0.111458333333
0 0.0333333333333 0.773177083333 0.0685185185185 0.108854166667
0 0.105092592593 0.775 0.0935185185185 0.110416666667
0 0.184259259259 0.770572916667 0.087037037037 0.105729166667
0 0.359259259259 0.758072916667 0.087037037037 0.106770833333
0 0.434259259259 0.7546875 0.0925925925926 0.1
0 0.508796296296 0.751822916667 0.100925925926 0.0869791666667
0 0.581481481481 0.74609375 0.0666666666667 0.0890625
0 0.637037037037 0.745052083333 0.0833333333333 0.0984375
0 0.695833333333 0.74921875 0.0768518518519 0.0973958333333
0 0.763888888889 0.747395833333 0.0925925925926 0.103125
0 0.855555555556 0.74453125 0.0944444444444 0.106770833333
0 0.965277777778 0.743229166667 0.0675925925926 0.102083333333
0 0.140277777778 0.945833333333 0.0842592592593 0.04375
0 0.246296296296 0.965885416667 0.0740740740741 0.0432291666667
0 0.615740740741 0.978385416667 0.0888888888889 0.0421875
0 0.97037037037 0.956510416667 0.0574074074074 0.0859375
