1 0.0310185185185 0.1453125 0.0638888888889 0.142708333333
1 0.0875 0.14375 0.0953703703704 0.145833333333
1 0.174537037037 0.14375 0.0990740740741 0.145833333333
1 0.253240740741 0.144791666667 0.0935185185185 0.14375
1 0.339814814815 0.1453125 0.101851851852 0.142708333333
1 0.424074074074 0.159895833333 0.0851851851852 0.113541666667
1 0.55787037037 0.0963541666667 0.10462962963 0.0375
1 0.731481481481 0.09375 0.0907407407407 0.0395833333333
1 0.816203703704 0.0940104166667 0.0953703703704 0.0328125
1 0.902314814815 0.09375 0.0953703703704 0.0395833333333
1 0.563888888889 0.144270833333 0.0925925925926 0.0729166666667
1 0.646759259259 0.145833333333 0.0805555555556 0.071875
1 0.722685185185 0.144270833333 0.0972222222222 0.075
1 0.80787037037 0.14375 0.0861111111111 0.071875
1 0.888425925926 0.142708333333 0.0787037037037 0.071875
1 0.959259259259 0.147135416667 0.0722222222222 0.0671875
1 0.0430555555556 0.3453125 0.0824074074074 0.14375
1 0.110185185185 0.345572916667 0.0907407407407 0.147395833333
1 0.184722222222 0.3453125 0.106481481481 0.147916666667
1 0.266203703704 0.349739583333 0.0842592592593 0.1390625
1 0.360185185185 0.3484375 0.0851851851852 0.120833333333
1 0.415277777778 0.34921875 0.0824074074074 0.128645833333
1 0.464351851852 0.351041666667 0.0861111111111 0.134375
1 0.59212962963 0.28671875 0.132407407407 0.1359375
1 0.67962962963 0.310416666667 0.0759259259259 0.08125
1 0.770833333333 0.286197916667 0.123148148148 0.136979166667
1 0.853240740741 0.312239583333 0.062037037037 0.0869791666667
1 0.936574074074 0.288541666667 0.125 0.134375
1 0.0217592592593 0.55859375 0.0453703703704 0.140104166667
1 0.0703703703704 0.563020833333 0.0851851851852 0.133333333333
1 0.136111111111 0.560416666667 0.0851851851852 0.132291666667
1 0.205092592593 0.563802083333 0.0916666666667 0.127604166667
1 0.293055555556 0.557552083333 0.100925925926 0.140104166667
1 0.357407407407 0.547135416667 0.0740740740741 0.1328125
1 0.425 0.549479166667 0.0666666666667 0.13125
1 0.487037037037 0.5609375 0.0833333333333 0.1375
1 0.587037037037 0.452083333333 0.125925925926 0.133333333333
1 0.675462962963 0.46953125 0.0768518518519 0.0869791666667
1 0.758333333333 0.43359375 0.103703703704 0.103645833333
1 0.89212962963 0.445572916667 0.115740740741 0.118229166667
1 0.954166666667 0.459635416667 0.0583333333333 0.0786458333333
1 0.668055555556 0.59375 0.112037037037 0.113541666667
1 0.752314814815 0.576041666667 0.075 0.0708333333333
1 0.838888888889 0.579427083333 0.0907407407407 0.0848958333333
1 0.914814814815 0.579947916667 0.087037037037 0.0786458333333
1 0.961111111111 0.592447916667 0.0759259259259 0.100520833333
1 0.0342592592593 0.734895833333 0.0703703703704 0.14375
1 0.105092592593 0.740885416667 0.0842592592593 0.146354166667
1 0.183333333333 0.7390625 0.0925925925926 0.142708333333
1 0.257407407407 0.735677083333 0.0851851851852 0.1453125
1 0.32962962963 0.73671875 0.0851851851852 0.147395833333
1 0.402314814815 0.733854166667 0.0953703703704 0.14375
1 0.489814814815 0.738020833333 0.0925925925926 0.142708333333
1 0.605555555556 0.74453125 0.105555555556 0.116145833333
1 0.685185185185 0.733854166667 0.0685185185185 0.1
1 0.854166666667 0.73515625 0.110185185185 0.1046875
1 0.959259259259 0.75078125 0.0796296296296 0.119270833333
1 0.0351851851852 0.931510416667 0.0722222222222 0.1359375
1 0.104166666667 0.930208333333 0.0787037037037 0.138541666667
1 0.24212962963 0.90703125 0.0787037037037 0.121354166667
1 0.297685185185 0.934375 0.0694444444444 0.130208333333
1 0.377777777778 0.933854166667 0.0833333333333 0.13125
1 0.447685185185 0.93671875 0.0990740740741 0.125520833333
1 0.558333333333 0.921875 0.12962962963 0.155208333333
1 0.679166666667 0.926302083333 0.117592592593 0.146354166667
1 0.752314814815 0.95390625 0.0490740740741 0.0723958333333
1 0.80462962963 0.901302083333 0.105555555556 0.119270833333
1 0.932407407407 0.906510416667 0.133333333333 0.1296875
