1 0.0615740740741 0.165104166667 0.0768518518519 0.071875
1 0.117592592593 0.167447916667 0.0666666666667 0.0671875
1 0.0699074074074 0.31328125 0.0638888888889 0.0734375
1 0.132407407407 0.317447916667 0.062962962963 0.0692708333333
1 0.0763888888889 0.591927083333 0.0731481481481 0.0807291666667
1 0.174074074074 0.573958333333 0.0685185185185 0.0895833333333
1 0.564351851852 0.911979166667 0.0712962962963 0.0802083333333
1 0.631944444444 0.935416666667 0.0787037037037 0.08125
4 0.716666666667 0.933072916667 0.0666666666667 0.0765625
4 0.325 0.170572916667 0.122222222222 0.0828125
4 0.444444444444 0.170833333333 0.111111111111 0.0791666666667
4 0.535648148148 0.176302083333 0.0694444444444 0.0755208333333
4 0.61712962963 0.18359375 0.113888888889 0.0776041666667
4 0.756944444444 0.189322916667 0.121296296296 0.0661458333333
4 0.894444444444 0.19375 0.109259259259 0.0770833333333
4 0.281944444444 0.300260416667 0.149074074074 0.118229166667
4 0.439351851852 0.303645833333 0.147222222222 0.120833333333
4 0.581944444444 0.309114583333 0.149074074074 0.119270833333
4 0.726388888889 0.313541666667 0.149074074074 0.120833333333
4 0.880555555556 0.315885416667 0.161111111111 0.1203125
4 0.286111111111 0.4515625 0.140740740741 0.111458333333
4 0.106944444444 0.455729166667 0.0787037037037 0.0885416666667
4 0.0361111111111 0.452864583333 0.0722222222222 0.0848958333333
4 0.424537037037 0.45859375 0.137962962963 0.1140625
4 0.575 0.461458333333 0.142592592593 0.110416666667
4 0.733333333333 0.465885416667 0.181481481481 0.116145833333
4 0.902777777778 0.469270833333 0.181481481481 0.126041666667
4 0.306481481481 0.56171875 0.188888888889 0.0505208333333
4 0.294444444444 0.6140625 0.216666666667 0.059375
4 0.519444444444 0.577604166667 0.214814814815 0.06875
4 0.514351851852 0.628645833333 0.212037037037 0.0635416666667
4 0.743055555556 0.590625 0.225 0.0614583333333
4 0.730555555556 0.640104166667 0.212962962963 0.0510416666667
4 0.931944444444 0.6015625 0.134259259259 0.0541666666667
4 0.923611111111 0.649479166667 0.150925925926 0.053125
4 0.163425925926 0.689583333333 0.178703703704 0.0708333333333
4 0.163888888889 0.744791666667 0.172222222222 0.0625
4 0.330555555556 0.695052083333 0.161111111111 0.0598958333333
4 0.38287037037 0.756770833333 0.221296296296 0.0697916666667
4 0.610648148148 0.759895833333 0.226851851852 0.0802083333333
4 0.850925925926 0.768229166667 0.262962962963 0.0947916666667
4 0.156944444444 0.88359375 0.0768518518519 0.118229166667
4 0.0763888888889 0.877083333333 0.0731481481481 0.127083333333
4 0.0291666666667 0.871875 0.0601851851852 0.130208333333
4 0.23287037037 0.8984375 0.0898148148148 0.103125
4 0.321759259259 0.903385416667 0.0861111111111 0.100520833333
4 0.415740740741 0.877604166667 0.0796296296296 0.096875
4 0.501851851852 0.884895833333 0.0888888888889 0.0989583333333
4 0.827777777778 0.890104166667 0.2 0.114583333333
4 0.831018518519 0.963802083333 0.176851851852 0.0578125
4 0.963888888889 0.894791666667 0.0703703703704 0.110416666667
1 0.2375 0.17109375 0.0731481481481 0.0744791666667
