1 0.175 0.3953125 0.0740740740741 0.145833333333
1 0.24537037037 0.4 0.0962962962963 0.138541666667
1 0.337962962963 0.397395833333 0.114814814815 0.14375
1 0.412962962963 0.403645833333 0.087037037037 0.128125
1 0.489814814815 0.4015625 0.0740740740741 0.132291666667
1 0.550462962963 0.406770833333 0.0898148148148 0.129166666667
1 0.624537037037 0.40234375 0.0898148148148 0.144270833333
1 0.704166666667 0.406770833333 0.0898148148148 0.135416666667
1 0.775462962963 0.404166666667 0.0768518518519 0.1375
1 0.843518518519 0.39453125 0.0648148148148 0.149479166667
1 0.911111111111 0.399739583333 0.0648148148148 0.128645833333
1 0.906944444444 0.717447916667 0.0990740740741 0.128645833333
1 0.752314814815 0.710416666667 0.10462962963 0.121875
1 0.644444444444 0.737760416667 0.0685185185185 0.105729166667
1 0.572222222222 0.733072916667 0.0648148148148 0.1109375
1 0.513425925926 0.7375 0.0712962962963 0.113541666667
1 0.460648148148 0.733072916667 0.0842592592593 0.1046875
1 0.393518518519 0.732291666667 0.0777777777778 0.119791666667
1 0.330092592593 0.73125 0.0805555555556 0.132291666667
1 0.273148148148 0.732552083333 0.0777777777778 0.116145833333
1 0.0930555555556 0.899739583333 0.108333333333 0.159895833333
1 0.966203703704 0.717708333333 0.0657407407407 0.115625
1 0.0384259259259 0.162760416667 0.0787037037037 0.0869791666667
1 0.0981481481481 0.164583333333 0.0833333333333 0.090625
1 0.178240740741 0.164583333333 0.0916666666667 0.0927083333333
1 0.246296296296 0.171614583333 0.0907407407407 0.0859375
1 0.0375 0.238802083333 0.0768518518519 0.0859375
1 0.106481481481 0.241666666667 0.0814814814815 0.0729166666667
1 0.178240740741 0.242708333333 0.0824074074074 0.0729166666667
1 0.243055555556 0.24140625 0.100925925926 0.0776041666667
1 0.323611111111 0.2421875 0.0805555555556 0.08125
1 0.423148148148 0.245052083333 0.0703703703704 0.0734375
1 0.478703703704 0.246875 0.0703703703704 0.071875
1 0.542592592593 0.175 0.0740740740741 0.0885416666667
1 0.536111111111 0.248958333333 0.087037037037 0.0833333333333
1 0.789351851852 0.227604166667 0.112037037037 0.135416666667
1 0.859722222222 0.228645833333 0.0990740740741 0.13125
1 0.934722222222 0.228125 0.0972222222222 0.136458333333
1 0.0282407407407 0.390364583333 0.0583333333333 0.150520833333
1 0.0888888888889 0.389583333333 0.0888888888889 0.15625
1 0.0662037037037 0.549739583333 0.0805555555556 0.127604166667
1 0.125925925926 0.550520833333 0.0759259259259 0.126041666667
1 0.194907407407 0.552864583333 0.0824074074074 0.124479166667
1 0.251388888889 0.5453125 0.0768518518519 0.127083333333
1 0.322222222222 0.561458333333 0.0833333333333 0.113541666667
1 0.402777777778 0.557552083333 0.087037037037 0.105729166667
1 0.465277777778 0.565625 0.0842592592593 0.1125
1 0.5375 0.567708333333 0.0842592592593 0.1125
1 0.611574074074 0.569010416667 0.0842592592593 0.1078125
1 0.673148148148 0.569010416667 0.0814814814815 0.103645833333
1 0.759259259259 0.552083333333 0.0888888888889 0.111458333333
1 0.936111111111 0.564322916667 0.0888888888889 0.119270833333
1 0.0319444444444 0.73125 0.0583333333333 0.123958333333
1 0.1 0.7109375 0.0703703703704 0.113541666667
1 0.141203703704 0.726822916667 0.075 0.118229166667
1 0.212962962963 0.700260416667 0.087037037037 0.116145833333
1 0.0342592592593 0.897916666667 0.0703703703704 0.163541666667
1 0.274074074074 0.853125 0.12962962963 0.08125
1 0.77037037037 0.885677083333 0.114814814815 0.0921875
