0 0.0611111111111 0.1015625 0.0666666666667 0.0822916666667
0 0.118981481481 0.096875 0.062037037037 0.0802083333333
0 0.165740740741 0.0893229166667 0.0740740740741 0.0838541666667
0 0.215740740741 0.0846354166667 0.0703703703704 0.0880208333333
0 0.257407407407 0.0770833333333 0.0648148148148 0.0895833333333
0 0.301851851852 0.0734375 0.0666666666667 0.0916666666667
0 0.357407407407 0.065625 0.0740740740741 0.09375
0 0.126851851852 0.172135416667 0.0666666666667 0.0848958333333
0 0.0763888888889 0.180729166667 0.0675925925926 0.0739583333333
0 0.181481481481 0.171354166667 0.0759259259259 0.08125
0 0.22037037037 0.168229166667 0.0518518518519 0.08125
0 0.259259259259 0.16171875 0.0685185185185 0.0848958333333
0 0.298611111111 0.156510416667 0.0601851851852 0.0859375
0 0.35 0.155208333333 0.0851851851852 0.0885416666667
0 0.1 0.277604166667 0.0907407407407 0.0708333333333
0 0.0837962962963 0.354427083333 0.0657407407407 0.0744791666667
0 0.344907407407 0.370052083333 0.075 0.0890625
0 0.410648148148 0.372395833333 0.0787037037037 0.0822916666667
0 0.561111111111 0.307291666667 0.0833333333333 0.101041666667
0 0.637037037037 0.315364583333 0.0907407407407 0.1078125
0 0.75462962963 0.320833333333 0.0907407407407 0.111458333333
0 0.856481481481 0.317708333333 0.125925925926 0.133333333333
0 0.953703703704 0.334114583333 0.0907407407407 0.115104166667
0 0.530092592593 0.4 0.0824074074074 0.0989583333333
0 0.608333333333 0.4046875 0.087037037037 0.0958333333333
0 0.675 0.41640625 0.0888888888889 0.1078125
0 0.752314814815 0.423958333333 0.102777777778 0.111458333333
0 0.845833333333 0.43359375 0.117592592593 0.115104166667
0 0.94537037037 0.44921875 0.107407407407 0.1109375
0 0.0333333333333 0.282552083333 0.0555555555556 0.0744791666667
0 0.0300925925926 0.4671875 0.062037037037 0.0916666666667
0 0.0643518518519 0.466145833333 0.0601851851852 0.0708333333333
0 0.104166666667 0.477083333333 0.0787037037037 0.071875
0 0.367592592593 0.502083333333 0.0703703703704 0.0802083333333
0 0.422222222222 0.506510416667 0.0759259259259 0.0848958333333
0 0.469444444444 0.522135416667 0.0759259259259 0.0859375
0 0.527777777778 0.5296875 0.0703703703704 0.0895833333333
0 0.597222222222 0.541145833333 0.0888888888889 0.09375
0 0.371759259259 0.574739583333 0.0583333333333 0.0682291666667
0 0.470833333333 0.590885416667 0.062037037037 0.0776041666667
0 0.574074074074 0.622395833333 0.0685185185185 0.0822916666667
0 0.631018518519 0.6390625 0.0657407407407 0.0927083333333
0 0.688888888889 0.567447916667 0.087037037037 0.108854166667
0 0.775 0.5859375 0.087037037037 0.113541666667
0 0.875925925926 0.602083333333 0.131481481481 0.130208333333
0 0.702314814815 0.665625 0.0805555555556 0.0885416666667
0 0.775925925926 0.685416666667 0.0925925925926 0.1
0 0.877777777778 0.706770833333 0.12037037037 0.103125
0 0.971296296296 0.721875 0.0555555555556 0.101041666667
0 0.973148148148 0.608333333333 0.0518518518519 0.103125
0 0.128240740741 0.60078125 0.0601851851852 0.0671875
0 0.230092592593 0.6328125 0.0694444444444 0.0802083333333
0 0.693981481481 0.802864583333 0.113888888889 0.121354166667
0 0.772685185185 0.819791666667 0.0990740740741 0.113541666667
0 0.89537037037 0.865885416667 0.118518518519 0.1296875
0 0.468518518519 0.959635416667 0.0462962962963 0.0765625
0 0.661111111111 0.928385416667 0.0722222222222 0.106770833333
1 0.731944444444 0.960416666667 0.0787037037037 0.078125
1 0.460185185185 0.83515625 0.0703703703704 0.0942708333333
0 0.524074074074 0.869010416667 0.0907407407407 0.0911458333333
0 0.894444444444 0.131770833333 0.138888888889 0.123958333333
