4 0.0421296296296 0.243229166667 0.0861111111111 0.144791666667
4 0.156481481481 0.202604166667 0.17037037037 0.120833333333
4 0.4 0.196614583333 0.107407407407 0.0994791666667
4 0.578240740741 0.240625 0.191666666667 0.161458333333
4 0.805555555556 0.205729166667 0.201851851852 0.145833333333
4 0.955555555556 0.21875 0.087037037037 0.15
4 0.0652777777778 0.406770833333 0.132407407407 0.123958333333
4 0.189351851852 0.4390625 0.180555555556 0.136458333333
4 0.351388888889 0.410416666667 0.149074074074 0.129166666667
4 0.560185185185 0.404166666667 0.185185185185 0.129166666667
4 0.776851851852 0.414583333333 0.157407407407 0.128125
4 0.934259259259 0.394791666667 0.12962962963 0.136458333333
4 0.0773148148148 0.607552083333 0.156481481481 0.1515625
4 0.279166666667 0.582291666667 0.149074074074 0.128125
4 0.40462962963 0.570052083333 0.124074074074 0.1171875
4 0.578703703704 0.579166666667 0.168518518519 0.121875
4 0.7125 0.54765625 0.147222222222 0.125520833333
4 0.925925925926 0.576822916667 0.146296296296 0.1265625
4 0.049537037037 0.764583333333 0.100925925926 0.139583333333
4 0.174074074074 0.760416666667 0.174074074074 0.147916666667
4 0.317592592593 0.722916666667 0.127777777778 0.108333333333
4 0.430555555556 0.7234375 0.142592592593 0.117708333333
4 0.597222222222 0.73359375 0.17037037037 0.116145833333
4 0.781944444444 0.711979166667 0.150925925926 0.128125
4 0.931018518519 0.704427083333 0.136111111111 0.119270833333
4 0.0560185185185 0.886458333333 0.113888888889 0.1125
4 0.281944444444 0.916145833333 0.208333333333 0.0958333333333
4 0.399074074074 0.854166666667 0.138888888889 0.1125
4 0.581018518519 0.903385416667 0.143518518519 0.124479166667
4 0.787037037037 0.84296875 0.17037037037 0.1234375
4 0.940740740741 0.8765625 0.116666666667 0.130208333333
