1 0.162962962963 0.1171875 0.15 0.125
1 0.279166666667 0.1234375 0.102777777778 0.0916666666667
1 0.367592592593 0.108333333333 0.103703703704 0.123958333333
1 0.460185185185 0.111197916667 0.1 0.1203125
1 0.539351851852 0.134375 0.0768518518519 0.0583333333333
1 0.65462962963 0.104427083333 0.125925925926 0.116145833333
1 0.759722222222 0.096875 0.130555555556 0.121875
1 0.875925925926 0.0921875 0.148148148148 0.126041666667
1 0.312037037037 0.341666666667 0.107407407407 0.132291666667
1 0.400462962963 0.33984375 0.112037037037 0.138020833333
1 0.512962962963 0.33984375 0.125925925926 0.130729166667
1 0.618518518519 0.334114583333 0.12037037037 0.1359375
1 0.72037037037 0.329947916667 0.12962962963 0.146354166667
1 0.834722222222 0.328385416667 0.132407407407 0.147395833333
1 0.942592592593 0.323697916667 0.109259259259 0.1453125
1 0.318518518519 0.55 0.164814814815 0.176041666667
1 0.620833333333 0.559114583333 0.115740740741 0.169270833333
1 0.561111111111 0.54765625 0.0907407407407 0.152604166667
1 0.737037037037 0.558072916667 0.105555555556 0.180729166667
1 0.849074074074 0.55390625 0.124074074074 0.1703125
1 0.95 0.55703125 0.0981481481481 0.1578125
1 0.309259259259 0.7640625 0.109259259259 0.147916666667
1 0.398611111111 0.762760416667 0.102777777778 0.1484375
1 0.482407407407 0.763020833333 0.107407407407 0.145833333333
1 0.564814814815 0.76328125 0.107407407407 0.149479166667
1 0.663888888889 0.764583333333 0.114814814815 0.154166666667
1 0.867592592593 0.733333333333 0.103703703704 0.105208333333
1 0.953703703704 0.763020833333 0.0907407407407 0.153125
1 0.364814814815 0.934114583333 0.142592592593 0.116145833333
1 0.471759259259 0.9421875 0.113888888889 0.113541666667
1 0.572222222222 0.942447916667 0.12962962963 0.1140625
1 0.703703703704 0.9546875 0.146296296296 0.0895833333333
1 0.956018518519 0.94375 0.0861111111111 0.111458333333
