1 0.0560185185185 0.222395833333 0.0768518518519 0.0791666666667
1 0.132407407407 0.218489583333 0.0888888888889 0.0848958333333
1 0.197685185185 0.2171875 0.0601851851852 0.0875
1 0.259722222222 0.217708333333 0.0935185185185 0.0885416666667
1 0.32962962963 0.224739583333 0.0685185185185 0.0859375
1 0.380092592593 0.21796875 0.0583333333333 0.0859375
1 0.436574074074 0.21953125 0.0805555555556 0.0911458333333
1 0.542592592593 0.19453125 0.087037037037 0.0744791666667
1 0.608333333333 0.198697916667 0.062962962963 0.0734375
1 0.673148148148 0.19921875 0.0814814814815 0.0630208333333
1 0.750462962963 0.199739583333 0.0824074074074 0.0755208333333
1 0.819907407407 0.198697916667 0.062037037037 0.0734375
1 0.884259259259 0.1921875 0.103703703704 0.0833333333333
1 0.963425925926 0.184114583333 0.0712962962963 0.0880208333333
1 0.0324074074074 0.36171875 0.0666666666667 0.0984375
1 0.119907407407 0.376302083333 0.0805555555556 0.106770833333
1 0.197685185185 0.377604166667 0.0768518518519 0.1
1 0.260185185185 0.3765625 0.0703703703704 0.102083333333
1 0.306944444444 0.367447916667 0.0805555555556 0.128645833333
1 0.383333333333 0.3671875 0.0722222222222 0.120833333333
1 0.426388888889 0.36953125 0.0805555555556 0.127604166667
1 0.499074074074 0.343489583333 0.0907407407407 0.1171875
1 0.562037037037 0.3421875 0.0685185185185 0.119791666667
1 0.606018518519 0.34296875 0.062037037037 0.118229166667
1 0.663425925926 0.343489583333 0.0842592592593 0.119270833333
1 0.727777777778 0.343489583333 0.0703703703704 0.119270833333
1 0.77962962963 0.341666666667 0.0740740740741 0.122916666667
1 0.837962962963 0.343229166667 0.0722222222222 0.123958333333
1 0.905555555556 0.346614583333 0.0925925925926 0.128645833333
1 0.969444444444 0.348697916667 0.0592592592593 0.1296875
1 0.0393518518519 0.49921875 0.0805555555556 0.0765625
1 0.106481481481 0.493229166667 0.0666666666667 0.0833333333333
1 0.158796296296 0.495572916667 0.0731481481481 0.0786458333333
1 0.211574074074 0.501822916667 0.0787037037037 0.0848958333333
1 0.269907407407 0.501302083333 0.0638888888889 0.0859375
1 0.375925925926 0.526302083333 0.087037037037 0.119270833333
1 0.436574074074 0.523177083333 0.0675925925926 0.116145833333
1 0.500462962963 0.515885416667 0.0842592592593 0.1171875
1 0.550462962963 0.512239583333 0.062037037037 0.109895833333
1 0.6125 0.512239583333 0.0824074074074 0.1171875
1 0.676388888889 0.51875 0.0787037037037 0.113541666667
1 0.753240740741 0.5203125 0.0768518518519 0.1125
1 0.825462962963 0.517708333333 0.100925925926 0.122916666667
1 0.896296296296 0.528645833333 0.0907407407407 0.121875
1 0.962037037037 0.534895833333 0.0740740740741 0.130208333333
1 0.23287037037 0.684375 0.0805555555556 0.0927083333333
1 0.290740740741 0.682552083333 0.0722222222222 0.0963541666667
1 0.419444444444 0.666927083333 0.0703703703704 0.0973958333333
1 0.312037037037 0.843489583333 0.0944444444444 0.1421875
1 0.396759259259 0.853385416667 0.115740740741 0.1484375
1 0.507407407407 0.838020833333 0.103703703704 0.102083333333
1 0.648611111111 0.866145833333 0.121296296296 0.147916666667
1 0.773148148148 0.879166666667 0.124074074074 0.152083333333
1 0.951851851852 0.894791666667 0.0944444444444 0.171875
