2 0.915625 0.10787037037 0.0885416666667 0.0935185185185
2 0.8328125 0.111574074074 0.0791666666667 0.0972222222222
2 0.758854166667 0.0949074074074 0.0854166666667 0.152777777778
2 0.672916666667 0.099537037037 0.0739583333333 0.136111111111
2 0.599479166667 0.116203703704 0.08125 0.102777777778
2 0.522395833333 0.118981481481 0.0916666666667 0.10462962963
2 0.444270833333 0.113425925926 0.0833333333333 0.108333333333
2 0.369270833333 0.316203703704 0.075 0.147222222222
2 0.431770833333 0.316203703704 0.08125 0.117592592593
2 0.511458333333 0.324074074074 0.0947916666667 0.112962962963
2 0.5921875 0.329166666667 0.08125 0.102777777778
2 0.596354166667 0.235648148148 0.0833333333333 0.075
2 0.6734375 0.235648148148 0.0770833333333 0.075
2 0.668229166667 0.327314814815 0.0875 0.0916666666667
2 0.744270833333 0.319907407407 0.0833333333333 0.121296296296
2 0.838541666667 0.238425925926 0.101041666667 0.0990740740741
2 0.821875 0.321759259259 0.0739583333333 0.102777777778
2 0.894270833333 0.313425925926 0.0875 0.0972222222222
2 0.890104166667 0.444907407407 0.0854166666667 0.115740740741
2 0.884895833333 0.529166666667 0.0729166666667 0.0731481481481
2 0.9625 0.445833333333 0.0697916666667 0.106481481481
2 0.8203125 0.436574074074 0.0875 0.0657407407407
2 0.822395833333 0.509722222222 0.0895833333333 0.0935185185185
2 0.7515625 0.509259259259 0.0916666666667 0.12037037037
2 0.6671875 0.495833333333 0.0833333333333 0.128703703704
2 0.594270833333 0.497685185185 0.0708333333333 0.128703703704
2 0.525520833333 0.505092592593 0.075 0.121296296296
2 0.447395833333 0.503240740741 0.0791666666667 0.132407407407
2 0.377604166667 0.500462962963 0.0604166666667 0.123148148148
2 0.327083333333 0.706018518519 0.0635416666667 0.134259259259
2 0.3828125 0.728240740741 0.0583333333333 0.126851851852
2 0.446875 0.724537037037 0.0677083333333 0.115740740741
2 0.5171875 0.639351851852 0.0770833333333 0.0861111111111
2 0.51875 0.731018518519 0.0697916666667 0.0916666666667
2 0.447395833333 0.6375 0.0729166666667 0.0861111111111
2 0.59375 0.725462962963 0.0760416666667 0.110185185185
2 0.6625 0.723611111111 0.0760416666667 0.113888888889
2 0.731770833333 0.724537037037 0.08125 0.10462962963
2 0.807291666667 0.643981481481 0.084375 0.0990740740741
2 0.885677083333 0.639351851852 0.0744791666667 0.0990740740741
2 0.5984375 0.861574074074 0.06875 0.100925925926
2 0.602083333333 0.944907407407 0.071875 0.100925925926
2 0.670833333333 0.855092592593 0.065625 0.106481481481
2 0.671354166667 0.935648148148 0.0729166666667 0.0824074074074
2 0.744270833333 0.866203703704 0.0708333333333 0.106481481481
2 0.743229166667 0.947685185185 0.0854166666667 0.0768518518519
2 0.816145833333 0.856944444444 0.0729166666667 0.110185185185
2 0.819791666667 0.952314814815 0.0739583333333 0.0935185185185
2 0.894791666667 0.864351851852 0.084375 0.102777777778
2 0.891145833333 0.956018518519 0.06875 0.0675925925926
2 0.399479166667 0.931944444444 0.0791666666667 0.10462962963
2 0.477604166667 0.888425925926 0.0625 0.0990740740741
2 0.341666666667 0.931018518519 0.0697916666667 0.087962962963
2 0.252604166667 0.946759259259 0.04375 0.0805555555556
2 0.153125 0.940277777778 0.0822916666667 0.087962962963
2 0.0515625 0.802314814815 0.0604166666667 0.0898148148148
2 0.111979166667 0.805092592593 0.06875 0.087962962963
2 0.1828125 0.775 0.0479166666667 0.0481481481481
2 0.272916666667 0.8125 0.0510416666667 0.0953703703704
2 0.2140625 0.606481481481 0.0520833333333 0.0740740740741
2 0.158854166667 0.60787037037 0.05625 0.0916666666667
2 0.111197916667 0.608333333333 0.0526041666667 0.0777777777778
2 0.0614583333333 0.666203703704 0.0614583333333 0.106481481481
2 0.197916666667 0.427777777778 0.059375 0.0833333333333
2 0.15078125 0.42962962963 0.0473958333333 0.0759259259259
2 0.04296875 0.424537037037 0.0546875 0.0935185185185
2 0.0927083333333 0.417592592593 0.0489583333333 0.0740740740741
2 0.206770833333 0.306944444444 0.05 0.0935185185185
2 0.167708333333 0.313425925926 0.0489583333333 0.0972222222222
2 0.1328125 0.319907407407 0.0520833333333 0.113888888889
2 0.0885416666667 0.303240740741 0.0447916666667 0.0935185185185
2 0.0369791666667 0.100462962963 0.0416666666667 0.0916666666667
2 0.0817708333333 0.0962962962963 0.05 0.0907407407407
2 0.1625 0.0986111111111 0.0427083333333 0.0842592592593
2 0.20625 0.0986111111111 0.0427083333333 0.108333333333
2 0.363541666667 0.11712962963 0.0677083333333 0.115740740741
2 0.289583333333 0.118981481481 0.0739583333333 0.112037037037
2 0.0341145833333 0.0236111111111 0.0484375 0.0490740740741
2 0.118489583333 0.0291666666667 0.0463541666667 0.0527777777778
2 0.126041666667 0.100925925926 0.0302083333333 0.0814814814815
2 0.20234375 0.0203703703704 0.0380208333333 0.0333333333333
2 0.286458333333 0.0300925925926 0.075 0.0509259259259
2 0.363802083333 0.0300925925926 0.0786458333333 0.0601851851852
2 0.440364583333 0.0305555555556 0.0828125 0.0555555555556
2 0.59609375 0.0351851851852 0.0796875 0.0685185185185
2 0.8359375 0.0263888888889 0.0833333333333 0.0509259259259
2 0.918489583333 0.0337962962963 0.0807291666667 0.0601851851852
2 0.98046875 0.0259259259259 0.0390625 0.0537037037037
2 0.98046875 0.101388888889 0.0390625 0.10462962963
2 0.972135416667 0.328703703704 0.0557291666667 0.111111111111
2 0.924739583333 0.228240740741 0.0682291666667 0.0787037037037
2 0.95859375 0.643055555556 0.0744791666667 0.087962962963
2 0.80546875 0.724537037037 0.0671875 0.0787037037037
2 0.733333333333 0.631481481481 0.0583333333333 0.0648148148148
2 0.8765625 0.733333333333 0.0739583333333 0.0796296296296
2 0.953385416667 0.730092592593 0.0744791666667 0.075
2 0.965885416667 0.858333333333 0.0619791666667 0.109259259259
2 0.960677083333 0.946759259259 0.0588541666667 0.0731481481481
2 0.534635416667 0.86712962963 0.0536458333333 0.0842592592593
2 0.2265625 0.773611111111 0.034375 0.0453703703704
2 0.23515625 0.823148148148 0.0380208333333 0.0518518518519
2 0.219791666667 0.669907407407 0.04375 0.062037037037
2 0.165104166667 0.681944444444 0.0395833333333 0.0675925925926
2 0.115885416667 0.674537037037 0.0442708333333 0.075
2 0.101302083333 0.501851851852 0.0442708333333 0.0703703703704
2 0.0604166666667 0.493981481481 0.0395833333333 0.0712962962963
2 0.01640625 0.505092592593 0.0338541666667 0.0583333333333
2 0.152864583333 0.495833333333 0.0401041666667 0.0638888888889
2 0.200520833333 0.505555555556 0.0479166666667 0.087037037037
2 0.0479166666667 0.304166666667 0.0333333333333 0.0824074074074
2 0.0140625 0.320833333333 0.0291666666667 0.108333333333
2 0.0114583333333 0.22962962963 0.0239583333333 0.087037037037
2 0.0424479166667 0.218055555556 0.0369791666667 0.0638888888889
2 0.0776041666667 0.221759259259 0.03125 0.0787037037037
2 0.120833333333 0.226851851852 0.0447916666667 0.0555555555556
2 0.164583333333 0.227314814815 0.0395833333333 0.0564814814815
2 0.202083333333 0.213888888889 0.034375 0.0703703703704
2 0.301302083333 0.324074074074 0.0588541666667 0.12962962963
2 0.312760416667 0.526388888889 0.0536458333333 0.10462962963
2 0.434635416667 0.23287037037 0.0828125 0.0564814814815
2 0.4078125 0.8375 0.078125 0.0638888888889
2 0.286458333333 0.915740740741 0.0260416666667 0.0574074074074
2 0.22109375 0.925462962963 0.0307291666667 0.0657407407407
2 0.186458333333 0.823148148148 0.0479166666667 0.0574074074074
2 0.27734375 0.625462962963 0.0359375 0.100925925926
2 0.08828125 0.948148148148 0.0598958333333 0.0574074074074
