1 0.0375 0.200520833333 0.0768518518519 0.141666666667
1 0.110185185185 0.2109375 0.087037037037 0.122916666667
1 0.216203703704 0.204947916667 0.0972222222222 0.1390625
1 0.295833333333 0.20859375 0.0898148148148 0.131770833333
1 0.366666666667 0.207552083333 0.0796296296296 0.1390625
1 0.430092592593 0.214322916667 0.0638888888889 0.125520833333
1 0.501388888889 0.216666666667 0.0953703703704 0.120833333333
1 0.610185185185 0.21796875 0.0907407407407 0.127604166667
1 0.688425925926 0.216145833333 0.0787037037037 0.133333333333
1 0.767592592593 0.220833333333 0.0925925925926 0.133333333333
1 0.839814814815 0.217708333333 0.0722222222222 0.136458333333
1 0.910648148148 0.22421875 0.0953703703704 0.130729166667
1 0.972222222222 0.238541666667 0.0537037037037 0.109375
1 0.0611111111111 0.387239583333 0.087037037037 0.119270833333
1 0.139351851852 0.385677083333 0.0787037037037 0.125520833333
1 0.284259259259 0.3796875 0.0925925925926 0.14375
1 0.353240740741 0.381770833333 0.0787037037037 0.146875
1 0.413888888889 0.382552083333 0.0722222222222 0.149479166667
1 0.47037037037 0.383854166667 0.0740740740741 0.146875
1 0.538425925926 0.38515625 0.0861111111111 0.147395833333
1 0.62037037037 0.386197916667 0.087037037037 0.1359375
1 0.7 0.38671875 0.0722222222222 0.1484375
1 0.761574074074 0.396614583333 0.0731481481481 0.1171875
1 0.814351851852 0.398958333333 0.0824074074074 0.119791666667
1 0.908796296296 0.402864583333 0.0824074074074 0.108854166667
1 0.96712962963 0.40625 0.0638888888889 0.113541666667
1 0.0310185185185 0.563802083333 0.0638888888889 0.127604166667
1 0.101388888889 0.5640625 0.0842592592593 0.134375
1 0.227777777778 0.54765625 0.0703703703704 0.127604166667
1 0.269907407407 0.555729166667 0.0805555555556 0.136458333333
1 0.345833333333 0.55390625 0.0842592592593 0.1359375
1 0.41712962963 0.556510416667 0.0861111111111 0.1421875
1 0.472685185185 0.549479166667 0.075 0.135416666667
1 0.540740740741 0.551822916667 0.0740740740741 0.140104166667
1 0.614814814815 0.555989583333 0.087037037037 0.1390625
1 0.703240740741 0.563541666667 0.0824074074074 0.135416666667
1 0.764351851852 0.562239583333 0.0787037037037 0.1171875
1 0.840740740741 0.553645833333 0.0907407407407 0.113541666667
1 0.903703703704 0.565625 0.0851851851852 0.1125
1 0.964351851852 0.56640625 0.0694444444444 0.108854166667
1 0.0375 0.705208333333 0.0768518518519 0.104166666667
1 0.0958333333333 0.703385416667 0.062037037037 0.105729166667
1 0.149537037037 0.705208333333 0.0824074074074 0.102083333333
1 0.210185185185 0.704427083333 0.0685185185185 0.0963541666667
1 0.259722222222 0.7125 0.0972222222222 0.123958333333
1 0.355555555556 0.696875 0.0907407407407 0.0833333333333
1 0.431481481481 0.717708333333 0.0833333333333 0.132291666667
1 0.506481481481 0.713802083333 0.0814814814815 0.119270833333
1 0.569444444444 0.711979166667 0.0740740740741 0.122916666667
1 0.646759259259 0.715625 0.087962962963 0.122916666667
1 0.737962962963 0.70859375 0.0703703703704 0.106770833333
1 0.789351851852 0.721354166667 0.0824074074074 0.108333333333
1 0.865740740741 0.721354166667 0.087037037037 0.1
1 0.94212962963 0.72578125 0.0824074074074 0.108854166667
1 0.976388888889 0.728645833333 0.0453703703704 0.110416666667
1 0.0416666666667 0.919791666667 0.0851851851852 0.1125
1 0.252314814815 0.915625 0.112037037037 0.113541666667
1 0.465277777778 0.913541666667 0.110185185185 0.111458333333
1 0.678703703704 0.910416666667 0.107407407407 0.110416666667
1 0.845833333333 0.848697916667 0.0935185185185 0.0880208333333
