1 0.833796296296 0.927864583333 0.108333333333 0.143229166667
1 0.750925925926 0.93125 0.0833333333333 0.136458333333
1 0.655092592593 0.9296875 0.102777777778 0.139583333333
1 0.576388888889 0.925260416667 0.0861111111111 0.1484375
1 0.491203703704 0.926041666667 0.126851851852 0.146875
1 0.378703703704 0.936197916667 0.0925925925926 0.125520833333
1 0.331018518519 0.9375 0.102777777778 0.123958333333
1 0.252314814815 0.933854166667 0.0675925925926 0.127083333333
1 0.196759259259 0.93359375 0.075 0.130729166667
1 0.138425925926 0.933072916667 0.062037037037 0.1328125
1 0.0777777777778 0.93359375 0.0648148148148 0.1234375
1 0.0328703703704 0.927604166667 0.062037037037 0.139583333333
1 0.931018518519 0.933333333333 0.0990740740741 0.132291666667
1 0.163888888889 0.24140625 0.087037037037 0.0984375
1 0.249074074074 0.243229166667 0.0925925925926 0.0979166666667
1 0.336574074074 0.245052083333 0.102777777778 0.102604166667
1 0.519907407407 0.252083333333 0.0916666666667 0.0822916666667
1 0.594907407407 0.253645833333 0.0842592592593 0.0833333333333
1 0.662962962963 0.254166666667 0.0925925925926 0.0822916666667
1 0.739351851852 0.258854166667 0.0972222222222 0.084375
1 0.860185185185 0.18671875 0.0925925925926 0.0765625
1 0.944907407407 0.182291666667 0.0972222222222 0.0822916666667
1 0.811111111111 0.260677083333 0.0888888888889 0.0859375
1 0.875925925926 0.258333333333 0.087037037037 0.08125
1 0.956944444444 0.26171875 0.0842592592593 0.0838541666667
1 0.0282407407407 0.395833333333 0.0583333333333 0.132291666667
1 0.0791666666667 0.39765625 0.0787037037037 0.130729166667
1 0.131944444444 0.39765625 0.0842592592593 0.1359375
1 0.206018518519 0.398697916667 0.0768518518519 0.138020833333
1 0.267592592593 0.401302083333 0.0722222222222 0.140104166667
1 0.338425925926 0.405208333333 0.0990740740741 0.141666666667
1 0.425462962963 0.40234375 0.0990740740741 0.1359375
1 0.581481481481 0.37265625 0.087037037037 0.0765625
1 0.574537037037 0.447916666667 0.0638888888889 0.071875
1 0.786111111111 0.452083333333 0.0722222222222 0.0802083333333
1 0.919444444444 0.4203125 0.107407407407 0.134375
1 0.97037037037 0.425520833333 0.0574074074074 0.146875
1 0.0444444444444 0.59921875 0.0907407407407 0.1265625
1 0.12962962963 0.590625 0.0722222222222 0.122916666667
1 0.168981481481 0.59609375 0.0731481481481 0.127604166667
1 0.221296296296 0.60546875 0.087037037037 0.1296875
1 0.286574074074 0.596354166667 0.0805555555556 0.136458333333
1 0.35 0.602083333333 0.0722222222222 0.130208333333
1 0.416203703704 0.597916666667 0.0768518518519 0.135416666667
1 0.472685185185 0.571875 0.075 0.130208333333
1 0.560185185185 0.574739583333 0.0925925925926 0.1359375
1 0.666203703704 0.582291666667 0.0898148148148 0.134375
1 0.739814814815 0.58359375 0.0907407407407 0.1390625
1 0.899537037037 0.591145833333 0.10462962963 0.133333333333
1 0.958333333333 0.588802083333 0.0814814814815 0.1265625
1 0.0189814814815 0.769270833333 0.0398148148148 0.129166666667
1 0.0643518518519 0.769791666667 0.0805555555556 0.125
1 0.128240740741 0.773958333333 0.0805555555556 0.123958333333
1 0.188425925926 0.77578125 0.075 0.118229166667
1 0.247222222222 0.775520833333 0.0851851851852 0.125
1 0.305555555556 0.776302083333 0.0703703703704 0.119270833333
1 0.373611111111 0.777864583333 0.0824074074074 0.127604166667
1 0.444444444444 0.740885416667 0.105555555556 0.1390625
1 0.584722222222 0.745833333333 0.0842592592593 0.125
1 0.663888888889 0.745572916667 0.0907407407407 0.1203125
1 0.743055555556 0.76171875 0.0805555555556 0.127604166667
1 0.814351851852 0.76171875 0.0824074074074 0.1296875
1 0.883333333333 0.779166666667 0.0888888888889 0.120833333333
1 0.943055555556 0.75625 0.087962962963 0.115625
