1 0.0814814814815 0.196354166667 0.0944444444444 0.1375
1 0.15787037037 0.19921875 0.0824074074074 0.1390625
1 0.234259259259 0.202864583333 0.0703703703704 0.136979166667
1 0.306018518519 0.214322916667 0.075 0.116145833333
1 0.412962962963 0.21328125 0.087037037037 0.133854166667
1 0.493055555556 0.213802083333 0.0916666666667 0.130729166667
1 0.576851851852 0.215104166667 0.0759259259259 0.1375
1 0.634259259259 0.220833333333 0.0722222222222 0.123958333333
1 0.698611111111 0.227083333333 0.0787037037037 0.122916666667
1 0.803703703704 0.229427083333 0.103703703704 0.127604166667
1 0.884259259259 0.229427083333 0.0666666666667 0.127604166667
1 0.95787037037 0.23046875 0.0824074074074 0.134895833333
1 0.126851851852 0.384895833333 0.0833333333333 0.121875
1 0.237037037037 0.3828125 0.0722222222222 0.1125
1 0.310185185185 0.38671875 0.0907407407407 0.118229166667
1 0.42037037037 0.38203125 0.0759259259259 0.1296875
1 0.464351851852 0.380208333333 0.0861111111111 0.144791666667
1 0.542592592593 0.38515625 0.0703703703704 0.144270833333
1 0.595833333333 0.389583333333 0.0787037037037 0.146875
1 0.643518518519 0.38828125 0.0666666666667 0.138020833333
1 0.716203703704 0.392447916667 0.0842592592593 0.141145833333
1 0.7875 0.390885416667 0.075 0.1359375
1 0.865740740741 0.392447916667 0.0907407407407 0.141145833333
1 0.962037037037 0.406510416667 0.0740740740741 0.116145833333
1 0.0351851851852 0.5546875 0.0722222222222 0.0583333333333
1 0.0393518518519 0.603125 0.0805555555556 0.053125
1 0.114351851852 0.547135416667 0.0953703703704 0.115104166667
1 0.188888888889 0.557552083333 0.0907407407407 0.1265625
1 0.272685185185 0.561458333333 0.0953703703704 0.122916666667
1 0.392592592593 0.545052083333 0.0777777777778 0.130729166667
1 0.439351851852 0.552864583333 0.0787037037037 0.128645833333
1 0.508796296296 0.553125 0.0768518518519 0.135416666667
1 0.57962962963 0.55625 0.0740740740741 0.13125
1 0.631018518519 0.551041666667 0.062037037037 0.130208333333
1 0.690740740741 0.553385416667 0.0740740740741 0.125520833333
1 0.776388888889 0.561979166667 0.0805555555556 0.133333333333
1 0.8625 0.565625 0.0805555555556 0.135416666667
1 0.928240740741 0.570052083333 0.0768518518519 0.1171875
1 0.973611111111 0.569010416667 0.0509259259259 0.1078125
1 0.128240740741 0.698697916667 0.0805555555556 0.103645833333
1 0.193518518519 0.697916666667 0.0722222222222 0.102083333333
1 0.244907407407 0.696354166667 0.0638888888889 0.0989583333333
1 0.302777777778 0.700520833333 0.0759259259259 0.1
1 0.406944444444 0.709375 0.102777777778 0.123958333333
1 0.493981481481 0.691145833333 0.0842592592593 0.0854166666667
1 0.582407407407 0.7140625 0.0851851851852 0.122916666667
1 0.65462962963 0.710416666667 0.0759259259259 0.1125
1 0.721296296296 0.71328125 0.0740740740741 0.116145833333
1 0.798611111111 0.717708333333 0.0675925925926 0.122916666667
1 0.878240740741 0.711458333333 0.0787037037037 0.105208333333
1 0.927314814815 0.727083333333 0.0861111111111 0.10625
1 0.975462962963 0.724739583333 0.0472222222222 0.1109375
1 0.185648148148 0.90234375 0.113888888889 0.115104166667
1 0.393518518519 0.90625 0.109259259259 0.111458333333
1 0.600462962963 0.909375 0.115740740741 0.110416666667
1 0.812037037037 0.909375 0.111111111111 0.105208333333
1 0.956018518519 0.859635416667 0.0861111111111 0.0963541666667
