4 0.0189814814815 0.1921875 0.0398148148148 0.0791666666667
4 0.0217592592593 0.26484375 0.0453703703704 0.0703125
4 0.0217592592593 0.361197916667 0.0453703703704 0.0671875
4 0.0231481481481 0.423697916667 0.0481481481481 0.0671875
4 0.0282407407407 0.549739583333 0.0583333333333 0.118229166667
4 0.0342592592593 0.68125 0.0703703703704 0.13125
2 0.0402777777778 0.8046875 0.0824074074074 0.113541666667
2 0.196759259259 0.06328125 0.132407407407 0.105729166667
2 0.280555555556 0.0559895833333 0.125925925926 0.113020833333
2 0.41712962963 0.0489583333333 0.186111111111 0.0989583333333
2 0.624537037037 0.04609375 0.267592592593 0.0932291666667
2 0.864351851852 0.0432291666667 0.265740740741 0.0875
2 0.237962962963 0.158072916667 0.161111111111 0.0963541666667
2 0.401388888889 0.15 0.19537037037 0.1125
2 0.607407407407 0.151822916667 0.257407407407 0.125520833333
2 0.860185185185 0.144791666667 0.277777777778 0.136458333333
2 0.219444444444 0.2953125 0.185185185185 0.113541666667
2 0.401388888889 0.30625 0.191666666667 0.135416666667
2 0.238888888889 0.397135416667 0.162962962963 0.1109375
2 0.388888888889 0.4109375 0.183333333333 0.120833333333
2 0.61712962963 0.328385416667 0.230555555556 0.1421875
2 0.851851851852 0.357291666667 0.294444444444 0.175
2 0.966203703704 0.51015625 0.0657407407407 0.138020833333
2 0.575462962963 0.444010416667 0.213888888889 0.1453125
2 0.808333333333 0.478385416667 0.292592592593 0.152604166667
2 0.215277777778 0.58046875 0.169444444444 0.1078125
2 0.340740740741 0.6328125 0.205555555556 0.123958333333
2 0.526851851852 0.598697916667 0.257407407407 0.1484375
2 0.525 0.7015625 0.203703703704 0.132291666667
2 0.802777777778 0.6546875 0.287037037037 0.172916666667
2 0.723148148148 0.7546875 0.218518518519 0.176041666667
2 0.912962962963 0.80234375 0.172222222222 0.224479166667
2 0.209722222222 0.7359375 0.193518518519 0.158333333333
2 0.352314814815 0.796614583333 0.175 0.159895833333
2 0.523148148148 0.863020833333 0.166666666667 0.179166666667
2 0.710185185185 0.91875 0.274074074074 0.161458333333
2 0.90462962963 0.96328125 0.188888888889 0.0723958333333
2 0.215277777778 0.868489583333 0.173148148148 0.1390625
2 0.352314814815 0.93046875 0.191666666667 0.138020833333
2 0.507407407407 0.969791666667 0.161111111111 0.059375
