1 0.050462962963 0.148177083333 0.0824074074074 0.106770833333
1 0.122685185185 0.144270833333 0.102777777778 0.1125
1 0.197685185185 0.14296875 0.0972222222222 0.105729166667
1 0.266666666667 0.144270833333 0.0944444444444 0.114583333333
1 0.327777777778 0.147135416667 0.0722222222222 0.108854166667
1 0.384259259259 0.1484375 0.0703703703704 0.102083333333
1 0.541666666667 0.146614583333 0.0888888888889 0.1078125
1 0.609259259259 0.14609375 0.0759259259259 0.0973958333333
1 0.665740740741 0.147135416667 0.0703703703704 0.0973958333333
1 0.721296296296 0.148958333333 0.0703703703704 0.0916666666667
1 0.78287037037 0.149479166667 0.062037037037 0.090625
1 0.843055555556 0.15078125 0.0787037037037 0.0953125
1 0.922222222222 0.14296875 0.0722222222222 0.105729166667
1 0.971296296296 0.134895833333 0.0555555555556 0.114583333333
1 0.0217592592593 0.531510416667 0.0453703703704 0.159895833333
1 0.0814814814815 0.534375 0.0907407407407 0.146875
1 0.14537037037 0.530208333333 0.0740740740741 0.14375
1 0.196759259259 0.530989583333 0.0861111111111 0.147395833333
1 0.257407407407 0.5359375 0.0888888888889 0.145833333333
1 0.324537037037 0.53671875 0.0824074074074 0.149479166667
1 0.593055555556 0.5453125 0.0768518518519 0.14375
1 0.66712962963 0.545833333333 0.0805555555556 0.146875
1 0.737962962963 0.54765625 0.0703703703704 0.150520833333
1 0.799537037037 0.545833333333 0.0787037037037 0.154166666667
1 0.867592592593 0.547135416667 0.0777777777778 0.1515625
1 0.939351851852 0.54375 0.0787037037037 0.144791666667
1 0.0324074074074 0.709114583333 0.0666666666667 0.1328125
1 0.0847222222222 0.709114583333 0.0972222222222 0.1359375
1 0.175 0.718489583333 0.0925925925926 0.140104166667
1 0.237037037037 0.713802083333 0.0759259259259 0.140104166667
1 0.319444444444 0.721354166667 0.105555555556 0.145833333333
1 0.702777777778 0.720052083333 0.0907407407407 0.150520833333
1 0.813425925926 0.719010416667 0.0805555555556 0.1390625
1 0.940740740741 0.71484375 0.105555555556 0.121354166667
1 0.863425925926 0.7171875 0.075 0.13125
1 0.0518518518519 0.844010416667 0.0685185185185 0.0713541666667
1 0.168055555556 0.854947916667 0.0916666666667 0.0942708333333
1 0.258333333333 0.890104166667 0.107407407407 0.145833333333
1 0.356481481481 0.892447916667 0.105555555556 0.146354166667
1 0.481481481481 0.879947916667 0.109259259259 0.1296875
1 0.563888888889 0.870572916667 0.0888888888889 0.106770833333
1 0.663888888889 0.87265625 0.1 0.0973958333333
1 0.931481481481 0.91640625 0.114814814815 0.165104166667
