2 0.1140625 0.0939814814815 0.0791666666667 0.0990740740741
2 0.186458333333 0.0949074074074 0.0677083333333 0.0861111111111
2 0.257291666667 0.0986111111111 0.0697916666667 0.0935185185185
2 0.409375 0.0912037037037 0.090625 0.119444444444
2 0.125 0.196759259259 0.084375 0.0935185185185
2 0.19375 0.19212962963 0.0614583333333 0.087962962963
2 0.2609375 0.181018518519 0.0708333333333 0.0990740740741
2 0.341666666667 0.184722222222 0.0760416666667 0.0990740740741
2 0.414583333333 0.189351851852 0.0760416666667 0.0972222222222
2 0.488020833333 0.179166666667 0.0708333333333 0.110185185185
2 0.564583333333 0.18287037037 0.0864583333333 0.110185185185
2 0.633333333333 0.0837962962963 0.0802083333333 0.119444444444
2 0.638541666667 0.179166666667 0.0802083333333 0.106481481481
2 0.715104166667 0.0819444444444 0.0895833333333 0.108333333333
2 0.713541666667 0.176388888889 0.071875 0.0972222222222
2 0.7953125 0.0708333333333 0.0895833333333 0.10462962963
2 0.7875 0.170833333333 0.0864583333333 0.112037037037
2 0.871875 0.173611111111 0.0760416666667 0.106481481481
2 0.959375 0.0680555555556 0.0802083333333 0.125
2 0.955208333333 0.16712962963 0.0885416666667 0.100925925926
2 0.945833333333 0.389351851852 0.0864583333333 0.108333333333
2 0.865625 0.298611111111 0.0927083333333 0.0972222222222
2 0.8578125 0.395833333333 0.0791666666667 0.0768518518519
2 0.780729166667 0.388425925926 0.0791666666667 0.0731481481481
2 0.722395833333 0.308796296296 0.0791666666667 0.0842592592593
2 0.704166666667 0.386574074074 0.078125 0.0805555555556
2 0.6375 0.306018518519 0.0822916666667 0.0935185185185
2 0.6328125 0.391203703704 0.0708333333333 0.0935185185185
2 0.561979166667 0.381944444444 0.08125 0.0898148148148
2 0.491666666667 0.300462962963 0.0802083333333 0.075
2 0.484895833333 0.381018518519 0.0708333333333 0.0842592592593
2 0.416145833333 0.3125 0.0791666666667 0.087962962963
2 0.411979166667 0.3875 0.0791666666667 0.0824074074074
2 0.336979166667 0.381018518519 0.0770833333333 0.102777777778
2 0.265104166667 0.374537037037 0.08125 0.108333333333
2 0.274479166667 0.547685185185 0.0791666666667 0.15462962963
2 0.348958333333 0.560648148148 0.0739583333333 0.0953703703704
2 0.4125 0.574537037037 0.071875 0.115740740741
2 0.490625 0.568055555556 0.0697916666667 0.113888888889
2 0.5640625 0.556018518519 0.0645833333333 0.123148148148
2 0.6296875 0.588888888889 0.0729166666667 0.0796296296296
2 0.703645833333 0.512037037037 0.075 0.0851851851852
2 0.628645833333 0.497685185185 0.06875 0.0805555555556
2 0.6984375 0.581944444444 0.0708333333333 0.0712962962963
2 0.775 0.508796296296 0.078125 0.0731481481481
2 0.7703125 0.584722222222 0.0833333333333 0.0731481481481
2 0.852083333333 0.500462962963 0.0760416666667 0.0861111111111
2 0.85 0.581944444444 0.0739583333333 0.075
2 0.931770833333 0.501388888889 0.0770833333333 0.0990740740741
2 0.923958333333 0.58287037037 0.078125 0.0805555555556
2 0.917708333333 0.697685185185 0.0822916666667 0.102777777778
2 0.917708333333 0.793981481481 0.0822916666667 0.0990740740741
2 0.8421875 0.701388888889 0.075 0.102777777778
2 0.841145833333 0.800462962963 0.08125 0.0787037037037
2 0.769791666667 0.703240740741 0.0802083333333 0.125
2 0.7703125 0.803240740741 0.0791666666667 0.0731481481481
2 0.699479166667 0.700462962963 0.08125 0.126851851852
2 0.692708333333 0.791203703704 0.065625 0.0824074074074
2 0.630208333333 0.699537037037 0.0697916666667 0.0990740740741
2 0.631770833333 0.791203703704 0.075 0.0824074074074
2 0.565104166667 0.778240740741 0.0875 0.126851851852
2 0.491145833333 0.777314814815 0.0770833333333 0.106481481481
2 0.422395833333 0.776388888889 0.08125 0.10462962963
2 0.3484375 0.69212962963 0.08125 0.0916666666667
2 0.3484375 0.785648148148 0.0666666666667 0.0824074074074
2 0.284895833333 0.776388888889 0.0729166666667 0.0898148148148
2 0.277083333333 0.686574074074 0.0697916666667 0.0916666666667
2 0.216666666667 0.762962962963 0.0677083333333 0.135185185185
2 0.1671875 0.760648148148 0.075 0.125
2 0.317708333333 0.930092592593 0.078125 0.100925925926
2 0.422395833333 0.90787037037 0.0833333333333 0.10462962963
2 0.5 0.902314814815 0.065625 0.100925925926
2 0.56953125 0.904166666667 0.0692708333333 0.102777777778
2 0.640625 0.911574074074 0.065625 0.123148148148
2 0.707291666667 0.910648148148 0.0864583333333 0.110185185185
2 0.7796875 0.909722222222 0.0708333333333 0.108333333333
2 0.8453125 0.911574074074 0.0729166666667 0.112037037037
2 0.913541666667 0.909722222222 0.0677083333333 0.100925925926
2 0.0322916666667 0.0851851851852 0.0416666666667 0.0833333333333
2 0.0377604166667 0.166666666667 0.0380208333333 0.0796296296296
2 0.0380208333333 0.367592592593 0.046875 0.0777777777778
2 0.0307291666667 0.279166666667 0.0375 0.062037037037
2 0.233072916667 0.9625 0.0776041666667 0.0731481481481
2 0.944010416667 0.299074074074 0.0651041666667 0.0666666666667
2 0.868489583333 0.0759259259259 0.0619791666667 0.062962962963
2 0.78125 0.30787037037 0.0458333333333 0.0824074074074
2 0.261979166667 0.297685185185 0.08125 0.0453703703704
2 0.98046875 0.576388888889 0.0338541666667 0.0916666666667
2 0.978385416667 0.712962962963 0.0380208333333 0.111111111111
2 0.980989583333 0.802777777778 0.0359375 0.0796296296296
2 0.775260416667 0.98287037037 0.0661458333333 0.0324074074074
2 0.70859375 0.984722222222 0.0671875 0.0287037037037
2 0.56953125 0.978703703704 0.0661458333333 0.0407407407407
2 0.500520833333 0.971296296296 0.0625 0.0555555555556
2 0.434375 0.975925925926 0.0666666666667 0.0425925925926
2 0.244791666667 0.887962962963 0.0604166666667 0.0574074074074
2 0.169010416667 0.956481481481 0.0515625 0.0851851851852
2 0.113541666667 0.868518518519 0.0479166666667 0.0703703703704
2 0.071875 0.812962962963 0.040625 0.0388888888889
2 0.0736979166667 0.8625 0.0276041666667 0.0583333333333
2 0.0322916666667 0.864814814815 0.0385416666667 0.0574074074074
2 0.0278645833333 0.813888888889 0.0390625 0.0388888888889
2 0.0125 0.666666666667 0.0260416666667 0.0666666666667
2 0.0125 0.727777777778 0.025 0.0611111111111
2 0.06015625 0.658333333333 0.0484375 0.0574074074074
2 0.0666666666667 0.719907407407 0.0447916666667 0.0509259259259
2 0.03671875 0.490740740741 0.0526041666667 0.0685185185185
2 0.0359375 0.556944444444 0.0416666666667 0.062037037037
2 0.0921875 0.972222222222 0.0572916666667 0.0481481481481
2 0.209114583333 0.576851851852 0.0557291666667 0.0962962962963
2 0.12890625 0.389351851852 0.0828125 0.121296296296
2 0.558854166667 0.686111111111 0.0666666666667 0.0666666666667
2 0.493489583333 0.686574074074 0.0598958333333 0.0638888888889
2 0.371614583333 0.906944444444 0.0390625 0.0842592592593
2 0.973177083333 0.952314814815 0.0453125 0.0935185185185
2 0.20078125 0.375 0.0578125 0.138888888889
2 0.150260416667 0.553240740741 0.0515625 0.137962962963
