1 0.177314814815 0.138541666667 0.0564814814815 0.0822916666667
1 0.223611111111 0.140885416667 0.062037037037 0.0869791666667
1 0.270833333333 0.14140625 0.062037037037 0.0838541666667
1 0.316203703704 0.13984375 0.0490740740741 0.0869791666667
1 0.355555555556 0.139583333333 0.0537037037037 0.0916666666667
1 0.399537037037 0.1375 0.0564814814815 0.0916666666667
1 0.430555555556 0.13515625 0.0518518518519 0.1078125
1 0.48287037037 0.129166666667 0.0824074074074 0.110416666667
1 0.571296296296 0.136197916667 0.0833333333333 0.100520833333
1 0.649537037037 0.134375 0.0916666666667 0.102083333333
1 0.722222222222 0.14375 0.0722222222222 0.08125
1 0.790277777778 0.1390625 0.100925925926 0.0927083333333
1 0.908796296296 0.14140625 0.112037037037 0.0901041666667
1 0.969444444444 0.1390625 0.0592592592593 0.0947916666667
1 0.0453703703704 0.319010416667 0.0925925925926 0.130729166667
1 0.101388888889 0.325520833333 0.0768518518519 0.120833333333
1 0.158796296296 0.32890625 0.0768518518519 0.1296875
1 0.226851851852 0.33359375 0.0888888888889 0.136979166667
1 0.294444444444 0.335416666667 0.0925925925926 0.133333333333
1 0.39537037037 0.334635416667 0.0888888888889 0.1390625
1 0.525 0.332291666667 0.105555555556 0.14375
1 0.604166666667 0.336458333333 0.0916666666667 0.146875
1 0.681481481481 0.339322916667 0.105555555556 0.1484375
1 0.769907407407 0.337760416667 0.0805555555556 0.149479166667
1 0.844444444444 0.3421875 0.0759259259259 0.15625
1 0.916203703704 0.338802083333 0.0768518518519 0.149479166667
1 0.974537037037 0.338802083333 0.0490740740741 0.149479166667
1 0.025 0.540104166667 0.0518518518519 0.126041666667
1 0.0805555555556 0.539583333333 0.0851851851852 0.132291666667
1 0.14212962963 0.54765625 0.0805555555556 0.1203125
1 0.219444444444 0.549479166667 0.0833333333333 0.121875
1 0.284722222222 0.554166666667 0.0842592592593 0.123958333333
1 0.370833333333 0.54453125 0.0768518518519 0.1078125
1 0.432407407407 0.532552083333 0.0759259259259 0.1046875
1 0.494444444444 0.533333333333 0.0685185185185 0.1125
1 0.535648148148 0.55234375 0.0805555555556 0.125520833333
1 0.614814814815 0.557291666667 0.0907407407407 0.123958333333
1 0.690740740741 0.55390625 0.0703703703704 0.130729166667
1 0.759722222222 0.555208333333 0.0768518518519 0.128125
1 0.804166666667 0.569791666667 0.0824074074074 0.136458333333
1 0.864814814815 0.5625 0.0685185185185 0.132291666667
1 0.918055555556 0.56796875 0.0805555555556 0.130729166667
1 0.972685185185 0.573177083333 0.0527777777778 0.136979166667
1 0.0351851851852 0.68125 0.0722222222222 0.101041666667
1 0.0939814814815 0.69453125 0.0916666666667 0.108854166667
1 0.168055555556 0.698697916667 0.075 0.119270833333
1 0.228703703704 0.7078125 0.0814814814815 0.133333333333
1 0.303240740741 0.722395833333 0.100925925926 0.145833333333
1 0.499537037037 0.715364583333 0.0898148148148 0.1203125
1 0.628703703704 0.709635416667 0.087037037037 0.0953125
1 0.750925925926 0.730729166667 0.111111111111 0.127083333333
1 0.868055555556 0.740364583333 0.102777777778 0.1328125
1 0.0638888888889 0.8921875 0.0925925925926 0.0635416666667
1 0.131944444444 0.8984375 0.0768518518519 0.0697916666667
1 0.197685185185 0.90234375 0.0768518518519 0.0682291666667
1 0.264814814815 0.912239583333 0.0833333333333 0.0692708333333
1 0.0351851851852 0.946354166667 0.0722222222222 0.0614583333333
1 0.101388888889 0.948697916667 0.0805555555556 0.0526041666667
1 0.180092592593 0.95390625 0.0787037037037 0.0515625
1 0.248148148148 0.95859375 0.0703703703704 0.0463541666667
1 0.312962962963 0.953125 0.0759259259259 0.059375
1 0.433333333333 0.890104166667 0.0907407407407 0.113541666667
1 0.480092592593 0.915885416667 0.0972222222222 0.143229166667
1 0.553703703704 0.920833333333 0.0925925925926 0.144791666667
1 0.6375 0.901822916667 0.0824074074074 0.108854166667
1 0.791666666667 0.926041666667 0.103703703704 0.14375
1 0.940277777778 0.916927083333 0.117592592593 0.125520833333
