6 0.160185185185 0.2484375 0.125925925926 0.0864583333333
6 0.291203703704 0.245572916667 0.121296296296 0.0828125
6 0.0402777777778 0.253125 0.0824074074074 0.08125
6 0.963888888889 0.237239583333 0.0703703703704 0.106770833333
6 0.0527777777778 0.385416666667 0.107407407407 0.0864583333333
6 0.168518518519 0.3828125 0.125925925926 0.0864583333333
6 0.305555555556 0.383072916667 0.114814814815 0.0786458333333
6 0.0592592592593 0.462239583333 0.114814814815 0.0661458333333
6 0.183333333333 0.456770833333 0.122222222222 0.0645833333333
6 0.317592592593 0.45390625 0.124074074074 0.0682291666667
6 0.423611111111 0.43359375 0.0898148148148 0.130729166667
6 0.497222222222 0.4359375 0.0685185185185 0.128125
6 0.577314814815 0.4359375 0.075 0.130208333333
6 0.661574074074 0.43359375 0.075 0.130729166667
6 0.739814814815 0.43515625 0.0833333333333 0.124479166667
6 0.819444444444 0.434635416667 0.0814814814815 0.125520833333
6 0.89537037037 0.45078125 0.0851851851852 0.0932291666667
6 0.96712962963 0.450260416667 0.0638888888889 0.0848958333333
6 0.966203703704 0.361458333333 0.0657407407407 0.0979166666667
6 0.431944444444 0.61796875 0.106481481481 0.158854166667
6 0.54212962963 0.622395833333 0.115740740741 0.153125
6 0.638425925926 0.61640625 0.0916666666667 0.1578125
6 0.738888888889 0.622395833333 0.114814814815 0.159375
6 0.847685185185 0.624479166667 0.117592592593 0.153125
6 0.946296296296 0.638020833333 0.101851851852 0.138541666667
6 0.391666666667 0.939322916667 0.174074074074 0.0494791666667
6 0.603240740741 0.928385416667 0.162037037037 0.0505208333333
6 0.82037037037 0.951302083333 0.185185185185 0.0401041666667
