4 0.10787037037 0.232291666667 0.173148148148 0.13125
4 0.30462962963 0.237239583333 0.177777777778 0.155729166667
4 0.482407407407 0.245833333333 0.168518518519 0.144791666667
4 0.647685185185 0.241666666667 0.149074074074 0.132291666667
4 0.933333333333 0.243489583333 0.131481481481 0.0817708333333
4 0.808333333333 0.38984375 0.192592592593 0.1484375
4 0.62037037037 0.396354166667 0.190740740741 0.139583333333
4 0.443055555556 0.390885416667 0.163888888889 0.130729166667
4 0.276851851852 0.383072916667 0.164814814815 0.1390625
4 0.0935185185185 0.401822916667 0.17037037037 0.1328125
4 0.0939814814815 0.526041666667 0.141666666667 0.113541666667
4 0.272685185185 0.51171875 0.147222222222 0.108854166667
4 0.605555555556 0.53984375 0.198148148148 0.1453125
4 0.793981481481 0.537239583333 0.200925925926 0.140104166667
4 0.783333333333 0.688020833333 0.194444444444 0.15
4 0.581481481481 0.680729166667 0.17962962963 0.14375
4 0.657407407407 0.845833333333 0.187037037037 0.155208333333
4 0.305092592593 0.786458333333 0.160185185185 0.128125
4 0.120833333333 0.64375 0.152777777778 0.105208333333
4 0.269907407407 0.659114583333 0.137962962963 0.119270833333
4 0.407407407407 0.659114583333 0.151851851852 0.1171875
4 0.463888888889 0.772916666667 0.140740740741 0.104166666667
4 0.131481481481 0.840625 0.144444444444 0.10625
4 0.143981481481 0.884895833333 0.0768518518519 0.111458333333
4 0.824537037037 0.843229166667 0.134259259259 0.111458333333
4 0.954166666667 0.85078125 0.0898148148148 0.0984375
4 0.935185185185 0.690625 0.127777777778 0.120833333333
