1 0.120833333333 0.10625 0.230555555556 0.213541666667
1 0.270833333333 0.10625 0.165740740741 0.213541666667
1 0.375925925926 0.10234375 0.148148148148 0.205729166667
1 0.630092592593 0.0809895833333 0.0805555555556 0.163020833333
1 0.669907407407 0.0809895833333 0.0583333333333 0.163020833333
1 0.70787037037 0.0809895833333 0.0601851851852 0.163020833333
1 0.765740740741 0.0815104166667 0.0648148148148 0.1640625
1 0.802777777778 0.0809895833333 0.0648148148148 0.163020833333
1 0.847222222222 0.08359375 0.05 0.1671875
1 0.8875 0.0921875 0.0601851851852 0.15
1 0.924074074074 0.0950520833333 0.0555555555556 0.146354166667
1 0.959259259259 0.096875 0.0555555555556 0.144791666667
1 0.0703703703704 0.482291666667 0.142592592593 0.330208333333
1 0.202777777778 0.437760416667 0.185185185185 0.2828125
1 0.29537037037 0.420833333333 0.148148148148 0.260416666667
1 0.450925925926 0.407552083333 0.17962962963 0.2640625
1 0.562037037037 0.334114583333 0.0962962962963 0.163020833333
1 0.621296296296 0.319791666667 0.0740740740741 0.157291666667
1 0.674074074074 0.311458333333 0.0703703703704 0.153125
1 0.710185185185 0.30390625 0.0444444444444 0.149479166667
1 0.744907407407 0.2953125 0.0638888888889 0.134375
1 0.795833333333 0.28984375 0.0657407407407 0.1296875
1 0.0453703703704 0.88984375 0.0925925925926 0.219270833333
1 0.125925925926 0.847916666667 0.133333333333 0.228125
1 0.211111111111 0.8015625 0.131481481481 0.216666666667
1 0.549074074074 0.541927083333 0.0777777777778 0.1546875
1 0.614814814815 0.5234375 0.0703703703704 0.14375
1 0.392592592593 0.938020833333 0.0944444444444 0.122916666667
1 0.451851851852 0.90625 0.0703703703704 0.113541666667
1 0.513888888889 0.869270833333 0.103703703704 0.132291666667
