4 0.0791666666667 0.09609375 0.160185185185 0.1171875
4 0.324074074074 0.11328125 0.246296296296 0.134895833333
4 0.529166666667 0.145572916667 0.191666666667 0.108854166667
4 0.696296296296 0.161979166667 0.153703703704 0.0947916666667
4 0.823611111111 0.180729166667 0.132407407407 0.0791666666667
4 0.940740740741 0.19609375 0.116666666667 0.0744791666667
4 0.102777777778 0.246614583333 0.205555555556 0.0734375
4 0.15 0.311458333333 0.159259259259 0.071875
4 0.443518518519 0.307552083333 0.235185185185 0.0963541666667
4 0.622222222222 0.31328125 0.17037037037 0.0942708333333
4 0.784259259259 0.314583333333 0.168518518519 0.0802083333333
4 0.923148148148 0.31875 0.140740740741 0.0697916666667
4 0.123611111111 0.459375 0.249074074074 0.13125
4 0.375925925926 0.414583333333 0.12962962963 0.0541666666667
4 0.499537037037 0.407291666667 0.162037037037 0.0541666666667
4 0.372685185185 0.476302083333 0.128703703704 0.0588541666667
4 0.516203703704 0.466927083333 0.162037037037 0.0588541666667
4 0.654166666667 0.404947916667 0.165740740741 0.0494791666667
4 0.660648148148 0.455989583333 0.14537037037 0.0588541666667
4 0.780092592593 0.402083333333 0.137962962963 0.0479166666667
4 0.785185185185 0.452083333333 0.114814814815 0.0552083333333
4 0.90462962963 0.398958333333 0.138888888889 0.0395833333333
4 0.894444444444 0.440625 0.122222222222 0.05625
4 0.136574074074 0.627604166667 0.193518518519 0.144791666667
4 0.0875 0.808854166667 0.176851851852 0.139583333333
4 0.122222222222 0.9515625 0.246296296296 0.096875
4 0.313888888889 0.613541666667 0.131481481481 0.113541666667
4 0.43287037037 0.589583333333 0.150925925926 0.0947916666667
4 0.534722222222 0.586458333333 0.121296296296 0.09375
4 0.638425925926 0.574739583333 0.10462962963 0.0838541666667
4 0.725462962963 0.570052083333 0.108333333333 0.0692708333333
4 0.813888888889 0.561197916667 0.1 0.0776041666667
4 0.887962962963 0.550260416667 0.0925925925926 0.0682291666667
4 0.948148148148 0.540104166667 0.0944444444444 0.0625
4 0.3 0.772395833333 0.159259259259 0.123958333333
4 0.446296296296 0.729166666667 0.140740740741 0.129166666667
4 0.566203703704 0.700260416667 0.130555555556 0.108854166667
4 0.662962962963 0.687760416667 0.111111111111 0.102604166667
4 0.75462962963 0.67109375 0.1 0.0932291666667
4 0.844444444444 0.653645833333 0.0944444444444 0.0875
4 0.931481481481 0.642708333333 0.0981481481481 0.0958333333333
4 0.47037037037 0.88203125 0.203703703704 0.1453125
4 0.634722222222 0.830989583333 0.162037037037 0.1328125
4 0.774074074074 0.80078125 0.142592592593 0.119270833333
4 0.875462962963 0.766927083333 0.0824074074074 0.103645833333
