4 0.0699074074074 0.12578125 0.0898148148148 0.143229166667
4 0.143055555556 0.12578125 0.087962962963 0.143229166667
4 0.223611111111 0.129427083333 0.0916666666667 0.1390625
4 0.289814814815 0.134114583333 0.0814814814815 0.131770833333
4 0.355555555556 0.134114583333 0.0777777777778 0.131770833333
4 0.42962962963 0.136458333333 0.0851851851852 0.129166666667
4 0.493518518519 0.138020833333 0.0814814814815 0.121875
4 0.566203703704 0.141927083333 0.0842592592593 0.127604166667
4 0.633796296296 0.142447916667 0.062037037037 0.1171875
4 0.690277777778 0.1421875 0.0768518518519 0.113541666667
4 0.75462962963 0.144791666667 0.0796296296296 0.121875
4 0.866203703704 0.152083333333 0.0638888888889 0.107291666667
4 0.930092592593 0.15078125 0.062037037037 0.109895833333
4 0.0722222222222 0.303125 0.0944444444444 0.0979166666667
4 0.139814814815 0.299479166667 0.0851851851852 0.0958333333333
4 0.215277777778 0.30078125 0.0787037037037 0.0932291666667
4 0.281481481481 0.301302083333 0.0814814814815 0.0942708333333
4 0.347222222222 0.301302083333 0.0722222222222 0.0921875
4 0.411111111111 0.299739583333 0.0814814814815 0.0911458333333
4 0.477314814815 0.30078125 0.0787037037037 0.0911458333333
4 0.538425925926 0.298958333333 0.075 0.0895833333333
4 0.0615740740741 0.446614583333 0.0768518518519 0.0901041666667
4 0.132407407407 0.446875 0.0759259259259 0.0875
4 0.197222222222 0.443229166667 0.0685185185185 0.0895833333333
4 0.260648148148 0.440104166667 0.0768518518519 0.0885416666667
4 0.317592592593 0.440625 0.0685185185185 0.0854166666667
4 0.383333333333 0.437760416667 0.0648148148148 0.0838541666667
4 0.444907407407 0.438020833333 0.0731481481481 0.0885416666667
4 0.505092592593 0.434895833333 0.062037037037 0.0916666666667
4 0.770833333333 0.297395833333 0.0731481481481 0.0864583333333
4 0.603240740741 0.29765625 0.0638888888889 0.0828125
4 0.556944444444 0.433854166667 0.0472222222222 0.0895833333333
4 0.641666666667 0.431770833333 0.0685185185185 0.0864583333333
4 0.731944444444 0.4265625 0.062037037037 0.0875
4 0.777314814815 0.428125 0.0472222222222 0.08125
4 0.0430555555556 0.58125 0.087962962963 0.0822916666667
4 0.106944444444 0.577083333333 0.075 0.08125
4 0.175462962963 0.5734375 0.0731481481481 0.0791666666667
4 0.23287037037 0.5734375 0.0731481481481 0.0770833333333
4 0.288888888889 0.569791666667 0.0666666666667 0.0791666666667
4 0.350462962963 0.566927083333 0.0712962962963 0.0776041666667
4 0.414351851852 0.562239583333 0.075 0.0796875
4 0.477314814815 0.562760416667 0.0583333333333 0.0838541666667
4 0.531481481481 0.56015625 0.0648148148148 0.0765625
4 0.578703703704 0.55859375 0.05 0.0755208333333
4 0.623611111111 0.55625 0.062037037037 0.0708333333333
4 0.673148148148 0.555208333333 0.0685185185185 0.0729166666667
4 0.726388888889 0.554947916667 0.0601851851852 0.0682291666667
4 0.904166666667 0.544270833333 0.0675925925926 0.0802083333333
4 0.965277777778 0.540885416667 0.0601851851852 0.0776041666667
4 0.0240740740741 0.704947916667 0.05 0.0734375
4 0.0805555555556 0.698958333333 0.0777777777778 0.0708333333333
4 0.148611111111 0.694270833333 0.0731481481481 0.0760416666667
4 0.208796296296 0.690104166667 0.0712962962963 0.0739583333333
4 0.273148148148 0.685677083333 0.0722222222222 0.0755208333333
4 0.339814814815 0.68359375 0.062962962963 0.0734375
4 0.390740740741 0.680729166667 0.0703703703704 0.071875
4 0.447685185185 0.677083333333 0.0712962962963 0.071875
4 0.508333333333 0.672916666667 0.0648148148148 0.0708333333333
4 0.556481481481 0.670572916667 0.0648148148148 0.0682291666667
4 0.596759259259 0.670052083333 0.0601851851852 0.0671875
4 0.648148148148 0.665625 0.0555555555556 0.0729166666667
4 0.702777777778 0.662239583333 0.0611111111111 0.0661458333333
4 0.751388888889 0.656770833333 0.0601851851852 0.0645833333333
4 0.805555555556 0.662760416667 0.062962962963 0.0598958333333
4 0.899537037037 0.654427083333 0.0694444444444 0.0765625
4 0.94537037037 0.64765625 0.0537037037037 0.0661458333333
4 0.0638888888889 0.82578125 0.0814814814815 0.0932291666667
4 0.125925925926 0.820833333333 0.0796296296296 0.0958333333333
4 0.189351851852 0.814583333333 0.062037037037 0.0895833333333
4 0.250925925926 0.809114583333 0.062962962963 0.0859375
4 0.306018518519 0.804427083333 0.0657407407407 0.0859375
4 0.366203703704 0.802604166667 0.0731481481481 0.0875
4 0.421759259259 0.791927083333 0.0601851851852 0.0848958333333
4 0.474074074074 0.79765625 0.0648148148148 0.0921875
4 0.525 0.793229166667 0.0518518518519 0.0875
4 0.565740740741 0.790364583333 0.0555555555556 0.0859375
4 0.609259259259 0.7859375 0.0518518518519 0.0875
4 0.658333333333 0.78046875 0.0555555555556 0.0838541666667
4 0.706481481481 0.777864583333 0.0574074074074 0.0848958333333
4 0.756018518519 0.774479166667 0.0601851851852 0.0864583333333
4 0.82037037037 0.765625 0.05 0.0854166666667
4 0.877314814815 0.764322916667 0.0583333333333 0.0828125
4 0.932407407407 0.765885416667 0.0574074074074 0.0776041666667
4 0.974537037037 0.760677083333 0.0490740740741 0.0859375
