4 0.236111111111 0.241145833333 0.142592592593 0.103125
4 0.4 0.223958333333 0.153703703704 0.096875
4 0.565277777778 0.242447916667 0.123148148148 0.115104166667
4 0.733796296296 0.239583333333 0.171296296296 0.130208333333
4 0.877314814815 0.244791666667 0.137962962963 0.129166666667
4 0.425462962963 0.385677083333 0.152777777778 0.0921875
4 0.255092592593 0.39296875 0.150925925926 0.0848958333333
4 0.0824074074074 0.403125 0.166666666667 0.1625
4 0.0800925925926 0.567447916667 0.162037037037 0.165104166667
4 0.0972222222222 0.719270833333 0.196296296296 0.159375
4 0.0453703703704 0.889583333333 0.0925925925926 0.163541666667
4 0.57037037037 0.402604166667 0.138888888889 0.10625
4 0.723611111111 0.388541666667 0.119444444444 0.104166666667
4 0.883333333333 0.391927083333 0.125925925926 0.108854166667
4 0.715740740741 0.566927083333 0.124074074074 0.1234375
4 0.863888888889 0.575 0.0981481481481 0.130208333333
4 0.446759259259 0.552083333333 0.152777777778 0.119791666667
4 0.284259259259 0.538541666667 0.157407407407 0.113541666667
4 0.284722222222 0.71796875 0.160185185185 0.1421875
4 0.440277777778 0.73359375 0.178703703704 0.140104166667
4 0.619907407407 0.732291666667 0.178703703704 0.144791666667
4 0.788425925926 0.71328125 0.147222222222 0.134895833333
4 0.928240740741 0.71875 0.141666666667 0.133333333333
4 0.778240740741 0.832291666667 0.134259259259 0.10625
4 0.623611111111 0.84375 0.137962962963 0.0885416666667
4 0.918518518519 0.873177083333 0.161111111111 0.0848958333333
4 0.180555555556 0.903385416667 0.161111111111 0.0953125
4 0.34212962963 0.88671875 0.150925925926 0.1078125
4 0.4375 0.864583333333 0.117592592593 0.104166666667
