0 0.104166666667 0.139583333333 0.0953703703704 0.114583333333
0 0.180092592593 0.138020833333 0.0990740740741 0.113541666667
0 0.261574074074 0.131510416667 0.110185185185 0.121354166667
0 0.33287037037 0.130729166667 0.0953703703704 0.122916666667
0 0.409722222222 0.12578125 0.0972222222222 0.128645833333
0 0.487962962963 0.119791666667 0.105555555556 0.123958333333
0 0.55787037037 0.1203125 0.0805555555556 0.122916666667
0 0.617592592593 0.120572916667 0.101851851852 0.125520833333
0 0.704166666667 0.117708333333 0.0935185185185 0.121875
0 0.782407407407 0.114583333333 0.0888888888889 0.122916666667
0 0.853240740741 0.111197916667 0.0861111111111 0.125520833333
0 0.914814814815 0.112239583333 0.0944444444444 0.118229166667
0 0.971296296296 0.107291666667 0.0555555555556 0.1375
0 0.133796296296 0.301041666667 0.100925925926 0.111458333333
0 0.208333333333 0.29765625 0.109259259259 0.1109375
0 0.291666666667 0.298177083333 0.103703703704 0.109895833333
0 0.367592592593 0.2984375 0.103703703704 0.1125
0 0.439814814815 0.299479166667 0.0907407407407 0.110416666667
0 0.514814814815 0.295833333333 0.101851851852 0.114583333333
0 0.582407407407 0.2953125 0.0925925925926 0.111458333333
0 0.650462962963 0.290104166667 0.0805555555556 0.108333333333
0 0.718518518519 0.289583333333 0.0888888888889 0.115625
0 0.790277777778 0.287239583333 0.100925925926 0.1140625
0 0.860185185185 0.28359375 0.0722222222222 0.116145833333
0 0.931481481481 0.277864583333 0.0944444444444 0.125520833333
0 0.218518518519 0.426302083333 0.0925925925926 0.0765625
0 0.304166666667 0.426822916667 0.106481481481 0.0755208333333
0 0.169444444444 0.49453125 0.0962962962963 0.0598958333333
0 0.239814814815 0.48984375 0.087037037037 0.0671875
0 0.313888888889 0.488802083333 0.111111111111 0.0651041666667
0 0.4375 0.4625 0.0953703703704 0.121875
0 0.50462962963 0.4609375 0.0851851851852 0.113541666667
0 0.574537037037 0.459895833333 0.0842592592593 0.127083333333
0 0.652777777778 0.456770833333 0.0925925925926 0.110416666667
0 0.726851851852 0.455989583333 0.0851851851852 0.106770833333
0 0.790277777778 0.454427083333 0.0842592592593 0.115104166667
0 0.875925925926 0.444791666667 0.0944444444444 0.111458333333
0 0.951851851852 0.440885416667 0.0944444444444 0.109895833333
0 0.0393518518519 0.6234375 0.0805555555556 0.103125
0 0.0990740740741 0.617708333333 0.0925925925926 0.101041666667
0 0.17962962963 0.61484375 0.0888888888889 0.1046875
0 0.251388888889 0.6125 0.0805555555556 0.1
0 0.311111111111 0.613020833333 0.0925925925926 0.0989583333333
0 0.372222222222 0.615885416667 0.0944444444444 0.108854166667
0 0.441666666667 0.61484375 0.087037037037 0.108854166667
0 0.505555555556 0.611197916667 0.087037037037 0.0994791666667
0 0.577314814815 0.61015625 0.075 0.1046875
0 0.643518518519 0.61015625 0.0814814814815 0.106770833333
0 0.70787037037 0.608854166667 0.0768518518519 0.102083333333
0 0.769907407407 0.6078125 0.0842592592593 0.1
0 0.835648148148 0.604427083333 0.0805555555556 0.1046875
0 0.905555555556 0.604947916667 0.0888888888889 0.0963541666667
0 0.966203703704 0.60390625 0.0657407407407 0.1078125
0 0.0541666666667 0.749479166667 0.0972222222222 0.09375
0 0.133333333333 0.744010416667 0.087037037037 0.0869791666667
0 0.231018518519 0.7484375 0.087962962963 0.103125
0 0.291666666667 0.7484375 0.0814814814815 0.0958333333333
0 0.356018518519 0.746614583333 0.0768518518519 0.0953125
0 0.411574074074 0.744270833333 0.0768518518519 0.090625
0 0.476851851852 0.74453125 0.0740740740741 0.0953125
0 0.536111111111 0.7421875 0.0703703703704 0.0927083333333
0 0.608333333333 0.74140625 0.0777777777778 0.0942708333333
0 0.736111111111 0.7109375 0.0740740740741 0.0645833333333
0 0.802777777778 0.714322916667 0.0722222222222 0.0630208333333
0 0.861574074074 0.712760416667 0.0824074074074 0.0661458333333
0 0.741203703704 0.758333333333 0.0842592592593 0.0489583333333
0 0.806944444444 0.762239583333 0.0675925925926 0.0526041666667
0 0.869444444444 0.758854166667 0.0740740740741 0.0541666666667
0 0.929166666667 0.749739583333 0.062037037037 0.0567708333333
0 0.974537037037 0.749739583333 0.0490740740741 0.0640625
0 0.248611111111 0.9421875 0.0787037037037 0.1
0 0.318981481481 0.942708333333 0.0805555555556 0.101041666667
0 0.383796296296 0.940104166667 0.0787037037037 0.1
0 0.446296296296 0.939583333333 0.0740740740741 0.1125
0 0.505555555556 0.940625 0.087037037037 0.105208333333
0 0.57037037037 0.930729166667 0.0722222222222 0.10625
0 0.623611111111 0.923177083333 0.0805555555556 0.105729166667
0 0.686574074074 0.934114583333 0.0916666666667 0.0973958333333
0 0.760648148148 0.93125 0.0916666666667 0.0989583333333
0 0.81712962963 0.9046875 0.0731481481481 0.0916666666667
0 0.886111111111 0.902864583333 0.0703703703704 0.0994791666667
0 0.956018518519 0.8984375 0.0861111111111 0.090625
