1 0.0310185185185 0.233854166667 0.0638888888889 0.1
1 0.0898148148148 0.233333333333 0.0777777777778 0.101041666667
1 0.147222222222 0.232291666667 0.0740740740741 0.101041666667
1 0.206018518519 0.233333333333 0.0675925925926 0.101041666667
1 0.263425925926 0.234375 0.0805555555556 0.101041666667
1 0.32962962963 0.234635416667 0.0722222222222 0.0963541666667
1 0.37962962963 0.240885416667 0.0537037037037 0.0880208333333
1 0.425 0.236197916667 0.0703703703704 0.0953125
1 0.531481481481 0.247916666667 0.0888888888889 0.0604166666667
1 0.686574074074 0.2484375 0.0787037037037 0.0614583333333
1 0.812962962963 0.254166666667 0.0851851851852 0.0520833333333
1 0.90462962963 0.249739583333 0.0833333333333 0.0546875
1 0.0532407407407 0.38203125 0.0824074074074 0.1203125
1 0.125 0.381510416667 0.087037037037 0.119270833333
1 0.2 0.381510416667 0.0851851851852 0.121354166667
1 0.301388888889 0.383333333333 0.062037037037 0.120833333333
1 0.255555555556 0.384375 0.0592592592593 0.115625
1 0.35 0.378645833333 0.0685185185185 0.111458333333
1 0.418055555556 0.385677083333 0.087962962963 0.1203125
1 0.502314814815 0.3828125 0.0675925925926 0.121875
1 0.559722222222 0.38515625 0.0638888888889 0.119270833333
1 0.620833333333 0.383333333333 0.062037037037 0.120833333333
1 0.678240740741 0.384895833333 0.075 0.123958333333
1 0.733796296296 0.384895833333 0.0490740740741 0.114583333333
1 0.785185185185 0.380729166667 0.0703703703704 0.122916666667
1 0.843981481481 0.392447916667 0.0675925925926 0.106770833333
1 0.933333333333 0.3921875 0.0740740740741 0.1125
1 0.974537037037 0.39375 0.0490740740741 0.111458333333
1 0.0611111111111 0.56953125 0.0944444444444 0.118229166667
1 0.169907407407 0.5625 0.0824074074074 0.113541666667
1 0.250462962963 0.565625 0.0657407407407 0.114583333333
1 0.33287037037 0.56953125 0.0787037037037 0.118229166667
1 0.406944444444 0.559114583333 0.0824074074074 0.108854166667
1 0.45787037037 0.535416666667 0.0787037037037 0.103125
1 0.536574074074 0.557552083333 0.062037037037 0.1171875
1 0.5875 0.558854166667 0.062037037037 0.1125
1 0.644444444444 0.562760416667 0.0648148148148 0.116145833333
1 0.691666666667 0.555729166667 0.0518518518519 0.104166666667
1 0.736111111111 0.554947916667 0.0666666666667 0.1078125
1 0.800925925926 0.568489583333 0.0722222222222 0.0994791666667
1 0.8625 0.568489583333 0.0675925925926 0.1015625
1 0.915277777778 0.569010416667 0.062037037037 0.100520833333
1 0.966203703704 0.576041666667 0.0657407407407 0.105208333333
1 0.0231481481481 0.703385416667 0.0481481481481 0.109895833333
1 0.0731481481481 0.702083333333 0.0740740740741 0.110416666667
1 0.151851851852 0.711979166667 0.0907407407407 0.127083333333
1 0.219444444444 0.703125 0.0907407407407 0.101041666667
1 0.285185185185 0.702083333333 0.0833333333333 0.103125
1 0.351388888889 0.716666666667 0.0953703703704 0.130208333333
1 0.432407407407 0.70390625 0.0814814814815 0.106770833333
1 0.494444444444 0.704947916667 0.0685185185185 0.108854166667
1 0.560185185185 0.720833333333 0.0888888888889 0.128125
1 0.64537037037 0.697916666667 0.0703703703704 0.0927083333333
1 0.703240740741 0.696875 0.0583333333333 0.0947916666667
1 0.753703703704 0.705208333333 0.0722222222222 0.102083333333
1 0.825462962963 0.718489583333 0.0935185185185 0.1265625
1 0.929166666667 0.717708333333 0.0953703703704 0.120833333333
1 0.0259259259259 0.872916666667 0.0537037037037 0.14375
1 0.0939814814815 0.880989583333 0.0916666666667 0.141145833333
1 0.176388888889 0.87578125 0.0787037037037 0.138020833333
1 0.253240740741 0.878645833333 0.0972222222222 0.145833333333
1 0.337037037037 0.886458333333 0.0944444444444 0.15625
1 0.417592592593 0.870572916667 0.0888888888889 0.1296875
1 0.547685185185 0.882291666667 0.100925925926 0.145833333333
1 0.628703703704 0.8578125 0.087037037037 0.104166666667
1 0.714351851852 0.858333333333 0.0842592592593 0.103125
1 0.791666666667 0.877864583333 0.103703703704 0.138020833333
1 0.88287037037 0.883333333333 0.0972222222222 0.151041666667
1 0.958333333333 0.8765625 0.0814814814815 0.145833333333
