6 0.133333333333 0.91328125 0.157407407407 0.0848958333333
6 0.428703703704 0.291145833333 0.116666666667 0.0791666666667
6 0.551388888889 0.2953125 0.113888888889 0.0802083333333
6 0.674074074074 0.294791666667 0.122222222222 0.0791666666667
6 0.804166666667 0.297135416667 0.115740740741 0.0765625
6 0.925 0.301302083333 0.111111111111 0.0755208333333
6 0.445833333333 0.472135416667 0.10462962963 0.0744791666667
6 0.55462962963 0.475260416667 0.0944444444444 0.0848958333333
6 0.651851851852 0.477604166667 0.0981481481481 0.0802083333333
6 0.762962962963 0.4828125 0.112962962963 0.0791666666667
6 0.901851851852 0.48046875 0.114814814815 0.0765625
6 0.413888888889 0.64921875 0.105555555556 0.0828125
6 0.523148148148 0.656510416667 0.111111111111 0.0776041666667
6 0.659722222222 0.661979166667 0.10462962963 0.0875
6 0.762037037037 0.672135416667 0.111111111111 0.0765625
6 0.860648148148 0.672916666667 0.100925925926 0.078125
6 0.964814814815 0.679427083333 0.0685185185185 0.0765625
6 0.921759259259 0.61796875 0.143518518519 0.0661458333333
6 0.715740740741 0.6140625 0.153703703704 0.071875
6 0.479166666667 0.600260416667 0.134259259259 0.0661458333333
