2 0.534722222222 0.178125 0.243518518519 0.0822916666667
2 0.727314814815 0.06484375 0.247222222222 0.0973958333333
2 0.75462962963 0.171354166667 0.225925925926 0.09375
2 0.13287037037 0.202604166667 0.267592592593 0.0583333333333
2 0.114814814815 0.305208333333 0.231481481481 0.123958333333
2 0.32037037037 0.298177083333 0.235185185185 0.109895833333
2 0.573611111111 0.296614583333 0.247222222222 0.0921875
2 0.796296296296 0.276822916667 0.216666666667 0.0942708333333
2 0.131944444444 0.410416666667 0.265740740741 0.090625
2 0.372685185185 0.38515625 0.260185185185 0.0994791666667
2 0.237962962963 0.527604166667 0.222222222222 0.1
2 0.426851851852 0.501302083333 0.17037037037 0.113020833333
2 0.593518518519 0.473697916667 0.207407407407 0.102604166667
2 0.7875 0.46796875 0.15462962963 0.111979166667
2 0.0717592592593 0.621354166667 0.14537037037 0.102083333333
2 0.805092592593 0.554427083333 0.215740740741 0.0869791666667
2 0.608796296296 0.563020833333 0.200925925926 0.0833333333333
2 0.443518518519 0.58046875 0.161111111111 0.0734375
2 0.260185185185 0.60546875 0.188888888889 0.0609375
2 0.260185185185 0.710677083333 0.231481481481 0.0630208333333
2 0.439351851852 0.680208333333 0.182407407407 0.0822916666667
2 0.631944444444 0.65859375 0.191666666667 0.0942708333333
2 0.806481481481 0.644791666667 0.17037037037 0.0802083333333
2 0.102777777778 0.793229166667 0.207407407407 0.0916666666667
2 0.935185185185 0.455729166667 0.127777777778 0.0822916666667
2 0.949537037037 0.632552083333 0.0990740740741 0.0661458333333
2 0.949537037037 0.6984375 0.0990740740741 0.0708333333333
2 0.812962962963 0.71640625 0.187037037037 0.0765625
2 0.647685185185 0.736197916667 0.173148148148 0.0744791666667
2 0.473611111111 0.75234375 0.178703703704 0.0744791666667
2 0.285185185185 0.769270833333 0.205555555556 0.0520833333333
2 0.0847222222222 0.71328125 0.171296296296 0.0557291666667
2 0.0712962962963 0.528125 0.144444444444 0.08125
2 0.592592592593 0.371875 0.2 0.0697916666667
2 0.767592592593 0.352604166667 0.196296296296 0.06875
2 0.920833333333 0.337760416667 0.156481481481 0.0661458333333
2 0.942592592593 0.259895833333 0.105555555556 0.0729166666667
2 0.918981481481 0.1609375 0.160185185185 0.102083333333
2 0.925 0.0619791666667 0.144444444444 0.101041666667
2 0.121759259259 0.118229166667 0.241666666667 0.111458333333
2 0.312962962963 0.115104166667 0.187037037037 0.1125
