1 0.169907407407 0.121875 0.139814814815 0.117708333333
1 0.298611111111 0.132291666667 0.10462962963 0.0927083333333
1 0.375 0.113541666667 0.122222222222 0.130208333333
1 0.475462962963 0.1171875 0.117592592593 0.122916666667
1 0.662037037037 0.111458333333 0.111111111111 0.122916666667
1 0.771759259259 0.104947916667 0.134259259259 0.119270833333
1 0.885185185185 0.101041666667 0.125925925926 0.122916666667
1 0.32962962963 0.348697916667 0.105555555556 0.127604166667
1 0.418055555556 0.345572916667 0.117592592593 0.128645833333
1 0.513888888889 0.3421875 0.127777777778 0.1375
1 0.625 0.33984375 0.127777777778 0.1359375
1 0.731944444444 0.3359375 0.115740740741 0.14375
1 0.847222222222 0.336197916667 0.124074074074 0.138020833333
1 0.950925925926 0.337760416667 0.0962962962963 0.130729166667
1 0.322222222222 0.555729166667 0.157407407407 0.171875
1 0.638425925926 0.566666666667 0.117592592593 0.172916666667
1 0.574074074074 0.55234375 0.0722222222222 0.146354166667
1 0.748148148148 0.566927083333 0.12037037037 0.1703125
1 0.862037037037 0.56328125 0.125925925926 0.163020833333
1 0.960185185185 0.562760416667 0.0777777777778 0.1546875
1 0.312962962963 0.769270833333 0.112962962963 0.142708333333
1 0.410185185185 0.769270833333 0.0888888888889 0.15
1 0.487962962963 0.76796875 0.101851851852 0.147395833333
1 0.580092592593 0.76875 0.102777777778 0.147916666667
1 0.67962962963 0.7734375 0.109259259259 0.153125
1 0.8875 0.736979166667 0.0972222222222 0.1125
1 0.958796296296 0.76640625 0.0805555555556 0.155729166667
1 0.371759259259 0.936979166667 0.132407407407 0.114583333333
1 0.481018518519 0.94296875 0.0990740740741 0.113020833333
1 0.576388888889 0.947135416667 0.117592592593 0.1046875
1 0.7 0.9546875 0.15 0.0895833333333
