1 0.0259259259259 0.116145833333 0.0537037037037 0.102083333333
1 0.0930555555556 0.118229166667 0.0935185185185 0.1
1 0.17962962963 0.1234375 0.105555555556 0.0989583333333
1 0.2625 0.1234375 0.0953703703704 0.0989583333333
1 0.349074074074 0.122916666667 0.0944444444444 0.104166666667
1 0.433796296296 0.122916666667 0.0787037037037 0.102083333333
1 0.50462962963 0.12578125 0.0888888888889 0.0963541666667
1 0.587037037037 0.127604166667 0.0888888888889 0.102083333333
1 0.668981481481 0.130208333333 0.0935185185185 0.101041666667
1 0.748148148148 0.130208333333 0.0907407407407 0.103125
1 0.918055555556 0.13984375 0.0805555555556 0.0776041666667
1 0.0259259259259 0.332291666667 0.0537037037037 0.173958333333
1 0.0680555555556 0.32734375 0.0842592592593 0.181770833333
1 0.147222222222 0.327604166667 0.107407407407 0.185416666667
1 0.237962962963 0.327083333333 0.1 0.177083333333
1 0.318518518519 0.327864583333 0.0907407407407 0.178645833333
1 0.393981481481 0.327083333333 0.0990740740741 0.177083333333
1 0.465277777778 0.32890625 0.0805555555556 0.1765625
1 0.543518518519 0.3265625 0.101851851852 0.173958333333
1 0.630092592593 0.327083333333 0.0805555555556 0.177083333333
1 0.0333333333333 0.547135416667 0.0685185185185 0.158854166667
1 0.0958333333333 0.53671875 0.0824074074074 0.158854166667
1 0.165740740741 0.541145833333 0.087037037037 0.165625
1 0.243981481481 0.5328125 0.0824074074074 0.155208333333
1 0.318981481481 0.530208333333 0.0805555555556 0.153125
1 0.387037037037 0.529166666667 0.0722222222222 0.155208333333
1 0.455092592593 0.5296875 0.0675925925926 0.15625
1 0.572222222222 0.524479166667 0.0648148148148 0.147916666667
1 0.663888888889 0.5203125 0.0777777777778 0.142708333333
1 0.72962962963 0.52265625 0.0666666666667 0.147395833333
1 0.806944444444 0.542708333333 0.0972222222222 0.165625
1 0.881481481481 0.547395833333 0.0722222222222 0.15625
1 0.939814814815 0.54375 0.0574074074074 0.142708333333
1 0.0300925925926 0.745052083333 0.062037037037 0.147395833333
1 0.130092592593 0.73359375 0.0935185185185 0.149479166667
1 0.202777777778 0.732291666667 0.0666666666667 0.152083333333
1 0.268055555556 0.733072916667 0.0805555555556 0.150520833333
1 0.328703703704 0.720052083333 0.0703703703704 0.1296875
1 0.490277777778 0.716145833333 0.0712962962963 0.13125
1 0.587962962963 0.716666666667 0.0740740740741 0.136458333333
1 0.661111111111 0.711979166667 0.0685185185185 0.125
1 0.727777777778 0.709635416667 0.0740740740741 0.108854166667
1 0.803703703704 0.709114583333 0.0740740740741 0.1171875
1 0.865277777778 0.700520833333 0.062037037037 0.090625
1 0.943518518519 0.70859375 0.087037037037 0.118229166667
1 0.0972222222222 0.92109375 0.153703703704 0.149479166667
1 0.224537037037 0.89765625 0.110185185185 0.109895833333
1 0.724537037037 0.885677083333 0.10462962963 0.108854166667
1 0.955092592593 0.88125 0.087962962963 0.113541666667
