4 0.311574074074 0.2234375 0.186111111111 0.075
4 0.468518518519 0.221875 0.161111111111 0.078125
4 0.641203703704 0.228125 0.228703703704 0.0802083333333
4 0.864814814815 0.2296875 0.17037037037 0.0833333333333
4 0.878703703704 0.344010416667 0.137037037037 0.0994791666667
4 0.762037037037 0.340104166667 0.122222222222 0.102083333333
4 0.622685185185 0.3390625 0.137962962963 0.09375
4 0.497222222222 0.33984375 0.148148148148 0.0848958333333
4 0.269444444444 0.332291666667 0.133333333333 0.0885416666667
4 0.264814814815 0.452864583333 0.124074074074 0.0890625
4 0.377314814815 0.465104166667 0.163888888889 0.0958333333333
4 0.491666666667 0.468489583333 0.157407407407 0.109895833333
4 0.619444444444 0.4640625 0.142592592593 0.0979166666667
4 0.798611111111 0.461458333333 0.15462962963 0.071875
4 0.914351851852 0.470833333333 0.139814814815 0.090625
4 0.897222222222 0.586458333333 0.148148148148 0.0958333333333
4 0.7625 0.586458333333 0.141666666667 0.103125
4 0.627777777778 0.583333333333 0.138888888889 0.109375
4 0.509259259259 0.5796875 0.12962962963 0.1
4 0.394907407407 0.578645833333 0.136111111111 0.102083333333
4 0.28287037037 0.572395833333 0.117592592593 0.0958333333333
4 0.45787037037 0.694270833333 0.14537037037 0.10625
4 0.588425925926 0.6984375 0.136111111111 0.090625
4 0.172685185185 0.218489583333 0.100925925926 0.0744791666667
4 0.380555555556 0.340885416667 0.116666666667 0.0796875
4 0.175925925926 0.447395833333 0.0851851851852 0.0927083333333
4 0.183333333333 0.566927083333 0.0925925925926 0.0901041666667
4 0.166203703704 0.66796875 0.0546296296296 0.0942708333333
4 0.242592592593 0.677083333333 0.103703703704 0.0927083333333
4 0.338888888889 0.684895833333 0.118518518519 0.0989583333333
4 0.711574074074 0.703645833333 0.102777777778 0.113541666667
4 0.793981481481 0.708072916667 0.0898148148148 0.109895833333
4 0.876388888889 0.715625 0.0935185185185 0.122916666667
4 0.957407407407 0.720052083333 0.0833333333333 0.1171875
4 0.211574074074 0.794270833333 0.102777777778 0.0989583333333
4 0.309259259259 0.800260416667 0.0851851851852 0.0942708333333
4 0.402314814815 0.811458333333 0.0990740740741 0.0979166666667
4 0.494444444444 0.812760416667 0.109259259259 0.100520833333
4 0.591666666667 0.825260416667 0.109259259259 0.106770833333
4 0.70462962963 0.836979166667 0.111111111111 0.0708333333333
4 0.8125 0.837239583333 0.119444444444 0.1015625
4 0.933333333333 0.841927083333 0.131481481481 0.103645833333
