1 0.0791666666667 0.096875 0.0805555555556 0.0958333333333
1 0.136111111111 0.102864583333 0.0740740740741 0.102604166667
1 0.264814814815 0.1046875 0.0740740740741 0.108333333333
1 0.3875 0.0947916666667 0.0916666666667 0.101041666667
1 0.464351851852 0.0940104166667 0.0712962962963 0.0994791666667
1 0.106481481481 0.241666666667 0.103703703704 0.133333333333
1 0.291203703704 0.24375 0.126851851852 0.142708333333
1 0.397222222222 0.240625 0.12962962963 0.128125
1 0.493055555556 0.24296875 0.117592592593 0.133854166667
1 0.0861111111111 0.39296875 0.118518518519 0.119270833333
1 0.176851851852 0.387760416667 0.107407407407 0.118229166667
1 0.280092592593 0.388541666667 0.0935185185185 0.130208333333
1 0.377314814815 0.38515625 0.108333333333 0.1234375
1 0.405092592593 0.515885416667 0.0953703703704 0.102604166667
1 0.315740740741 0.511979166667 0.12037037037 0.10625
1 0.226851851852 0.515625 0.0962962962963 0.105208333333
1 0.137962962963 0.509114583333 0.101851851852 0.1015625
1 0.0453703703704 0.510416666667 0.0925925925926 0.0989583333333
1 0.277314814815 0.646614583333 0.0601851851852 0.1078125
1 0.202777777778 0.637760416667 0.0925925925926 0.1046875
1 0.12962962963 0.632291666667 0.103703703704 0.113541666667
1 0.0453703703704 0.63125 0.0925925925926 0.107291666667
1 0.0259259259259 0.0859375 0.0537037037037 0.127083333333
1 0.205092592593 0.10078125 0.0694444444444 0.0880208333333
1 0.318055555556 0.101041666667 0.0787037037037 0.08125
1 0.535185185185 0.08984375 0.0759259259259 0.0942708333333
1 0.605555555556 0.09296875 0.0759259259259 0.0973958333333
1 0.663888888889 0.0869791666667 0.062962962963 0.0979166666667
1 0.73287037037 0.0888020833333 0.0842592592593 0.0984375
1 0.889814814815 0.147135416667 0.0703703703704 0.0786458333333
1 0.953240740741 0.151302083333 0.0805555555556 0.105729166667
1 0.0310185185185 0.238020833333 0.0638888888889 0.126041666667
1 0.198148148148 0.238541666667 0.112962962963 0.125
1 0.680555555556 0.24453125 0.0703703703704 0.116145833333
1 0.025 0.380989583333 0.0518518518519 0.108854166667
1 0.484722222222 0.381510416667 0.062037037037 0.1078125
1 0.543518518519 0.386197916667 0.0685185185185 0.109895833333
1 0.587962962963 0.386979166667 0.0666666666667 0.102083333333
1 0.648148148148 0.384375 0.0722222222222 0.109375
1 0.485648148148 0.51171875 0.0638888888889 0.0953125
1 0.550462962963 0.512760416667 0.0583333333333 0.0953125
1 0.609259259259 0.510677083333 0.0722222222222 0.0973958333333
1 0.683333333333 0.510677083333 0.0722222222222 0.0994791666667
1 0.940740740741 0.4828125 0.0925925925926 0.125
1 0.974537037037 0.482291666667 0.0490740740741 0.133333333333
1 0.333333333333 0.639583333333 0.0722222222222 0.105208333333
1 0.402314814815 0.642447916667 0.062037037037 0.106770833333
1 0.463888888889 0.646614583333 0.0703703703704 0.105729166667
1 0.533333333333 0.646614583333 0.0685185185185 0.1078125
1 0.592592592593 0.645833333333 0.0685185185185 0.111458333333
1 0.665277777778 0.64609375 0.0805555555556 0.108854166667
1 0.0476851851852 0.795833333333 0.0972222222222 0.126041666667
1 0.14537037037 0.801041666667 0.103703703704 0.122916666667
1 0.25462962963 0.80859375 0.111111111111 0.128645833333
1 0.356944444444 0.807552083333 0.115740740741 0.128645833333
1 0.449537037037 0.810416666667 0.0787037037037 0.113541666667
1 0.554166666667 0.81328125 0.0972222222222 0.115104166667
1 0.660648148148 0.816145833333 0.100925925926 0.113541666667
1 0.752777777778 0.781510416667 0.114814814815 0.0921875
1 0.872685185185 0.800520833333 0.121296296296 0.129166666667
