5 0.0166666666667 0.184114583333 0.0351851851852 0.102604166667
5 0.0680555555556 0.180729166667 0.0768518518519 0.103125
5 0.134259259259 0.181770833333 0.0796296296296 0.107291666667
5 0.198148148148 0.179166666667 0.0833333333333 0.1125
5 0.278240740741 0.177604166667 0.075 0.109375
5 0.333333333333 0.1703125 0.0833333333333 0.113541666667
5 0.407407407407 0.169270833333 0.0833333333333 0.120833333333
5 0.4625 0.178385416667 0.0712962962963 0.100520833333
5 0.513425925926 0.174739583333 0.075 0.1078125
5 0.582407407407 0.175260416667 0.0814814814815 0.103645833333
5 0.653240740741 0.167447916667 0.075 0.111979166667
5 0.710185185185 0.1578125 0.0796296296296 0.129166666667
5 0.786574074074 0.158333333333 0.087962962963 0.130208333333
5 0.837037037037 0.168229166667 0.0703703703704 0.115625
5 0.918981481481 0.159895833333 0.0935185185185 0.130208333333
5 0.0476851851852 0.365104166667 0.087962962963 0.129166666667
5 0.151388888889 0.3609375 0.0916666666667 0.132291666667
5 0.241203703704 0.361458333333 0.0861111111111 0.13125
5 0.316666666667 0.359895833333 0.0925925925926 0.130208333333
5 0.412962962963 0.355729166667 0.0981481481481 0.136458333333
5 0.482407407407 0.354427083333 0.0814814814815 0.1359375
5 0.561111111111 0.356770833333 0.0851851851852 0.138541666667
5 0.656481481481 0.356770833333 0.0814814814815 0.138541666667
5 0.725 0.352083333333 0.0759259259259 0.145833333333
5 0.775 0.350260416667 0.0648148148148 0.1421875
5 0.830092592593 0.349739583333 0.0731481481481 0.141145833333
5 0.898611111111 0.348958333333 0.0787037037037 0.144791666667
5 0.968055555556 0.346614583333 0.062037037037 0.1515625
5 0.0282407407407 0.534635416667 0.0583333333333 0.125520833333
5 0.0861111111111 0.537760416667 0.0833333333333 0.131770833333
5 0.144444444444 0.5328125 0.0518518518519 0.13125
5 0.188888888889 0.536979166667 0.0814814814815 0.128125
5 0.281944444444 0.525260416667 0.0805555555556 0.1203125
5 0.34212962963 0.524739583333 0.0712962962963 0.1171875
5 0.399537037037 0.5234375 0.0787037037037 0.123958333333
5 0.465740740741 0.523177083333 0.0722222222222 0.1171875
5 0.519907407407 0.527083333333 0.062037037037 0.127083333333
5 0.576851851852 0.532291666667 0.0833333333333 0.139583333333
5 0.644907407407 0.526041666667 0.075 0.129166666667
5 0.712962962963 0.529427083333 0.0814814814815 0.133854166667
5 0.786574074074 0.52890625 0.075 0.134895833333
5 0.856481481481 0.53046875 0.0796296296296 0.1359375
5 0.925 0.532552083333 0.0722222222222 0.1421875
5 0.979166666667 0.529427083333 0.0398148148148 0.143229166667
5 0.0462962962963 0.742447916667 0.0944444444444 0.1765625
5 0.127314814815 0.734635416667 0.102777777778 0.175520833333
5 0.240740740741 0.696354166667 0.1 0.114583333333
5 0.372685185185 0.709114583333 0.14537037037 0.141145833333
5 0.506944444444 0.70546875 0.130555555556 0.1484375
5 0.702777777778 0.734375 0.161111111111 0.1625
5 0.889814814815 0.719791666667 0.172222222222 0.188541666667
5 0.115740740741 0.947916666667 0.0796296296296 0.0854166666667
5 0.0486111111111 0.949739583333 0.0731481481481 0.0932291666667
