1 0.0425925925926 0.106770833333 0.087037037037 0.180208333333
1 0.104166666667 0.113020833333 0.123148148148 0.15625
1 0.191666666667 0.116666666667 0.122222222222 0.154166666667
1 0.278240740741 0.118229166667 0.121296296296 0.164583333333
1 0.355092592593 0.1171875 0.112037037037 0.1625
1 0.447685185185 0.113541666667 0.139814814815 0.185416666667
1 0.528703703704 0.11484375 0.111111111111 0.184895833333
1 0.604166666667 0.11796875 0.119444444444 0.184895833333
1 0.699074074074 0.118229166667 0.127777777778 0.198958333333
1 0.789351851852 0.12421875 0.123148148148 0.180729166667
1 0.960185185185 0.134635416667 0.0777777777778 0.169270833333
1 0.0435185185185 0.3 0.0888888888889 0.14375
1 0.107407407407 0.297135416667 0.105555555556 0.156770833333
1 0.178240740741 0.3171875 0.102777777778 0.132291666667
1 0.24212962963 0.317708333333 0.102777777778 0.144791666667
1 0.316666666667 0.3203125 0.0944444444444 0.144791666667
1 0.393981481481 0.329947916667 0.0990740740741 0.1390625
1 0.467592592593 0.3203125 0.0925925925926 0.152083333333
1 0.54537037037 0.323177083333 0.0925925925926 0.159895833333
1 0.693981481481 0.329427083333 0.0972222222222 0.1609375
1 0.770833333333 0.335677083333 0.128703703704 0.159895833333
1 0.8625 0.345572916667 0.15462962963 0.177604166667
1 0.946759259259 0.35078125 0.10462962963 0.178645833333
1 0.0375 0.4578125 0.0768518518519 0.114583333333
1 0.0953703703704 0.459895833333 0.125925925926 0.122916666667
1 0.172222222222 0.472395833333 0.0907407407407 0.10625
1 0.236111111111 0.477083333333 0.0944444444444 0.10625
1 0.296759259259 0.48046875 0.0972222222222 0.1109375
1 0.368518518519 0.484375 0.0888888888889 0.1125
1 0.433333333333 0.485677083333 0.0944444444444 0.1171875
1 0.49537037037 0.4875 0.0907407407407 0.125
1 0.563425925926 0.496354166667 0.0990740740741 0.126041666667
1 0.630092592593 0.502083333333 0.108333333333 0.126041666667
1 0.7 0.505989583333 0.101851851852 0.1296875
1 0.840277777778 0.508333333333 0.137962962963 0.132291666667
1 0.941666666667 0.511458333333 0.114814814815 0.126041666667
1 0.0425925925926 0.600260416667 0.087037037037 0.130729166667
1 0.114351851852 0.60546875 0.136111111111 0.141145833333
1 0.200462962963 0.614322916667 0.121296296296 0.1328125
1 0.29212962963 0.624739583333 0.134259259259 0.140104166667
1 0.390277777778 0.629166666667 0.123148148148 0.15625
1 0.484722222222 0.645833333333 0.119444444444 0.155208333333
1 0.593055555556 0.659895833333 0.121296296296 0.155208333333
1 0.701851851852 0.66796875 0.122222222222 0.155729166667
1 0.824537037037 0.67734375 0.152777777778 0.1484375
1 0.924074074074 0.690625 0.146296296296 0.152083333333
