1 0.926851851852 0.925260416667 0.101851851852 0.1484375
1 0.831018518519 0.921875 0.102777777778 0.155208333333
1 0.265740740741 0.92578125 0.12962962963 0.147395833333
1 0.369907407407 0.92265625 0.117592592593 0.153645833333
1 0.478703703704 0.91953125 0.0925925925926 0.1484375
1 0.561111111111 0.921875 0.111111111111 0.155208333333
1 0.650462962963 0.923177083333 0.0990740740741 0.152604166667
1 0.748148148148 0.921614583333 0.12037037037 0.155729166667
1 0.279166666667 0.113020833333 0.102777777778 0.0708333333333
1 0.39212962963 0.11015625 0.119444444444 0.0838541666667
1 0.507407407407 0.117708333333 0.107407407407 0.06875
1 0.709259259259 0.0841145833333 0.0944444444444 0.138020833333
1 0.0546296296296 0.309895833333 0.103703703704 0.163541666667
1 0.132407407407 0.30625 0.0888888888889 0.161458333333
1 0.206944444444 0.319010416667 0.0990740740741 0.1453125
1 0.295833333333 0.319270833333 0.102777777778 0.154166666667
1 0.367592592593 0.318489583333 0.0907407407407 0.141145833333
1 0.487962962963 0.317708333333 0.101851851852 0.142708333333
1 0.541203703704 0.314322916667 0.0768518518519 0.1359375
1 0.625 0.315104166667 0.0944444444444 0.136458333333
1 0.706481481481 0.316145833333 0.0888888888889 0.136458333333
1 0.833796296296 0.30390625 0.121296296296 0.172395833333
1 0.969444444444 0.316927083333 0.0592592592593 0.1328125
1 0.0643518518519 0.537760416667 0.0972222222222 0.130729166667
1 0.134259259259 0.535416666667 0.0888888888889 0.135416666667
1 0.200925925926 0.551041666667 0.087037037037 0.132291666667
1 0.273148148148 0.549739583333 0.0907407407407 0.127604166667
1 0.340740740741 0.551302083333 0.0740740740741 0.1296875
1 0.400462962963 0.56328125 0.0916666666667 0.130729166667
1 0.498611111111 0.548177083333 0.0805555555556 0.130729166667
1 0.564351851852 0.557552083333 0.087962962963 0.130729166667
1 0.629166666667 0.549479166667 0.0861111111111 0.128125
1 0.702314814815 0.537239583333 0.100925925926 0.143229166667
1 0.778240740741 0.540104166667 0.0842592592593 0.142708333333
1 0.852314814815 0.533854166667 0.0601851851852 0.132291666667
1 0.92037037037 0.54375 0.0796296296296 0.144791666667
1 0.0782407407407 0.7140625 0.0972222222222 0.102083333333
1 0.15787037037 0.70546875 0.0787037037037 0.0984375
1 0.25462962963 0.741666666667 0.140740740741 0.154166666667
1 0.387962962963 0.731770833333 0.107407407407 0.153125
1 0.476388888889 0.719010416667 0.0824074074074 0.125520833333
1 0.557407407407 0.7265625 0.0944444444444 0.123958333333
1 0.641666666667 0.736197916667 0.107407407407 0.146354166667
1 0.748148148148 0.709635416667 0.103703703704 0.0994791666667
1 0.844907407407 0.709635416667 0.0953703703704 0.1046875
1 0.94537037037 0.728385416667 0.107407407407 0.118229166667
1 0.0949074074074 0.901302083333 0.113888888889 0.115104166667
1 0.193055555556 0.903125 0.0861111111111 0.111458333333
