2 0.201851851852 0.195052083333 0.312962962963 0.118229166667
2 0.218518518519 0.0984375 0.27037037037 0.0927083333333
2 0.563888888889 0.205729166667 0.22037037037 0.0916666666667
2 0.853240740741 0.200260416667 0.197222222222 0.106770833333
2 0.938425925926 0.38203125 0.121296296296 0.125520833333
2 0.780092592593 0.386197916667 0.221296296296 0.1359375
2 0.551388888889 0.39140625 0.191666666667 0.0994791666667
2 0.254166666667 0.394270833333 0.243518518519 0.110416666667
2 0.062962962963 0.397395833333 0.12037037037 0.102083333333
2 0.0638888888889 0.602083333333 0.12962962963 0.102083333333
2 0.229166666667 0.569791666667 0.137962962963 0.090625
2 0.416203703704 0.603125 0.208333333333 0.104166666667
2 0.619444444444 0.60859375 0.233333333333 0.0963541666667
2 0.835648148148 0.616927083333 0.232407407407 0.106770833333
2 0.966203703704 0.735677083333 0.0657407407407 0.0890625
2 0.951851851852 0.809375 0.0944444444444 0.0697916666667
2 0.830555555556 0.738020833333 0.211111111111 0.084375
2 0.811111111111 0.807552083333 0.22037037037 0.0755208333333
2 0.6125 0.727083333333 0.206481481481 0.0697916666667
2 0.617592592593 0.794791666667 0.22037037037 0.0822916666667
2 0.440740740741 0.775 0.187037037037 0.0916666666667
2 0.196759259259 0.7328125 0.230555555556 0.0854166666667
2 0.0662037037037 0.79140625 0.134259259259 0.0963541666667
2 0.227777777778 0.805208333333 0.218518518519 0.0802083333333
