2 0.921354166667 0.0388888888889 0.0666666666667 0.0796296296296
2 0.922395833333 0.122685185185 0.0791666666667 0.0935185185185
2 0.8515625 0.119907407407 0.0791666666667 0.0916666666667
2 0.773958333333 0.119907407407 0.0822916666667 0.100925925926
2 0.698958333333 0.119907407407 0.084375 0.0842592592593
2 0.691145833333 0.0324074074074 0.102083333333 0.0666666666667
2 0.625520833333 0.123148148148 0.0770833333333 0.0962962962963
2 0.549479166667 0.0407407407407 0.08125 0.0833333333333
2 0.5453125 0.127314814815 0.0791666666667 0.110185185185
2 0.468229166667 0.0361111111111 0.0854166666667 0.0740740740741
2 0.472395833333 0.113425925926 0.075 0.108333333333
2 0.390625 0.123611111111 0.0822916666667 0.113888888889
2 0.388020833333 0.0324074074074 0.0916666666667 0.0666666666667
2 0.310416666667 0.125925925926 0.084375 0.0907407407407
2 0.225 0.0425925925926 0.0947916666667 0.0759259259259
2 0.2265625 0.131018518519 0.0875 0.117592592593
2 0.1515625 0.125925925926 0.1 0.101851851852
2 0.1375 0.05 0.078125 0.0981481481481
2 0.046875 0.0421296296296 0.0947916666667 0.0842592592593
2 0.0578125 0.131944444444 0.0958333333333 0.0787037037037
2 0.9234375 0.233796296296 0.0729166666667 0.0972222222222
2 0.90625 0.329166666667 0.0760416666667 0.0842592592593
2 0.847395833333 0.243518518519 0.0770833333333 0.107407407407
2 0.839583333333 0.330555555556 0.0822916666667 0.0925925925926
2 0.773958333333 0.24212962963 0.090625 0.0916666666667
2 0.771354166667 0.323611111111 0.08125 0.0916666666667
2 0.700520833333 0.328240740741 0.0958333333333 0.0824074074074
2 0.626041666667 0.247685185185 0.090625 0.087962962963
2 0.622916666667 0.327314814815 0.084375 0.0990740740741
2 0.547916666667 0.248611111111 0.0822916666667 0.0972222222222
2 0.542708333333 0.338425925926 0.084375 0.0842592592593
2 0.475 0.248611111111 0.084375 0.075
2 0.469791666667 0.331018518519 0.078125 0.0916666666667
2 0.3984375 0.329166666667 0.0854166666667 0.113888888889
2 0.319270833333 0.258796296296 0.0895833333333 0.0990740740741
2 0.3171875 0.345833333333 0.08125 0.0842592592593
2 0.241145833333 0.347685185185 0.08125 0.087962962963
2 0.1609375 0.261111111111 0.102083333333 0.0944444444444
2 0.158333333333 0.361574074074 0.101041666667 0.0972222222222
2 0.0708333333333 0.359722222222 0.0864583333333 0.0898148148148
2 0.0661458333333 0.261574074074 0.09375 0.100925925926
2 0.958854166667 0.436111111111 0.08125 0.0851851851852
2 0.8234375 0.515277777778 0.0854166666667 0.0953703703704
2 0.820833333333 0.446759259259 0.0885416666667 0.0712962962963
2 0.761458333333 0.508796296296 0.0635416666667 0.121296296296
2 0.7015625 0.522685185185 0.075 0.0935185185185
2 0.697916666667 0.433796296296 0.0864583333333 0.0675925925926
2 0.621354166667 0.520833333333 0.0791666666667 0.115740740741
2 0.55 0.53287037037 0.0864583333333 0.0953703703704
2 0.551041666667 0.444444444444 0.103125 0.0981481481481
2 0.471875 0.540277777778 0.0760416666667 0.113888888889
2 0.397395833333 0.466203703704 0.0916666666667 0.0916666666667
2 0.394791666667 0.550462962963 0.090625 0.0935185185185
2 0.317708333333 0.559722222222 0.090625 0.075
2 0.3140625 0.469907407407 0.0895833333333 0.087962962963
2 0.241666666667 0.559722222222 0.0802083333333 0.0824074074074
2 0.243229166667 0.471759259259 0.0895833333333 0.062037037037
2 0.161979166667 0.56712962963 0.09375 0.075
2 0.164583333333 0.478240740741 0.103125 0.0638888888889
2 0.0765625 0.476851851852 0.102083333333 0.0851851851852
2 0.0838541666667 0.5625 0.0916666666667 0.102777777778
2 0.103645833333 0.696759259259 0.0895833333333 0.123148148148
2 0.180208333333 0.691203703704 0.0864583333333 0.108333333333
2 0.2484375 0.693981481481 0.0895833333333 0.0916666666667
2 0.321354166667 0.687037037037 0.0791666666667 0.0981481481481
2 0.397916666667 0.684259259259 0.0864583333333 0.114814814815
2 0.477083333333 0.671759259259 0.0885416666667 0.0990740740741
2 0.544791666667 0.668055555556 0.0760416666667 0.0953703703704
2 0.620833333333 0.668055555556 0.0822916666667 0.0916666666667
2 0.688541666667 0.658796296296 0.084375 0.0990740740741
2 0.761979166667 0.648611111111 0.0791666666667 0.0935185185185
2 0.829166666667 0.65 0.0739583333333 0.0981481481481
2 0.89375 0.640277777778 0.078125 0.106481481481
2 0.961979166667 0.630092592593 0.0625 0.0935185185185
2 0.109375 0.78287037037 0.078125 0.0768518518519
2 0.183854166667 0.778240740741 0.0916666666667 0.075
2 0.2609375 0.78287037037 0.0916666666667 0.0768518518519
2 0.323958333333 0.761574074074 0.0822916666667 0.0675925925926
2 0.402083333333 0.770833333333 0.0802083333333 0.0638888888889
2 0.471354166667 0.756018518519 0.0833333333333 0.0712962962963
2 0.541145833333 0.750462962963 0.0729166666667 0.0787037037037
2 0.615104166667 0.75787037037 0.0895833333333 0.075
2 0.683333333333 0.745833333333 0.0739583333333 0.0731481481481
2 0.7546875 0.738888888889 0.0854166666667 0.087037037037
2 0.821354166667 0.731944444444 0.0895833333333 0.0898148148148
2 0.886979166667 0.724537037037 0.0854166666667 0.075
2 0.950520833333 0.722222222222 0.0729166666667 0.0944444444444
2 0.765625 0.872222222222 0.084375 0.112962962963
2 0.6828125 0.881944444444 0.0875 0.119444444444
2 0.823958333333 0.939814814815 0.0927083333333 0.0925925925926
2 0.0364583333333 0.923611111111 0.0739583333333 0.121296296296
2 0.109895833333 0.91712962963 0.08125 0.134259259259
2 0.186979166667 0.901388888889 0.0875 0.128703703704
2 0.263020833333 0.903240740741 0.06875 0.113888888889
2 0.341666666667 0.896759259259 0.0822916666667 0.119444444444
2 0.4140625 0.885648148148 0.075 0.10462962963
2 0.488020833333 0.923611111111 0.0729166666667 0.106481481481
2 0.240625 0.256944444444 0.0625 0.0972222222222
2 0.619791666667 0.0384259259259 0.0541666666667 0.075
2 0.78046875 0.037962962963 0.0796875 0.0703703703704
2 0.858072916667 0.0337962962963 0.0703125 0.0601851851852
2 0.898177083333 0.494444444444 0.0619791666667 0.103703703704
2 0.965885416667 0.506481481481 0.0682291666667 0.0777777777778
2 0.596354166667 0.873148148148 0.0614583333333 0.0907407407407
2 0.541927083333 0.885185185185 0.0401041666667 0.103703703704
2 0.479947916667 0.849537037037 0.0588541666667 0.0416666666667
2 0.409375 0.969444444444 0.0739583333333 0.0592592592593
2 0.334635416667 0.980092592593 0.0671875 0.037962962963
2 0.263802083333 0.97962962963 0.0640625 0.0388888888889
2 0.191927083333 0.984722222222 0.0734375 0.0287037037037
2 0.0356770833333 0.784259259259 0.0713541666667 0.116666666667
2 0.0361979166667 0.683796296296 0.0494791666667 0.0824074074074
2 0.0234375 0.559259259259 0.0447916666667 0.122222222222
2 0.015625 0.356018518519 0.0291666666667 0.119444444444
2 0.473697916667 0.451851851852 0.0567708333333 0.062962962963
2 0.9765625 0.903703703704 0.046875 0.103703703704
2 0.982291666667 0.816666666667 0.0354166666667 0.0648148148148
2 0.313020833333 0.0384259259259 0.0760416666667 0.0768518518519
2 0.399739583333 0.242592592593 0.0703125 0.0759259259259
2 0.701302083333 0.243981481481 0.0567708333333 0.0805555555556
