2 0.156481481481 0.0520833333333 0.314814814815 0.105208333333
2 0.464351851852 0.05546875 0.313888888889 0.111979166667
2 0.736111111111 0.05546875 0.238888888889 0.111979166667
2 0.918981481481 0.05546875 0.160185185185 0.111979166667
2 0.174074074074 0.259635416667 0.333333333333 0.159895833333
2 0.212037037037 0.401822916667 0.290740740741 0.152604166667
2 0.487962962963 0.253645833333 0.298148148148 0.145833333333
2 0.502314814815 0.375260416667 0.258333333333 0.127604166667
2 0.74212962963 0.22890625 0.247222222222 0.1421875
2 0.926851851852 0.215104166667 0.144444444444 0.133333333333
2 0.757407407407 0.342708333333 0.240740740741 0.145833333333
2 0.919907407407 0.330729166667 0.158333333333 0.121875
2 0.0907407407407 0.7046875 0.183333333333 0.220833333333
2 0.24537037037 0.584635416667 0.355555555556 0.1734375
2 0.288425925926 0.680208333333 0.265740740741 0.1125
2 0.524074074074 0.544270833333 0.225925925926 0.155208333333
2 0.521296296296 0.634375 0.240740740741 0.136458333333
2 0.731018518519 0.504947916667 0.219444444444 0.136979166667
2 0.714814814815 0.596354166667 0.166666666667 0.129166666667
2 0.90462962963 0.475520833333 0.188888888889 0.1125
2 0.894444444444 0.568489583333 0.209259259259 0.106770833333
2 0.1125 0.895572916667 0.226851851852 0.202604166667
2 0.340277777778 0.872395833333 0.269444444444 0.114583333333
2 0.333796296296 0.809375 0.265740740741 0.134375
2 0.583796296296 0.756770833333 0.250925925926 0.135416666667
2 0.583796296296 0.83203125 0.226851851852 0.119270833333
2 0.768055555556 0.744270833333 0.187962962963 0.145833333333
2 0.908796296296 0.707552083333 0.180555555556 0.143229166667
2 0.531481481481 0.933072916667 0.216666666667 0.106770833333
2 0.727777777778 0.903125 0.185185185185 0.134375
