4 0.264351851852 0.2109375 0.208333333333 0.0864583333333
4 0.434722222222 0.205729166667 0.173148148148 0.0833333333333
4 0.610185185185 0.20703125 0.198148148148 0.0838541666667
4 0.840740740741 0.210416666667 0.140740740741 0.0885416666667
4 0.946296296296 0.2125 0.105555555556 0.0947916666667
4 0.731944444444 0.32578125 0.141666666667 0.108854166667
4 0.859722222222 0.336979166667 0.147222222222 0.10625
4 0.955555555556 0.3390625 0.087037037037 0.0979166666667
4 0.783796296296 0.456770833333 0.121296296296 0.113541666667
4 0.89537037037 0.452864583333 0.133333333333 0.100520833333
4 0.741666666667 0.57734375 0.133333333333 0.105729166667
4 0.875 0.577604166667 0.144444444444 0.102083333333
4 0.697222222222 0.708072916667 0.103703703704 0.1171875
4 0.787037037037 0.722395833333 0.0944444444444 0.109375
4 0.866666666667 0.72109375 0.0888888888889 0.1015625
4 0.947685185185 0.714583333333 0.102777777778 0.111458333333
4 0.6875 0.830729166667 0.128703703704 0.102083333333
4 0.806944444444 0.84140625 0.137962962963 0.1046875
4 0.92962962963 0.836197916667 0.133333333333 0.102604166667
4 0.579166666667 0.822135416667 0.123148148148 0.1109375
4 0.481481481481 0.819791666667 0.0981481481481 0.102083333333
4 0.384259259259 0.817708333333 0.114814814815 0.096875
4 0.285648148148 0.8109375 0.108333333333 0.0979166666667
4 0.185185185185 0.80546875 0.105555555556 0.1078125
4 0.571296296296 0.702083333333 0.144444444444 0.0927083333333
4 0.437037037037 0.693229166667 0.138888888889 0.102083333333
4 0.311574074074 0.6890625 0.125 0.102083333333
4 0.209259259259 0.685677083333 0.105555555556 0.1015625
4 0.612037037037 0.571614583333 0.133333333333 0.1078125
4 0.475925925926 0.5734375 0.142592592593 0.1
4 0.352777777778 0.56796875 0.127777777778 0.0973958333333
4 0.218981481481 0.5625 0.0916666666667 0.0947916666667
4 0.611574074074 0.4546875 0.132407407407 0.102083333333
4 0.484722222222 0.448958333333 0.152777777778 0.108333333333
4 0.351388888889 0.449479166667 0.143518518519 0.0958333333333
4 0.223611111111 0.447916666667 0.152777777778 0.103125
4 0.589351851852 0.327083333333 0.136111111111 0.0979166666667
4 0.468518518519 0.332552083333 0.142592592593 0.0859375
4 0.342592592593 0.3296875 0.135185185185 0.0854166666667
4 0.224074074074 0.323697916667 0.131481481481 0.0869791666667
4 0.114351851852 0.20625 0.102777777778 0.0802083333333
4 0.0347222222222 0.326822916667 0.0712962962963 0.0744791666667
4 0.0388888888889 0.4265625 0.0796296296296 0.065625
4 0.0421296296296 0.484895833333 0.0861111111111 0.065625
4 0.143981481481 0.566927083333 0.0990740740741 0.0901041666667
4 0.124074074074 0.341666666667 0.0925925925926 0.0541666666667
4 0.966203703704 0.579427083333 0.0657407407407 0.111979166667
4 0.973611111111 0.451041666667 0.0509259259259 0.1
4 0.697685185185 0.45390625 0.0527777777778 0.103645833333
4 0.0481481481481 0.59375 0.0962962962963 0.08125
4 0.049537037037 0.7265625 0.100925925926 0.117708333333
4 0.134722222222 0.683333333333 0.0583333333333 0.0979166666667
4 0.118981481481 0.449479166667 0.0731481481481 0.103125
