4 0.0648148148148 0.162239583333 0.125925925926 0.140104166667
4 0.152314814815 0.162760416667 0.106481481481 0.141145833333
4 0.240277777778 0.161458333333 0.108333333333 0.138541666667
4 0.343981481481 0.167447916667 0.0916666666667 0.115104166667
4 0.409722222222 0.16796875 0.0916666666667 0.1234375
4 0.47962962963 0.165104166667 0.0962962962963 0.119791666667
4 0.575925925926 0.152604166667 0.0944444444444 0.128125
4 0.657407407407 0.152604166667 0.0833333333333 0.1375
4 0.733796296296 0.149739583333 0.0824074074074 0.138020833333
4 0.0305555555556 0.352083333333 0.062962962963 0.1125
4 0.0865740740741 0.350260416667 0.102777777778 0.108854166667
4 0.159259259259 0.345572916667 0.0814814814815 0.118229166667
4 0.225462962963 0.346614583333 0.0916666666667 0.1109375
4 0.297685185185 0.345052083333 0.10462962963 0.100520833333
4 0.367592592593 0.34609375 0.0962962962963 0.102604166667
4 0.440740740741 0.340364583333 0.0814814814815 0.111979166667
4 0.517592592593 0.3390625 0.0833333333333 0.105208333333
4 0.589351851852 0.337239583333 0.0712962962963 0.108854166667
4 0.65787037037 0.33359375 0.0916666666667 0.113020833333
4 0.729166666667 0.334635416667 0.087962962963 0.116145833333
4 0.0240740740741 0.509635416667 0.05 0.0921875
4 0.0893518518519 0.511979166667 0.0898148148148 0.096875
4 0.173611111111 0.509635416667 0.0898148148148 0.0942708333333
4 0.248148148148 0.505729166667 0.0814814814815 0.0958333333333
4 0.34212962963 0.498958333333 0.0916666666667 0.0854166666667
4 0.409722222222 0.495052083333 0.0842592592593 0.0838541666667
4 0.467592592593 0.49296875 0.0685185185185 0.0901041666667
4 0.525925925926 0.491927083333 0.0833333333333 0.0901041666667
4 0.587037037037 0.4890625 0.0666666666667 0.0958333333333
4 0.653703703704 0.485416666667 0.0814814814815 0.0958333333333
4 0.725925925926 0.487760416667 0.0685185185185 0.0932291666667
4 0.0347222222222 0.6578125 0.0712962962963 0.0885416666667
4 0.0912037037037 0.654947916667 0.0861111111111 0.0807291666667
4 0.180092592593 0.652083333333 0.106481481481 0.0864583333333
4 0.255092592593 0.648958333333 0.0842592592593 0.0875
4 0.329166666667 0.64375 0.0916666666667 0.0864583333333
4 0.398148148148 0.64609375 0.0851851851852 0.0859375
4 0.461574074074 0.637239583333 0.0731481481481 0.0828125
4 0.527777777778 0.635416666667 0.0851851851852 0.0791666666667
4 0.594907407407 0.630989583333 0.0768518518519 0.0848958333333
4 0.661574074074 0.629166666667 0.0842592592593 0.0791666666667
4 0.728240740741 0.624739583333 0.0768518518519 0.0817708333333
4 0.0194444444444 0.795572916667 0.0388888888889 0.0901041666667
4 0.0657407407407 0.789583333333 0.0907407407407 0.0802083333333
4 0.159259259259 0.78359375 0.0814814814815 0.0734375
4 0.22037037037 0.778125 0.0851851851852 0.0791666666667
4 0.29212962963 0.772916666667 0.0768518518519 0.0729166666667
4 0.349537037037 0.769791666667 0.0731481481481 0.0770833333333
4 0.422222222222 0.769270833333 0.0833333333333 0.078125
4 0.487962962963 0.76796875 0.0796296296296 0.0734375
4 0.551388888889 0.764583333333 0.0787037037037 0.078125
4 0.612962962963 0.759635416667 0.0703703703704 0.0734375
4 0.673148148148 0.755208333333 0.0814814814815 0.0708333333333
4 0.736574074074 0.754427083333 0.0768518518519 0.0692708333333
4 0.0134259259259 0.92578125 0.0287037037037 0.0890625
4 0.0550925925926 0.928645833333 0.0638888888889 0.096875
4 0.127314814815 0.9265625 0.0861111111111 0.0947916666667
4 0.190740740741 0.91796875 0.0944444444444 0.0921875
4 0.250925925926 0.915625 0.0759259259259 0.096875
4 0.314351851852 0.910416666667 0.075 0.103125
4 0.376851851852 0.907291666667 0.0722222222222 0.096875
4 0.439351851852 0.90078125 0.062037037037 0.0859375
4 0.500462962963 0.896614583333 0.075 0.0942708333333
4 0.563888888889 0.891145833333 0.0796296296296 0.0958333333333
4 0.631018518519 0.888541666667 0.0675925925926 0.096875
4 0.690277777778 0.888020833333 0.0731481481481 0.105208333333
4 0.749537037037 0.88125 0.0768518518519 0.104166666667
