6 0.0158854166667 0.147685185185 0.0328125 0.0953703703704
6 0.0440104166667 0.144444444444 0.0348958333333 0.0907407407407
6 0.0723958333333 0.075 0.0385416666667 0.0925925925926
6 0.109895833333 0.0675925925926 0.0375 0.0851851851852
6 0.0765625 0.151851851852 0.0447916666667 0.0685185185185
6 0.113020833333 0.145833333333 0.0447916666667 0.0768518518519
6 0.15078125 0.143981481481 0.0453125 0.0731481481481
6 0.16328125 0.0643518518519 0.0411458333333 0.0731481481481
6 0.18828125 0.110648148148 0.0411458333333 0.062037037037
6 0.225520833333 0.106944444444 0.0385416666667 0.0583333333333
6 0.256770833333 0.0587962962963 0.04375 0.0657407407407
6 0.259895833333 0.110185185185 0.040625 0.0518518518519
6 0.190885416667 0.160648148148 0.0380208333333 0.0527777777778
6 0.228125 0.153703703704 0.0395833333333 0.0537037037037
6 0.26015625 0.152314814815 0.0338541666667 0.0453703703704
6 0.48515625 0.107407407407 0.0359375 0.0944444444444
6 0.51484375 0.108796296296 0.0296875 0.0953703703704
6 0.53984375 0.108333333333 0.0296875 0.0907407407407
6 0.566666666667 0.10462962963 0.0270833333333 0.0944444444444
6 0.623177083333 0.0986111111111 0.0348958333333 0.0916666666667
6 0.649739583333 0.0981481481481 0.0276041666667 0.0925925925926
6 0.676041666667 0.0972222222222 0.0291666666667 0.0907407407407
6 0.7296875 0.0921296296296 0.0364583333333 0.0990740740741
6 0.759895833333 0.0884259259259 0.028125 0.0972222222222
6 0.84453125 0.0481481481481 0.0338541666667 0.0796296296296
6 0.905989583333 0.0527777777778 0.0411458333333 0.0611111111111
6 0.952083333333 0.0532407407407 0.0489583333333 0.0601851851852
6 0.986979166667 0.0601851851852 0.025 0.122222222222
6 0.953125 0.099537037037 0.05625 0.0435185185185
6 0.0114583333333 0.334259259259 0.0239583333333 0.0888888888889
6 0.0348958333333 0.330555555556 0.028125 0.087037037037
6 0.059375 0.330092592593 0.0291666666667 0.087962962963
6 0.0830729166667 0.328703703704 0.0338541666667 0.0851851851852
6 0.140104166667 0.260185185185 0.04375 0.0777777777778
6 0.19453125 0.258796296296 0.0411458333333 0.0824074074074
6 0.1484375 0.332407407407 0.046875 0.0759259259259
6 0.19609375 0.333333333333 0.0442708333333 0.0759259259259
6 0.226041666667 0.343055555556 0.040625 0.0546296296296
6 0.2625 0.301851851852 0.0385416666667 0.0555555555556
6 0.298958333333 0.301388888889 0.0364583333333 0.0546296296296
6 0.264322916667 0.347685185185 0.0390625 0.0472222222222
6 0.299479166667 0.343981481481 0.040625 0.0453703703704
6 0.726822916667 0.300925925926 0.0296875 0.0962962962963
6 0.764583333333 0.288425925926 0.04375 0.117592592593
6 0.806770833333 0.286574074074 0.046875 0.113888888889
6 0.846354166667 0.25787037037 0.0354166666667 0.0638888888889
6 0.885416666667 0.256944444444 0.0458333333333 0.062037037037
6 0.843229166667 0.31712962963 0.0395833333333 0.0583333333333
6 0.885677083333 0.311111111111 0.0484375 0.0574074074074
6 0.929427083333 0.216203703704 0.0473958333333 0.0657407407407
6 0.9703125 0.218055555556 0.0427083333333 0.0694444444444
6 0.928125 0.268055555556 0.040625 0.0546296296296
6 0.969791666667 0.274537037037 0.0416666666667 0.0546296296296
6 0.927864583333 0.313425925926 0.0411458333333 0.0472222222222
6 0.966927083333 0.310185185185 0.0432291666667 0.0481481481481
6 0.603385416667 0.326851851852 0.0609375 0.0462962962963
6 0.184635416667 0.462962962963 0.0442708333333 0.0814814814815
6 0.190625 0.538888888889 0.0458333333333 0.0722222222222
6 0.225260416667 0.499074074074 0.0296875 0.12962962963
6 0.247395833333 0.493981481481 0.028125 0.126851851852
6 0.265625 0.498611111111 0.0291666666667 0.130555555556
6 0.29453125 0.502777777778 0.0307291666667 0.131481481481
6 0.02109375 0.534722222222 0.0307291666667 0.0842592592593
6 0.0458333333333 0.533796296296 0.025 0.0861111111111
6 0.0669270833333 0.531018518519 0.0255208333333 0.0916666666667
6 0.0919270833333 0.531018518519 0.0286458333333 0.0935185185185
6 0.519010416667 0.254166666667 0.0296875 0.0861111111111
6 0.546354166667 0.254166666667 0.028125 0.0898148148148
6 0.569791666667 0.249074074074 0.028125 0.087037037037
6 0.54765625 0.455555555556 0.0557291666667 0.05
6 0.50390625 0.518981481481 0.0265625 0.087962962963
6 0.52890625 0.521296296296 0.0265625 0.0851851851852
6 0.554947916667 0.522222222222 0.0276041666667 0.0796296296296
6 0.58671875 0.498611111111 0.0213541666667 0.0972222222222
6 0.607552083333 0.5 0.0223958333333 0.0907407407407
6 0.630208333333 0.502314814815 0.0239583333333 0.0898148148148
6 0.672395833333 0.46712962963 0.028125 0.100925925926
6 0.697916666667 0.467592592593 0.0270833333333 0.0962962962963
6 0.725260416667 0.468518518519 0.0286458333333 0.0944444444444
6 0.8640625 0.477777777778 0.0364583333333 0.0703703703704
6 0.863802083333 0.528240740741 0.0359375 0.0583333333333
6 0.90625 0.483333333333 0.046875 0.0574074074074
6 0.948958333333 0.481481481481 0.0416666666667 0.0574074074074
6 0.890885416667 0.427314814815 0.0453125 0.062037037037
6 0.90390625 0.533333333333 0.0453125 0.0481481481481
6 0.94609375 0.531018518519 0.0390625 0.0472222222222
6 0.977604166667 0.4875 0.025 0.134259259259
6 0.0130208333333 0.70787037037 0.0270833333333 0.126851851852
6 0.0322916666667 0.70462962963 0.0260416666667 0.133333333333
6 0.0544270833333 0.702777777778 0.0276041666667 0.133333333333
6 0.0794270833333 0.701851851852 0.0276041666667 0.142592592593
6 0.103125 0.702314814815 0.03125 0.137962962963
6 0.16640625 0.728240740741 0.0380208333333 0.0787037037037
6 0.201822916667 0.651388888889 0.0390625 0.0731481481481
6 0.20625 0.720833333333 0.0375 0.075
6 0.232552083333 0.703703703704 0.0317708333333 0.135185185185
6 0.257291666667 0.702777777778 0.03125 0.133333333333
6 0.280729166667 0.705092592593 0.028125 0.128703703704
6 0.30625 0.701851851852 0.03125 0.131481481481
6 0.334895833333 0.665277777778 0.0479166666667 0.0490740740741
6 0.384895833333 0.668518518519 0.0510416666667 0.0481481481481
6 0.43515625 0.669907407407 0.0473958333333 0.0546296296296
6 0.486979166667 0.672222222222 0.05625 0.05
6 0.342708333333 0.709722222222 0.0458333333333 0.0490740740741
6 0.390885416667 0.709259259259 0.0484375 0.0407407407407
6 0.443489583333 0.714351851852 0.0505208333333 0.0453703703704
6 0.496614583333 0.713425925926 0.0463541666667 0.0490740740741
6 0.347395833333 0.75 0.0520833333333 0.0407407407407
6 0.397395833333 0.746759259259 0.0520833333333 0.0490740740741
6 0.448958333333 0.751388888889 0.0479166666667 0.0435185185185
6 0.499739583333 0.747685185185 0.0505208333333 0.0398148148148
6 0.54140625 0.699537037037 0.0338541666667 0.139814814815
6 0.569791666667 0.698611111111 0.0270833333333 0.136111111111
6 0.600520833333 0.698611111111 0.0291666666667 0.137962962963
6 0.2390625 0.954166666667 0.0552083333333 0.0546296296296
6 0.338802083333 0.855092592593 0.0463541666667 0.0435185185185
6 0.338020833333 0.894444444444 0.05 0.0481481481481
6 0.371875 0.955555555556 0.0572916666667 0.0462962962963
6 0.426302083333 0.959722222222 0.0609375 0.0546296296296
6 0.476302083333 0.91712962963 0.0567708333333 0.0601851851852
6 0.538802083333 0.914814814815 0.0588541666667 0.0648148148148
6 0.485416666667 0.962962962963 0.05625 0.0518518518519
6 0.542708333333 0.963888888889 0.0520833333333 0.0462962962963
6 0.60703125 0.927777777778 0.0661458333333 0.0537037037037
6 0.662760416667 0.965277777778 0.0557291666667 0.0490740740741
6 0.71953125 0.961574074074 0.0578125 0.0638888888889
6 0.626822916667 0.699074074074 0.0276041666667 0.142592592593
6 0.65234375 0.698611111111 0.0255208333333 0.137962962963
6 0.67734375 0.696759259259 0.0286458333333 0.139814814815
6 0.7015625 0.694907407407 0.028125 0.14537037037
6 0.823697916667 0.408333333333 0.0317708333333 0.05
6 0.793229166667 0.5 0.0208333333333 0.114814814815
6 0.761979166667 0.498611111111 0.0239583333333 0.121296296296
1 0.760677083333 0.709259259259 0.0265625 0.127777777778
1 0.80390625 0.686111111111 0.0380208333333 0.166666666667
1 0.848697916667 0.687037037037 0.0453125 0.174074074074
1 0.88984375 0.684722222222 0.0380208333333 0.171296296296
1 0.930208333333 0.684722222222 0.0375 0.173148148148
1 0.9703125 0.685648148148 0.0385416666667 0.171296296296
1 0.740104166667 0.659722222222 0.0260416666667 0.075
