4 0.0921296296296 0.228645833333 0.186111111111 0.1375
4 0.444444444444 0.232291666667 0.166666666667 0.0947916666667
4 0.611574074074 0.218229166667 0.175 0.104166666667
4 0.766203703704 0.234114583333 0.165740740741 0.115104166667
4 0.918518518519 0.236458333333 0.161111111111 0.138541666667
4 0.0856481481481 0.390625 0.173148148148 0.152083333333
4 0.281944444444 0.38671875 0.208333333333 0.159895833333
4 0.450925925926 0.379427083333 0.140740740741 0.0817708333333
4 0.614814814815 0.377083333333 0.168518518519 0.09375
4 0.764351851852 0.391927083333 0.132407407407 0.118229166667
4 0.911574074074 0.38359375 0.134259259259 0.0963541666667
4 0.0875 0.544270833333 0.176851851852 0.15625
4 0.275462962963 0.54921875 0.19537037037 0.158854166667
4 0.461574074074 0.52421875 0.149074074074 0.108854166667
4 0.626851851852 0.540104166667 0.140740740741 0.121875
4 0.913425925926 0.559895833333 0.121296296296 0.111458333333
4 0.0921296296296 0.69375 0.186111111111 0.138541666667
4 0.287962962963 0.70390625 0.2 0.1515625
4 0.477777777778 0.7140625 0.155555555556 0.119791666667
4 0.636111111111 0.720572916667 0.175925925926 0.1421875
4 0.813888888889 0.721614583333 0.181481481481 0.1421875
4 0.952314814815 0.70546875 0.0935185185185 0.131770833333
4 0.174074074074 0.87109375 0.2 0.174479166667
4 0.362037037037 0.87578125 0.153703703704 0.1078125
4 0.522685185185 0.86875 0.14537037037 0.110416666667
4 0.616203703704 0.845572916667 0.110185185185 0.103645833333
4 0.809722222222 0.826822916667 0.121296296296 0.0838541666667
4 0.944907407407 0.81875 0.108333333333 0.0958333333333
