1 0.0712962962963 0.347916666667 0.0962962962963 0.146875
6 0.106018518519 0.118229166667 0.132407407407 0.0635416666667
6 0.243518518519 0.121875 0.127777777778 0.0635416666667
6 0.36712962963 0.120833333333 0.117592592593 0.0625
6 0.4 0.0572916666667 0.111111111111 0.0729166666667
6 0.118981481481 0.178125 0.149074074074 0.0552083333333
6 0.248611111111 0.17890625 0.121296296296 0.0588541666667
6 0.366203703704 0.178125 0.123148148148 0.0552083333333
6 0.497222222222 0.165104166667 0.124074074074 0.084375
6 0.637037037037 0.161979166667 0.124074074074 0.0947916666667
6 0.790740740741 0.16171875 0.12962962963 0.100520833333
6 0.934259259259 0.159895833333 0.12962962963 0.0947916666667
6 0.167592592593 0.347916666667 0.111111111111 0.0614583333333
6 0.282407407407 0.352083333333 0.109259259259 0.0604166666667
6 0.403240740741 0.353125 0.121296296296 0.0604166666667
6 0.526388888889 0.351041666667 0.125 0.0645833333333
6 0.631018518519 0.311979166667 0.136111111111 0.078125
6 0.771759259259 0.307291666667 0.130555555556 0.0947916666667
6 0.918518518519 0.309895833333 0.140740740741 0.0947916666667
6 0.636111111111 0.388802083333 0.122222222222 0.0765625
6 0.762037037037 0.389583333333 0.12037037037 0.0729166666667
6 0.904166666667 0.39375 0.119444444444 0.071875
6 0.230555555556 0.5265625 0.124074074074 0.0708333333333
6 0.0953703703704 0.557291666667 0.137037037037 0.144791666667
6 0.227314814815 0.579427083333 0.117592592593 0.0359375
6 0.243518518519 0.602604166667 0.101851851852 0.046875
6 0.372685185185 0.523958333333 0.119444444444 0.0708333333333
6 0.499537037037 0.531770833333 0.115740740741 0.0697916666667
6 0.36712962963 0.577083333333 0.130555555556 0.0385416666667
6 0.499537037037 0.582291666667 0.115740740741 0.0395833333333
6 0.379166666667 0.611458333333 0.115740740741 0.04375
6 0.504166666667 0.616927083333 0.106481481481 0.0369791666667
