1 0.956481481481 0.27734375 0.0851851851852 0.1265625
1 0.749074074074 0.277604166667 0.111111111111 0.122916666667
1 0.546296296296 0.2734375 0.116666666667 0.133333333333
1 0.433333333333 0.273177083333 0.112962962963 0.128645833333
1 0.326851851852 0.268489583333 0.111111111111 0.133854166667
1 0.117592592593 0.426302083333 0.111111111111 0.128645833333
1 0.212962962963 0.430989583333 0.105555555556 0.125520833333
1 0.330092592593 0.429947916667 0.110185185185 0.1234375
1 0.516666666667 0.43125 0.112962962963 0.117708333333
1 0.461574074074 0.571354166667 0.110185185185 0.1125
1 0.372685185185 0.569270833333 0.112037037037 0.116666666667
1 0.220833333333 0.574739583333 0.0916666666667 0.113020833333
1 0.122685185185 0.57421875 0.0990740740741 0.0994791666667
1 0.0574074074074 0.727604166667 0.116666666667 0.1125
1 0.800462962963 0.86875 0.134259259259 0.128125
1 0.916203703704 0.868489583333 0.117592592593 0.138020833333
1 0.0333333333333 0.115885416667 0.0685185185185 0.0880208333333
1 0.087962962963 0.117708333333 0.0703703703704 0.0895833333333
1 0.16712962963 0.111197916667 0.0768518518519 0.108854166667
1 0.235648148148 0.111979166667 0.0824074074074 0.114583333333
1 0.31712962963 0.11015625 0.0842592592593 0.116145833333
1 0.376851851852 0.117708333333 0.0592592592593 0.1125
1 0.438425925926 0.116666666667 0.0842592592593 0.1125
1 0.502314814815 0.115104166667 0.0731481481481 0.1125
1 0.572222222222 0.117447916667 0.0888888888889 0.1078125
1 0.649537037037 0.122916666667 0.0824074074074 0.113541666667
1 0.722685185185 0.121875 0.0842592592593 0.10625
1 0.817592592593 0.129947916667 0.0962962962963 0.0994791666667
1 0.89212962963 0.130208333333 0.062037037037 0.103125
1 0.960185185185 0.129427083333 0.0777777777778 0.0963541666667
1 0.0486111111111 0.2625 0.0990740740741 0.133333333333
1 0.144444444444 0.267708333333 0.105555555556 0.134375
1 0.219444444444 0.262239583333 0.087037037037 0.138020833333
1 0.655092592593 0.275520833333 0.10462962963 0.125
1 0.861574074074 0.278125 0.123148148148 0.127083333333
1 0.0402777777778 0.431510416667 0.0824074074074 0.128645833333
1 0.422222222222 0.4296875 0.112962962963 0.122916666667
1 0.637037037037 0.42890625 0.124074074074 0.1171875
1 0.808333333333 0.426302083333 0.107407407407 0.118229166667
1 0.912037037037 0.4296875 0.12962962963 0.111458333333
1 0.598148148148 0.566927083333 0.0944444444444 0.1078125
1 0.704166666667 0.568489583333 0.113888888889 0.106770833333
1 0.818055555556 0.565104166667 0.115740740741 0.104166666667
1 0.902314814815 0.565104166667 0.119444444444 0.102083333333
1 0.969444444444 0.564583333333 0.0592592592593 0.1125
1 0.338888888889 0.718229166667 0.103703703704 0.114583333333
1 0.435648148148 0.715104166667 0.102777777778 0.1125
1 0.534259259259 0.7125 0.103703703704 0.114583333333
1 0.623611111111 0.708333333333 0.0972222222222 0.113541666667
1 0.712037037037 0.709635416667 0.0925925925926 0.1140625
1 0.806018518519 0.705208333333 0.102777777778 0.111458333333
1 0.899537037037 0.698697916667 0.0935185185185 0.109895833333
1 0.969444444444 0.700520833333 0.0592592592593 0.117708333333
1 0.0333333333333 0.911197916667 0.0685185185185 0.127604166667
1 0.0958333333333 0.936979166667 0.062037037037 0.06875
1 0.168981481481 0.898958333333 0.100925925926 0.110416666667
1 0.240740740741 0.9140625 0.0685185185185 0.0614583333333
