5 0.087037037037 0.187239583333 0.0777777777778 0.108854166667
5 0.0384259259259 0.187760416667 0.0472222222222 0.1078125
5 0.165277777778 0.18046875 0.0731481481481 0.1078125
5 0.224074074074 0.181770833333 0.0814814814815 0.105208333333
5 0.296296296296 0.179427083333 0.0814814814815 0.105729166667
5 0.369444444444 0.176822916667 0.0703703703704 0.1078125
5 0.433796296296 0.170572916667 0.0898148148148 0.116145833333
5 0.505092592593 0.17109375 0.0824074074074 0.119270833333
5 0.550462962963 0.173958333333 0.0472222222222 0.102083333333
5 0.604166666667 0.174739583333 0.0712962962963 0.100520833333
5 0.673148148148 0.175260416667 0.0814814814815 0.1015625
5 0.7375 0.17109375 0.075 0.1078125
5 0.800925925926 0.159114583333 0.0796296296296 0.1265625
5 0.868981481481 0.160416666667 0.075 0.123958333333
5 0.0222222222222 0.363802083333 0.0462962962963 0.131770833333
5 0.075462962963 0.365885416667 0.087962962963 0.1328125
5 0.141203703704 0.3609375 0.075 0.126041666667
5 0.244907407407 0.362760416667 0.087962962963 0.133854166667
5 0.336574074074 0.36015625 0.0861111111111 0.133854166667
5 0.410648148148 0.356770833333 0.0898148148148 0.129166666667
5 0.509259259259 0.35546875 0.0833333333333 0.133854166667
5 0.576851851852 0.353125 0.0833333333333 0.13125
5 0.653240740741 0.354427083333 0.075 0.1390625
5 0.742592592593 0.35078125 0.0814814814815 0.1359375
5 0.811574074074 0.347916666667 0.075 0.139583333333
5 0.865740740741 0.345572916667 0.0518518518519 0.1421875
5 0.910185185185 0.34375 0.0648148148148 0.138541666667
5 0.97037037037 0.344270833333 0.0574074074074 0.144791666667
5 0.0240740740741 0.547395833333 0.05 0.1125
5 0.0685185185185 0.534114583333 0.0666666666667 0.124479166667
5 0.125 0.536979166667 0.0685185185185 0.130208333333
5 0.181944444444 0.5359375 0.0861111111111 0.130208333333
5 0.233796296296 0.529947916667 0.062037037037 0.127604166667
5 0.283333333333 0.531770833333 0.0814814814815 0.121875
5 0.373611111111 0.525520833333 0.0787037037037 0.115625
5 0.431944444444 0.520572916667 0.0638888888889 0.118229166667
5 0.49212962963 0.5234375 0.0842592592593 0.127083333333
5 0.556944444444 0.517447916667 0.0601851851852 0.124479166667
5 0.608796296296 0.523958333333 0.0712962962963 0.130208333333
5 0.673148148148 0.523958333333 0.0814814814815 0.135416666667
5 0.738888888889 0.521875 0.0759259259259 0.130208333333
5 0.809722222222 0.521614583333 0.0842592592593 0.134895833333
5 0.878240740741 0.520572916667 0.0731481481481 0.1328125
5 0.943981481481 0.521614583333 0.0768518518519 0.134895833333
5 0.0550925925926 0.728125 0.102777777778 0.169791666667
5 0.136574074074 0.73671875 0.108333333333 0.169270833333
5 0.225462962963 0.733072916667 0.0916666666667 0.1765625
5 0.321759259259 0.689583333333 0.0935185185185 0.113541666667
5 0.399074074074 0.688802083333 0.087037037037 0.109895833333
5 0.465740740741 0.70390625 0.137037037037 0.140104166667
5 0.593518518519 0.697916666667 0.142592592593 0.146875
5 0.720833333333 0.696614583333 0.130555555556 0.144270833333
5 0.791666666667 0.725 0.161111111111 0.154166666667
5 0.942592592593 0.704947916667 0.112962962963 0.177604166667
5 0.0898148148148 0.9484375 0.0796296296296 0.0958333333333
5 0.147222222222 0.948958333333 0.0666666666667 0.0895833333333
5 0.211574074074 0.944270833333 0.0731481481481 0.0927083333333
5 0.971759259259 0.159375 0.0546296296296 0.123958333333
