1 0.0310185185185 0.0927083333333 0.0638888888889 0.130208333333
1 0.0958333333333 0.09140625 0.102777777778 0.127604166667
1 0.164814814815 0.1078125 0.0759259259259 0.090625
1 0.223611111111 0.109114583333 0.0787037037037 0.0880208333333
1 0.289351851852 0.10546875 0.075 0.0880208333333
1 0.349074074074 0.105989583333 0.0740740740741 0.0890625
1 0.414814814815 0.106770833333 0.0703703703704 0.0833333333333
1 0.483796296296 0.10078125 0.0805555555556 0.0973958333333
1 0.558796296296 0.0955729166667 0.0824074074074 0.0942708333333
1 0.631018518519 0.09453125 0.0694444444444 0.100520833333
1 0.695833333333 0.0908854166667 0.0768518518519 0.0963541666667
1 0.764814814815 0.0940104166667 0.0777777777778 0.0994791666667
1 0.84212962963 0.0903645833333 0.0768518518519 0.106770833333
1 0.025 0.249739583333 0.0518518518519 0.119270833333
1 0.0958333333333 0.249479166667 0.112037037037 0.121875
1 0.194907407407 0.24609375 0.115740740741 0.124479166667
1 0.288425925926 0.246614583333 0.10462962963 0.127604166667
1 0.3875 0.24453125 0.0972222222222 0.1296875
1 0.478703703704 0.244791666667 0.12037037037 0.133333333333
1 0.588888888889 0.245052083333 0.109259259259 0.128645833333
1 0.775 0.247135416667 0.0833333333333 0.1171875
1 0.025 0.39375 0.0518518518519 0.113541666667
1 0.087962962963 0.395052083333 0.0907407407407 0.106770833333
1 0.176388888889 0.39375 0.102777777778 0.113541666667
1 0.269907407407 0.397135416667 0.110185185185 0.116145833333
1 0.361574074074 0.396614583333 0.112037037037 0.1171875
1 0.45787037037 0.394791666667 0.115740740741 0.115625
1 0.573148148148 0.391927083333 0.0740740740741 0.1078125
1 0.628240740741 0.394791666667 0.0601851851852 0.109375
1 0.676388888889 0.393489583333 0.075 0.106770833333
1 0.731018518519 0.396614583333 0.0601851851852 0.115104166667
1 0.788425925926 0.3984375 0.0805555555556 0.10625
1 0.0476851851852 0.526041666667 0.0972222222222 0.101041666667
1 0.131018518519 0.526822916667 0.102777777778 0.0994791666667
1 0.215277777778 0.526041666667 0.102777777778 0.103125
1 0.30462962963 0.52734375 0.105555555556 0.103645833333
1 0.393981481481 0.52734375 0.0990740740741 0.103645833333
1 0.487037037037 0.52890625 0.103703703704 0.106770833333
1 0.575462962963 0.527864583333 0.0657407407407 0.0973958333333
1 0.634259259259 0.527864583333 0.0685185185185 0.0994791666667
1 0.701388888889 0.525260416667 0.0657407407407 0.100520833333
1 0.768981481481 0.529166666667 0.062037037037 0.1
1 0.0375 0.651302083333 0.0768518518519 0.105729166667
1 0.113425925926 0.653385416667 0.0935185185185 0.1078125
1 0.200925925926 0.6546875 0.1 0.108333333333
1 0.276851851852 0.655989583333 0.0740740740741 0.1078125
1 0.344907407407 0.65859375 0.075 0.106770833333
1 0.411111111111 0.658072916667 0.0703703703704 0.1078125
1 0.477777777778 0.6609375 0.0685185185185 0.111458333333
1 0.544444444444 0.6640625 0.0703703703704 0.110416666667
1 0.613425925926 0.66328125 0.0731481481481 0.108854166667
1 0.684259259259 0.662760416667 0.0703703703704 0.1078125
1 0.747222222222 0.665625 0.0814814814815 0.109375
1 0.0375 0.8109375 0.0768518518519 0.135416666667
1 0.121759259259 0.814322916667 0.110185185185 0.130729166667
1 0.213425925926 0.819010416667 0.112037037037 0.130729166667
1 0.323611111111 0.82734375 0.113888888889 0.130729166667
1 0.432407407407 0.828385416667 0.105555555556 0.1359375
1 0.524074074074 0.827083333333 0.0907407407407 0.126041666667
1 0.630555555556 0.834635416667 0.107407407407 0.125520833333
1 0.743055555556 0.83984375 0.110185185185 0.124479166667
1 0.821296296296 0.80390625 0.0759259259259 0.0963541666667
1 0.9375 0.819010416667 0.123148148148 0.128645833333
