2 0.900462962963 0.0385416666667 0.197222222222 0.078125
2 0.67037037037 0.0403645833333 0.292592592593 0.0817708333333
2 0.363425925926 0.0333333333333 0.358333333333 0.0677083333333
2 0.111574074074 0.220052083333 0.225 0.1671875
2 0.363425925926 0.210677083333 0.287962962963 0.159895833333
2 0.634259259259 0.205208333333 0.264814814815 0.138541666667
2 0.887037037037 0.197395833333 0.224074074074 0.135416666667
2 0.95462962963 0.311979166667 0.0888888888889 0.09375
2 0.837962962963 0.319010416667 0.2 0.119270833333
2 0.641203703704 0.330208333333 0.234259259259 0.132291666667
2 0.39212962963 0.3515625 0.297222222222 0.142708333333
2 0.127777777778 0.366666666667 0.257407407407 0.15625
2 0.136111111111 0.65703125 0.274074074074 0.211979166667
2 0.413425925926 0.60390625 0.287962962963 0.183854166667
2 0.639351851852 0.491145833333 0.280555555556 0.136458333333
2 0.630092592593 0.58515625 0.228703703704 0.109895833333
2 0.790740740741 0.545572916667 0.203703703704 0.0901041666667
2 0.85 0.450520833333 0.159259259259 0.1
2 0.939814814815 0.497395833333 0.118518518519 0.13125
2 0.168981481481 0.841145833333 0.332407407407 0.186458333333
2 0.425925925926 0.78125 0.257407407407 0.164583333333
2 0.629166666667 0.720572916667 0.193518518519 0.1359375
2 0.794444444444 0.68359375 0.183333333333 0.124479166667
2 0.933333333333 0.64609375 0.131481481481 0.118229166667
2 0.196759259259 0.947135416667 0.287962962963 0.1046875
2 0.443518518519 0.91015625 0.222222222222 0.161979166667
2 0.616666666667 0.846875 0.185185185185 0.1125
2 0.761574074074 0.804427083333 0.167592592593 0.108854166667
2 0.901851851852 0.766666666667 0.12962962963 0.0947916666667
2 0.976851851852 0.748697916667 0.0444444444444 0.0869791666667
