1 0.0217592592593 0.155989583333 0.0453703703704 0.1078125
1 0.182407407407 0.0934895833333 0.0944444444444 0.0359375
1 0.336111111111 0.0934895833333 0.0888888888889 0.0338541666667
1 0.423148148148 0.0955729166667 0.087037037037 0.0338541666667
1 0.499074074074 0.09609375 0.0907407407407 0.0348958333333
1 0.658796296296 0.0994791666667 0.0842592592593 0.0395833333333
1 0.736574074074 0.0966145833333 0.0805555555556 0.0338541666667
1 0.81712962963 0.0963541666667 0.0842592592593 0.0375
1 0.901388888889 0.0981770833333 0.0972222222222 0.0338541666667
1 0.97037037037 0.0971354166667 0.0574074074074 0.0359375
1 0.188425925926 0.140885416667 0.0953703703704 0.0661458333333
1 0.267592592593 0.142708333333 0.0925925925926 0.071875
1 0.347685185185 0.14140625 0.0805555555556 0.0723958333333
1 0.421296296296 0.140104166667 0.087037037037 0.071875
1 0.494907407407 0.141927083333 0.0953703703704 0.0661458333333
1 0.575462962963 0.146614583333 0.0824074074074 0.0661458333333
1 0.652314814815 0.144270833333 0.0805555555556 0.0635416666667
1 0.731481481481 0.14296875 0.0907407407407 0.0640625
1 0.80787037037 0.14140625 0.0861111111111 0.0651041666667
1 0.890277777778 0.14140625 0.0787037037037 0.0692708333333
1 0.960185185185 0.14375 0.0777777777778 0.0625
1 0.0560185185185 0.33984375 0.0842592592593 0.119270833333
1 0.127777777778 0.339322916667 0.101851851852 0.134895833333
1 0.234259259259 0.2796875 0.131481481481 0.1375
1 0.324537037037 0.303645833333 0.0657407407407 0.08125
1 0.406018518519 0.280989583333 0.117592592593 0.128645833333
1 0.486111111111 0.301041666667 0.0722222222222 0.0833333333333
1 0.56712962963 0.27890625 0.119444444444 0.127604166667
1 0.69537037037 0.280729166667 0.125925925926 0.13125
1 0.835648148148 0.280208333333 0.121296296296 0.132291666667
1 0.92037037037 0.30625 0.0722222222222 0.084375
1 0.0486111111111 0.53203125 0.0861111111111 0.124479166667
1 0.105555555556 0.534375 0.0759259259259 0.123958333333
1 0.155555555556 0.54609375 0.0944444444444 0.138020833333
1 0.235648148148 0.441145833333 0.132407407407 0.127083333333
1 0.331481481481 0.459114583333 0.0851851851852 0.0848958333333
1 0.371759259259 0.427083333333 0.0953703703704 0.111458333333
1 0.449537037037 0.425520833333 0.0990740740741 0.105208333333
1 0.556944444444 0.43203125 0.119444444444 0.1203125
1 0.631944444444 0.451041666667 0.0601851851852 0.0729166666667
1 0.69537037037 0.430729166667 0.0888888888889 0.11875
1 0.795833333333 0.43828125 0.119444444444 0.128645833333
1 0.864351851852 0.43125 0.0638888888889 0.114583333333
1 0.925462962963 0.432552083333 0.0990740740741 0.1078125
1 0.355555555556 0.583072916667 0.107407407407 0.119270833333
1 0.451851851852 0.565104166667 0.0944444444444 0.0791666666667
1 0.531944444444 0.566145833333 0.0953703703704 0.0791666666667
1 0.610185185185 0.569791666667 0.0740740740741 0.08125
1 0.675 0.5765625 0.109259259259 0.0947916666667
1 0.79537037037 0.583072916667 0.124074074074 0.1078125
1 0.903240740741 0.580989583333 0.117592592593 0.0973958333333
1 0.0375 0.713020833333 0.0768518518519 0.134375
1 0.104166666667 0.713020833333 0.0787037037037 0.145833333333
1 0.179166666667 0.711979166667 0.0935185185185 0.141666666667
1 0.300925925926 0.722395833333 0.105555555556 0.113541666667
1 0.383333333333 0.713802083333 0.0888888888889 0.0963541666667
1 0.553703703704 0.7125 0.101851851852 0.09375
1 0.648148148148 0.73125 0.105555555556 0.123958333333
1 0.745833333333 0.728125 0.0990740740741 0.111458333333
1 0.921759259259 0.73046875 0.117592592593 0.108854166667
1 0.0351851851852 0.903645833333 0.0722222222222 0.121875
1 0.104166666667 0.902864583333 0.0861111111111 0.1203125
1 0.17037037037 0.908072916667 0.0907407407407 0.128645833333
1 0.277314814815 0.889583333333 0.119444444444 0.144791666667
1 0.382407407407 0.897135416667 0.107407407407 0.150520833333
1 0.454166666667 0.925 0.0583333333333 0.0697916666667
1 0.519907407407 0.872916666667 0.115740740741 0.125
1 0.643981481481 0.878645833333 0.117592592593 0.130208333333
1 0.740277777778 0.905729166667 0.119444444444 0.152083333333
1 0.818055555556 0.94453125 0.0583333333333 0.0744791666667
1 0.892592592593 0.901822916667 0.114814814815 0.143229166667
1 0.969444444444 0.9359375 0.0592592592593 0.075
