0 0.798611111111 0.122916666667 0.149074074074 0.2
0 0.672222222222 0.115625 0.153703703704 0.203125
0 0.518055555556 0.12109375 0.136111111111 0.193229166667
0 0.395833333333 0.122916666667 0.139814814815 0.207291666667
0 0.267592592593 0.122916666667 0.185185185185 0.207291666667
0 0.147222222222 0.121875 0.12962962963 0.194791666667
0 0.762962962963 0.371354166667 0.124074074074 0.175
0 0.218518518519 0.35078125 0.105555555556 0.1796875
0 0.32037037037 0.3703125 0.111111111111 0.177083333333
0 0.42962962963 0.3625 0.12037037037 0.165625
0 0.526851851852 0.3703125 0.111111111111 0.15625
0 0.650462962963 0.365104166667 0.0990740740741 0.170833333333
0 0.636574074074 0.569010416667 0.126851851852 0.144270833333
0 0.474537037037 0.5640625 0.10462962963 0.147916666667
0 0.375 0.555208333333 0.0962962962963 0.151041666667
0 0.290740740741 0.5578125 0.12037037037 0.145833333333
0 0.209259259259 0.554166666667 0.105555555556 0.132291666667
0 0.111574074074 0.546354166667 0.108333333333 0.147916666667
0 0.0425925925926 0.1234375 0.087037037037 0.186458333333
0 0.0333333333333 0.356510416667 0.0685185185185 0.1578125
0 0.114814814815 0.3578125 0.111111111111 0.166666666667
0 0.0324074074074 0.55234375 0.0666666666667 0.1296875
0 0.846296296296 0.747135416667 0.109259259259 0.0848958333333
0 0.939351851852 0.75703125 0.0953703703704 0.0671875
0 0.947685185185 0.969010416667 0.102777777778 0.0557291666667
0 0.830555555556 0.963802083333 0.0907407407407 0.0359375
0 0.270833333333 0.73046875 0.0861111111111 0.0484375
0 0.321296296296 0.933072916667 0.0759259259259 0.0421875
0 0.944444444444 0.36640625 0.0814814814815 0.143229166667
