4 0.0810185185185 0.2421875 0.163888888889 0.141666666667
4 0.433333333333 0.243229166667 0.15 0.0989583333333
4 0.596296296296 0.225520833333 0.161111111111 0.107291666667
4 0.753240740741 0.247916666667 0.160185185185 0.104166666667
4 0.914814814815 0.24375 0.164814814815 0.117708333333
4 0.896759259259 0.391927083333 0.147222222222 0.100520833333
4 0.744444444444 0.401302083333 0.131481481481 0.103645833333
4 0.603240740741 0.3890625 0.163888888889 0.0760416666667
4 0.44212962963 0.390885416667 0.137962962963 0.0942708333333
4 0.270833333333 0.39375 0.199074074074 0.159375
4 0.0703703703704 0.402864583333 0.142592592593 0.136979166667
4 0.0777777777778 0.549479166667 0.157407407407 0.155208333333
4 0.259259259259 0.5515625 0.205555555556 0.147916666667
4 0.449074074074 0.533854166667 0.140740740741 0.11875
4 0.621296296296 0.555208333333 0.144444444444 0.130208333333
4 0.896759259259 0.563802083333 0.139814814815 0.115104166667
4 0.80787037037 0.724479166667 0.167592592593 0.132291666667
4 0.940740740741 0.734114583333 0.116666666667 0.0890625
4 0.618518518519 0.726302083333 0.201851851852 0.138020833333
4 0.463425925926 0.708072916667 0.14537037037 0.141145833333
4 0.275462962963 0.70546875 0.206481481481 0.156770833333
4 0.0842592592593 0.696614583333 0.17037037037 0.140104166667
4 0.159259259259 0.877864583333 0.207407407407 0.156770833333
4 0.351851851852 0.8984375 0.142592592593 0.0895833333333
4 0.5125 0.886979166667 0.141666666667 0.0916666666667
4 0.598148148148 0.857291666667 0.125925925926 0.096875
4 0.791666666667 0.825260416667 0.137037037037 0.0901041666667
4 0.934259259259 0.8265625 0.12962962963 0.096875
