4 0.129166666667 0.163802083333 0.119444444444 0.0411458333333
4 0.0578703703704 0.267447916667 0.117592592593 0.0671875
4 0.0592592592593 0.33046875 0.12037037037 0.0651041666667
4 0.181018518519 0.328125 0.113888888889 0.0645833333333
4 0.324074074074 0.153125 0.140740740741 0.105208333333
4 0.459722222222 0.15859375 0.132407407407 0.0973958333333
4 0.572685185185 0.16171875 0.0787037037037 0.0911458333333
4 0.688888888889 0.159114583333 0.12962962963 0.100520833333
4 0.822222222222 0.161979166667 0.142592592593 0.096875
4 0.951388888889 0.15859375 0.0953703703704 0.106770833333
4 0.313425925926 0.30625 0.102777777778 0.111458333333
4 0.437037037037 0.301822916667 0.12962962963 0.124479166667
4 0.563425925926 0.311197916667 0.126851851852 0.108854166667
4 0.658333333333 0.323958333333 0.0814814814815 0.078125
4 0.812962962963 0.3265625 0.144444444444 0.0802083333333
4 0.903703703704 0.327604166667 0.0648148148148 0.0708333333333
4 0.964351851852 0.329427083333 0.0694444444444 0.0744791666667
4 0.156481481481 0.400260416667 0.140740740741 0.0401041666667
4 0.140740740741 0.446614583333 0.151851851852 0.0588541666667
4 0.135648148148 0.497395833333 0.162037037037 0.053125
4 0.30787037037 0.489583333333 0.163888888889 0.0635416666667
4 0.473148148148 0.485416666667 0.155555555556 0.0770833333333
4 0.678240740741 0.460416666667 0.236111111111 0.114583333333
4 0.870833333333 0.462239583333 0.150925925926 0.1234375
4 0.971296296296 0.46875 0.0555555555556 0.121875
4 0.128240740741 0.628125 0.137962962963 0.071875
4 0.243518518519 0.621614583333 0.144444444444 0.0755208333333
4 0.437037037037 0.63828125 0.12962962963 0.0609375
4 0.493518518519 0.58359375 0.127777777778 0.0567708333333
4 0.850925925926 0.609635416667 0.157407407407 0.118229166667
4 0.964814814815 0.612239583333 0.0685185185185 0.0901041666667
4 0.170833333333 0.709895833333 0.206481481481 0.0375
4 0.175 0.74140625 0.198148148148 0.0432291666667
4 0.175925925926 0.784114583333 0.2 0.0505208333333
4 0.378703703704 0.749739583333 0.17037037037 0.1171875
4 0.491203703704 0.747916666667 0.110185185185 0.115625
4 0.597222222222 0.750260416667 0.140740740741 0.118229166667
4 0.755555555556 0.74765625 0.187037037037 0.116145833333
4 0.858333333333 0.747916666667 0.105555555556 0.111458333333
4 0.948611111111 0.750260416667 0.0898148148148 0.108854166667
4 0.0782407407407 0.922916666667 0.149074074074 0.146875
4 0.218981481481 0.908072916667 0.147222222222 0.150520833333
4 0.336574074074 0.950260416667 0.0935185185185 0.0869791666667
4 0.427777777778 0.953645833333 0.0777777777778 0.0708333333333
4 0.509259259259 0.92421875 0.0833333333333 0.0796875
4 0.641203703704 0.859635416667 0.20462962963 0.0588541666667
4 0.887962962963 0.882291666667 0.222222222222 0.10625
4 0.641666666667 0.90390625 0.212962962963 0.0401041666667
4 0.883796296296 0.952604166667 0.210185185185 0.0447916666667
4 0.649074074074 0.949479166667 0.201851851852 0.053125
