1 0.0699074074074 0.198697916667 0.117592592593 0.1359375
1 0.160648148148 0.205729166667 0.100925925926 0.128125
1 0.224537037037 0.199739583333 0.0935185185185 0.138020833333
1 0.291666666667 0.209635416667 0.087037037037 0.131770833333
1 0.358333333333 0.213802083333 0.0851851851852 0.1265625
1 0.465277777778 0.215364583333 0.0935185185185 0.127604166667
1 0.541666666667 0.218229166667 0.0888888888889 0.13125
1 0.626851851852 0.216666666667 0.0907407407407 0.132291666667
1 0.697222222222 0.2171875 0.0703703703704 0.1375
1 0.771296296296 0.221354166667 0.0944444444444 0.134375
1 0.865740740741 0.233854166667 0.087037037037 0.111458333333
1 0.955092592593 0.228385416667 0.087962962963 0.1296875
1 0.138425925926 0.37578125 0.113888888889 0.140104166667
1 0.210185185185 0.377604166667 0.0759259259259 0.141666666667
1 0.261574074074 0.378645833333 0.0842592592593 0.155208333333
1 0.331481481481 0.378645833333 0.0851851851852 0.145833333333
1 0.40462962963 0.381510416667 0.0944444444444 0.138020833333
1 0.484722222222 0.38515625 0.075 0.140104166667
1 0.559259259259 0.383854166667 0.087037037037 0.144791666667
1 0.615277777778 0.394270833333 0.0638888888889 0.119791666667
1 0.676388888889 0.398958333333 0.0953703703704 0.121875
1 0.728703703704 0.397916666667 0.0555555555556 0.1125
1 0.784259259259 0.401822916667 0.0888888888889 0.1140625
1 0.847222222222 0.404166666667 0.0703703703704 0.109375
1 0.906018518519 0.404166666667 0.0805555555556 0.115625
1 0.965277777778 0.405989583333 0.0675925925926 0.1265625
1 0.0402777777778 0.5296875 0.0824074074074 0.103125
1 0.0939814814815 0.537760416667 0.0657407407407 0.130729166667
1 0.128240740741 0.5515625 0.0805555555556 0.133333333333
1 0.200925925926 0.551041666667 0.1 0.136458333333
1 0.269907407407 0.550520833333 0.0842592592593 0.1375
1 0.331481481481 0.54765625 0.0722222222222 0.131770833333
1 0.403240740741 0.550520833333 0.0805555555556 0.1375
1 0.480092592593 0.55625 0.0805555555556 0.135416666667
1 0.565277777778 0.562760416667 0.0824074074074 0.141145833333
1 0.627777777778 0.570052083333 0.0685185185185 0.119270833333
1 0.713425925926 0.55859375 0.075 0.115104166667
1 0.774074074074 0.5671875 0.0722222222222 0.122916666667
1 0.834722222222 0.568489583333 0.075 0.1140625
1 0.90462962963 0.565364583333 0.0740740740741 0.1078125
1 0.951851851852 0.5703125 0.0944444444444 0.123958333333
1 0.0300925925926 0.69921875 0.062037037037 0.108854166667
1 0.118518518519 0.70859375 0.103703703704 0.1203125
1 0.228703703704 0.691927083333 0.0925925925926 0.0869791666667
1 0.176388888889 0.70390625 0.0657407407407 0.0901041666667
1 0.294907407407 0.716145833333 0.0805555555556 0.13125
1 0.357407407407 0.710416666667 0.087037037037 0.1125
1 0.436111111111 0.7125 0.0888888888889 0.121875
1 0.513888888889 0.7171875 0.0703703703704 0.126041666667
1 0.616666666667 0.709114583333 0.0740740740741 0.105729166667
1 0.652314814815 0.72421875 0.0768518518519 0.1078125
1 0.731018518519 0.721875 0.0768518518519 0.105208333333
1 0.799537037037 0.729166666667 0.0824074074074 0.111458333333
1 0.865277777778 0.732291666667 0.0787037037037 0.110416666667
1 0.934722222222 0.72421875 0.0768518518519 0.121354166667
1 0.10462962963 0.915625 0.114814814815 0.125
1 0.321296296296 0.9109375 0.0888888888889 0.120833333333
1 0.537037037037 0.91171875 0.105555555556 0.119270833333
1 0.719907407407 0.856770833333 0.0990740740741 0.0833333333333
