1 0.917592592593 0.124479166667 0.12037037037 0.1375
1 0.885185185185 0.345052083333 0.109259259259 0.143229166667
1 0.808333333333 0.341927083333 0.0925925925926 0.1453125
1 0.67962962963 0.33984375 0.0962962962963 0.144270833333
1 0.488425925926 0.327604166667 0.102777777778 0.147916666667
1 0.421296296296 0.324479166667 0.0851851851852 0.154166666667
1 0.351851851852 0.319270833333 0.0685185185185 0.164583333333
1 0.271296296296 0.31875 0.103703703704 0.163541666667
1 0.186111111111 0.315625 0.105555555556 0.161458333333
1 0.112037037037 0.306770833333 0.107407407407 0.16875
1 0.0486111111111 0.31171875 0.0935185185185 0.1703125
1 0.0407407407407 0.536979166667 0.0833333333333 0.15
1 0.162962962963 0.541145833333 0.116666666667 0.14375
1 0.237037037037 0.539583333333 0.087037037037 0.147916666667
1 0.30462962963 0.540364583333 0.0740740740741 0.149479166667
1 0.369444444444 0.554427083333 0.105555555556 0.128645833333
1 0.442592592593 0.552604166667 0.0944444444444 0.135416666667
1 0.555555555556 0.565885416667 0.116666666667 0.136979166667
1 0.651851851852 0.563802083333 0.0833333333333 0.133854166667
1 0.718055555556 0.570052083333 0.117592592593 0.1390625
1 0.859722222222 0.554166666667 0.0953703703704 0.159375
1 0.206018518519 0.703645833333 0.10462962963 0.121875
1 0.399074074074 0.733333333333 0.12037037037 0.173958333333
1 0.518055555556 0.740885416667 0.117592592593 0.175520833333
1 0.672222222222 0.752604166667 0.124074074074 0.1875
1 0.757407407407 0.747135416667 0.101851851852 0.183854166667
1 0.871296296296 0.728645833333 0.101851851852 0.116666666667
1 0.960648148148 0.732291666667 0.0768518518519 0.127083333333
1 0.943518518519 0.934895833333 0.111111111111 0.129166666667
1 0.841666666667 0.933854166667 0.111111111111 0.13125
1 0.750462962963 0.928645833333 0.0898148148148 0.141666666667
1 0.664351851852 0.928645833333 0.0953703703704 0.141666666667
1 0.588888888889 0.926041666667 0.124074074074 0.146875
1 0.473148148148 0.924479166667 0.12037037037 0.15
1 0.371296296296 0.920833333333 0.133333333333 0.157291666667
1 0.0731481481481 0.920833333333 0.148148148148 0.157291666667
1 0.193981481481 0.88671875 0.117592592593 0.109895833333
1 0.287037037037 0.892447916667 0.0907407407407 0.116145833333
1 0.0652777777778 0.721614583333 0.132407407407 0.149479166667
1 0.290277777778 0.704947916667 0.0805555555556 0.118229166667
1 0.105092592593 0.533854166667 0.0842592592593 0.136458333333
1 0.789351851852 0.565625 0.102777777778 0.123958333333
1 0.935185185185 0.558854166667 0.107407407407 0.154166666667
1 0.562037037037 0.33984375 0.0888888888889 0.140104166667
1 0.604166666667 0.146614583333 0.132407407407 0.0776041666667
1 0.744444444444 0.133854166667 0.107407407407 0.13125
1 0.207407407407 0.141927083333 0.124074074074 0.0755208333333
