4 0.144907407407 0.104947916667 0.291666666667 0.108854166667
4 0.453240740741 0.1234375 0.293518518519 0.09375
4 0.764351851852 0.11875 0.284259259259 0.0958333333333
4 0.957407407407 0.12890625 0.0833333333333 0.0921875
4 0.0314814814815 0.265625 0.0648148148148 0.115625
4 0.212962962963 0.26328125 0.277777777778 0.125520833333
4 0.485185185185 0.28046875 0.259259259259 0.133854166667
4 0.687962962963 0.2890625 0.127777777778 0.121875
4 0.840277777778 0.29140625 0.162037037037 0.1265625
4 0.16712962963 0.42109375 0.221296296296 0.0484375
4 0.405092592593 0.394791666667 0.193518518519 0.0364583333333
4 0.397685185185 0.43125 0.221296296296 0.0395833333333
4 0.393055555556 0.478125 0.223148148148 0.0625
4 0.163425925926 0.4703125 0.237962962963 0.0635416666667
4 0.659259259259 0.4734375 0.316666666667 0.107291666667
4 0.909259259259 0.484895833333 0.17962962963 0.096875
4 0.134722222222 0.627604166667 0.210185185185 0.0635416666667
4 0.175925925926 0.556770833333 0.246296296296 0.0458333333333
4 0.368518518519 0.625260416667 0.246296296296 0.0776041666667
4 0.644444444444 0.63125 0.303703703704 0.096875
4 0.898148148148 0.636458333333 0.201851851852 0.090625
4 0.183333333333 0.733072916667 0.231481481481 0.0578125
4 0.175925925926 0.781770833333 0.225925925926 0.0552083333333
4 0.400925925926 0.7859375 0.227777777778 0.06875
4 0.413888888889 0.718489583333 0.218518518519 0.0505208333333
4 0.668055555556 0.784114583333 0.278703703704 0.1078125
4 0.903703703704 0.799739583333 0.190740740741 0.0911458333333
4 0.896296296296 0.733072916667 0.205555555556 0.0411458333333
4 0.209722222222 0.96640625 0.217592592593 0.0651041666667
4 0.195833333333 0.9015625 0.226851851852 0.0541666666667
4 0.0421296296296 0.952083333333 0.0861111111111 0.08125
4 0.459259259259 0.884635416667 0.288888888889 0.0734375
4 0.696759259259 0.960416666667 0.162037037037 0.071875
4 0.871296296296 0.946614583333 0.142592592593 0.106770833333
4 0.956481481481 0.9515625 0.0851851851852 0.096875
