4 0.100462962963 0.0713541666667 0.173148148148 0.126041666667
4 0.259259259259 0.0713541666667 0.17962962963 0.123958333333
4 0.440277777778 0.0276041666667 0.171296296296 0.05625
4 0.400462962963 0.0875 0.128703703704 0.0822916666667
4 0.515740740741 0.0911458333333 0.127777777778 0.0802083333333
4 0.580555555556 0.0299479166667 0.138888888889 0.0609375
4 0.708333333333 0.0328125 0.146296296296 0.0666666666667
4 0.605555555556 0.090625 0.105555555556 0.071875
4 0.721759259259 0.0916666666667 0.156481481481 0.0791666666667
4 0.860648148148 0.07734375 0.14537037037 0.100520833333
4 0.323148148148 0.286458333333 0.166666666667 0.0916666666667
4 0.3625 0.353385416667 0.187962962963 0.0765625
4 0.4625 0.27578125 0.152777777778 0.0744791666667
4 0.481481481481 0.347395833333 0.109259259259 0.0625
4 0.596296296296 0.33046875 0.127777777778 0.0661458333333
4 0.684722222222 0.32265625 0.0990740740741 0.0640625
4 0.58287037037 0.265885416667 0.0972222222222 0.0755208333333
4 0.672222222222 0.265104166667 0.0833333333333 0.071875
4 0.810185185185 0.277864583333 0.177777777778 0.150520833333
4 0.796759259259 0.466145833333 0.15462962963 0.13125
2 0.641666666667 0.48125 0.185185185185 0.146875
2 0.0444444444444 0.378645833333 0.0907407407407 0.120833333333
2 0.157407407407 0.2734375 0.218518518519 0.090625
2 0.176388888889 0.364322916667 0.189814814815 0.0848958333333
2 0.0680555555556 0.544270833333 0.137962962963 0.108333333333
2 0.0814814814815 0.634635416667 0.164814814815 0.0973958333333
2 0.210185185185 0.518229166667 0.196296296296 0.110416666667
2 0.214351851852 0.604427083333 0.20462962963 0.0838541666667
2 0.348148148148 0.496875 0.15 0.096875
2 0.381018518519 0.56015625 0.158333333333 0.106770833333
2 0.500925925926 0.543489583333 0.144444444444 0.0640625
2 0.493518518519 0.470833333333 0.144444444444 0.075
2 0.114814814815 0.834635416667 0.209259259259 0.1296875
2 0.247222222222 0.783854166667 0.166666666667 0.125
2 0.40787037037 0.73046875 0.212037037037 0.0994791666667
2 0.427314814815 0.772135416667 0.186111111111 0.0723958333333
2 0.561111111111 0.685416666667 0.198148148148 0.0927083333333
2 0.589814814815 0.728125 0.161111111111 0.0697916666667
2 0.693518518519 0.600260416667 0.166666666667 0.0734375
2 0.841666666667 0.5703125 0.142592592593 0.0614583333333
2 0.823148148148 0.60546875 0.12962962963 0.0630208333333
2 0.705092592593 0.64453125 0.173148148148 0.0567708333333
2 0.715740740741 0.68125 0.148148148148 0.0729166666667
2 0.850462962963 0.64609375 0.137962962963 0.0692708333333
2 0.255555555556 0.91953125 0.187037037037 0.0963541666667
2 0.32037037037 0.965625 0.157407407407 0.0677083333333
2 0.427314814815 0.8890625 0.217592592593 0.104166666667
2 0.668981481481 0.794010416667 0.187962962963 0.0859375
2 0.806944444444 0.750260416667 0.150925925926 0.0630208333333
