4 0.141203703704 0.144791666667 0.236111111111 0.145833333333
4 0.348148148148 0.143229166667 0.198148148148 0.1375
4 0.534259259259 0.147916666667 0.198148148148 0.1375
4 0.739814814815 0.141927083333 0.211111111111 0.144270833333
4 0.925925925926 0.140104166667 0.146296296296 0.136458333333
4 0.138425925926 0.309895833333 0.193518518519 0.0947916666667
4 0.32037037037 0.311979166667 0.185185185185 0.0947916666667
4 0.521759259259 0.311458333333 0.210185185185 0.0958333333333
4 0.733796296296 0.312760416667 0.193518518519 0.0984375
4 0.901388888889 0.3109375 0.178703703704 0.0927083333333
4 0.0430555555556 0.436979166667 0.087962962963 0.0614583333333
4 0.151388888889 0.447916666667 0.137962962963 0.0854166666667
4 0.278703703704 0.4484375 0.138888888889 0.08125
4 0.397222222222 0.4515625 0.12962962963 0.0822916666667
4 0.528240740741 0.45078125 0.143518518519 0.0859375
4 0.581481481481 0.468229166667 0.192592592593 0.0416666666667
4 0.678240740741 0.459114583333 0.130555555556 0.0526041666667
4 0.810648148148 0.448958333333 0.149074074074 0.0802083333333
4 0.955555555556 0.450260416667 0.087037037037 0.0807291666667
4 0.0462962962963 0.578645833333 0.0944444444444 0.078125
4 0.155092592593 0.580208333333 0.165740740741 0.0802083333333
4 0.293518518519 0.577604166667 0.155555555556 0.0729166666667
4 0.418055555556 0.577604166667 0.121296296296 0.0760416666667
4 0.543055555556 0.579427083333 0.143518518519 0.0744791666667
4 0.684722222222 0.574739583333 0.134259259259 0.0744791666667
4 0.825925925926 0.578385416667 0.140740740741 0.0765625
4 0.95 0.576041666667 0.0981481481481 0.0791666666667
4 0.0601851851852 0.696614583333 0.122222222222 0.0734375
4 0.181018518519 0.695572916667 0.150925925926 0.0734375
4 0.324074074074 0.692447916667 0.144444444444 0.0671875
4 0.433796296296 0.695572916667 0.119444444444 0.0661458333333
4 0.553703703704 0.6953125 0.12962962963 0.0708333333333
4 0.690277777778 0.689322916667 0.136111111111 0.0661458333333
4 0.834259259259 0.693229166667 0.148148148148 0.0729166666667
4 0.947222222222 0.69140625 0.103703703704 0.0692708333333
4 0.155555555556 0.815104166667 0.3 0.0864583333333
4 0.452777777778 0.815104166667 0.301851851852 0.084375
4 0.671296296296 0.812760416667 0.144444444444 0.0932291666667
4 0.789351851852 0.812239583333 0.115740740741 0.0921875
4 0.883796296296 0.800260416667 0.10462962963 0.0682291666667
