1 0.0578703703704 0.12265625 0.113888888889 0.246354166667
1 0.168518518519 0.121354166667 0.127777777778 0.24375
1 0.292592592593 0.125520833333 0.122222222222 0.252083333333
1 0.418055555556 0.126041666667 0.134259259259 0.253125
1 0.554166666667 0.13125 0.141666666667 0.263541666667
1 0.69537037037 0.132291666667 0.162962962963 0.265625
1 0.873148148148 0.1359375 0.187037037037 0.272916666667
1 0.952777777778 0.141927083333 0.0925925925926 0.274479166667
1 0.0393518518519 0.436458333333 0.0805555555556 0.270833333333
1 0.12962962963 0.4421875 0.125925925926 0.270833333333
1 0.24537037037 0.444791666667 0.125925925926 0.26875
1 0.355555555556 0.448177083333 0.131481481481 0.2734375
1 0.485185185185 0.459635416667 0.135185185185 0.275520833333
1 0.614814814815 0.46328125 0.131481481481 0.275520833333
1 0.743518518519 0.470052083333 0.162962962963 0.284895833333
1 0.91712962963 0.479427083333 0.163888888889 0.2890625
1 0.0416666666667 0.735677083333 0.0851851851852 0.2078125
1 0.126851851852 0.743229166667 0.107407407407 0.219791666667
1 0.218518518519 0.751822916667 0.112962962963 0.230729166667
1 0.333796296296 0.76015625 0.134259259259 0.236979166667
1 0.454166666667 0.765885416667 0.136111111111 0.2421875
1 0.568518518519 0.775260416667 0.125925925926 0.2421875
1 0.681944444444 0.783072916667 0.137962962963 0.244270833333
1 0.819444444444 0.786197916667 0.159259259259 0.233854166667
1 0.924074074074 0.790885416667 0.15 0.231770833333
1 0.0763888888889 0.954166666667 0.100925925926 0.090625
1 0.161111111111 0.959375 0.105555555556 0.0802083333333
1 0.265740740741 0.9609375 0.101851851852 0.0770833333333
