0 0.0564814814815 0.123958333333 0.107407407407 0.0885416666667
0 0.0703703703704 0.207291666667 0.0888888888889 0.0833333333333
0 0.210185185185 0.108333333333 0.122222222222 0.09375
0 0.390277777778 0.08515625 0.156481481481 0.1078125
0 0.207407407407 0.203385416667 0.127777777778 0.0848958333333
0 0.390277777778 0.198697916667 0.156481481481 0.105729166667
0 0.571296296296 0.071875 0.114814814815 0.122916666667
0 0.562962962963 0.188020833333 0.107407407407 0.1125
0 0.728703703704 0.0606770833333 0.122222222222 0.122395833333
0 0.841666666667 0.0572916666667 0.125925925926 0.115625
0 0.942592592593 0.0549479166667 0.105555555556 0.1109375
0 0.72037037037 0.179947916667 0.0925925925926 0.138020833333
0 0.65787037037 0.18359375 0.0787037037037 0.1265625
0 0.826388888889 0.173177083333 0.123148148148 0.140104166667
0 0.94537037037 0.171354166667 0.107407407407 0.153125
0 0.354166666667 0.340104166667 0.0935185185185 0.0916666666667
0 0.414814814815 0.345833333333 0.0944444444444 0.0916666666667
0 0.490277777778 0.34921875 0.0972222222222 0.105729166667
0 0.63287037037 0.35859375 0.0824074074074 0.0776041666667
0 0.590740740741 0.464322916667 0.0851851851852 0.0838541666667
0 0.868518518519 0.483854166667 0.0888888888889 0.071875
0 0.233796296296 0.590364583333 0.0861111111111 0.106770833333
0 0.29537037037 0.60390625 0.0907407407407 0.1171875
0 0.356481481481 0.6140625 0.0851851851852 0.123958333333
0 0.424074074074 0.61640625 0.0851851851852 0.105729166667
0 0.481018518519 0.630989583333 0.0990740740741 0.1140625
0 0.545833333333 0.81796875 0.0638888888889 0.1078125
0 0.598148148148 0.836979166667 0.0833333333333 0.125
0 0.680092592593 0.866666666667 0.0953703703704 0.133333333333
0 0.792592592593 0.895833333333 0.109259259259 0.111458333333
0 0.877777777778 0.919010416667 0.0907407407407 0.127604166667
0 0.512962962963 0.945572916667 0.0722222222222 0.0973958333333
0 0.57962962963 0.97265625 0.0907407407407 0.0536458333333
0 0.46712962963 0.446354166667 0.0805555555556 0.0958333333333
0 0.398611111111 0.4359375 0.075 0.0916666666667
0 0.341666666667 0.434895833333 0.0925925925926 0.09375
0 0.285185185185 0.425 0.087037037037 0.08125
