1 0.0342592592593 0.198697916667 0.0703703703704 0.1359375
1 0.0981481481481 0.200260416667 0.0907407407407 0.1390625
1 0.174074074074 0.210677083333 0.0833333333333 0.118229166667
1 0.285648148148 0.21015625 0.0990740740741 0.130729166667
1 0.359259259259 0.211979166667 0.087037037037 0.132291666667
1 0.432407407407 0.209635416667 0.0925925925926 0.141145833333
1 0.498148148148 0.21484375 0.0851851851852 0.128645833333
1 0.566203703704 0.216145833333 0.0768518518519 0.121875
1 0.664814814815 0.21640625 0.0888888888889 0.127604166667
1 0.737037037037 0.2203125 0.0888888888889 0.122916666667
1 0.81712962963 0.218489583333 0.0805555555556 0.140104166667
1 0.894444444444 0.220833333333 0.087037037037 0.123958333333
1 0.962037037037 0.222916666667 0.0740740740741 0.133333333333
1 0.0268518518519 0.383854166667 0.0555555555556 0.121875
1 0.127314814815 0.3875 0.0824074074074 0.1125
1 0.195833333333 0.386197916667 0.087962962963 0.119270833333
1 0.343981481481 0.379166666667 0.100925925926 0.140625
1 0.41712962963 0.379947916667 0.0898148148148 0.143229166667
1 0.474537037037 0.382552083333 0.0824074074074 0.149479166667
1 0.524074074074 0.381510416667 0.0833333333333 0.1421875
1 0.593981481481 0.385677083333 0.0824074074074 0.1390625
1 0.680555555556 0.383854166667 0.0907407407407 0.13125
1 0.746296296296 0.386197916667 0.087037037037 0.1421875
1 0.808333333333 0.39609375 0.0777777777778 0.1109375
1 0.861574074074 0.4 0.102777777778 0.123958333333
1 0.961111111111 0.4 0.0759259259259 0.119791666667
1 0.0240740740741 0.55234375 0.05 0.118229166667
1 0.0703703703704 0.559114583333 0.0888888888889 0.127604166667
1 0.166203703704 0.5609375 0.0953703703704 0.129166666667
1 0.280092592593 0.54140625 0.0768518518519 0.1265625
1 0.331018518519 0.55234375 0.0824074074074 0.136979166667
1 0.405555555556 0.55 0.0888888888889 0.134375
1 0.473611111111 0.554947916667 0.0842592592593 0.128645833333
1 0.522685185185 0.548177083333 0.0638888888889 0.124479166667
1 0.589814814815 0.54765625 0.1 0.1296875
1 0.664814814815 0.5578125 0.0925925925926 0.135416666667
1 0.757407407407 0.559375 0.0851851851852 0.132291666667
1 0.82037037037 0.5640625 0.0777777777778 0.113541666667
1 0.891203703704 0.551041666667 0.0805555555556 0.113541666667
1 0.953703703704 0.565364583333 0.0907407407407 0.1078125
1 0.0300925925926 0.702864583333 0.062037037037 0.106770833333
1 0.0916666666667 0.70390625 0.0703703703704 0.108854166667
1 0.155555555556 0.702604166667 0.0740740740741 0.102083333333
1 0.215277777778 0.702864583333 0.0657407407407 0.0973958333333
1 0.265740740741 0.704427083333 0.0555555555556 0.100520833333
1 0.316203703704 0.709635416667 0.0990740740741 0.116145833333
1 0.4125 0.689583333333 0.0787037037037 0.0802083333333
1 0.487962962963 0.713541666667 0.0888888888889 0.121875
1 0.556018518519 0.70625 0.0805555555556 0.111458333333
1 0.628703703704 0.709635416667 0.087037037037 0.1109375
1 0.702777777778 0.709635416667 0.087037037037 0.118229166667
1 0.794444444444 0.705729166667 0.0722222222222 0.103125
1 0.837037037037 0.717708333333 0.087037037037 0.113541666667
1 0.913888888889 0.715885416667 0.0759259259259 0.105729166667
1 0.973148148148 0.724739583333 0.0518518518519 0.106770833333
1 0.0939814814815 0.912239583333 0.102777777778 0.1109375
1 0.30787037037 0.909895833333 0.112037037037 0.113541666667
1 0.518981481481 0.906510416667 0.108333333333 0.118229166667
1 0.731018518519 0.90234375 0.100925925926 0.105729166667
1 0.893981481481 0.843229166667 0.0787037037037 0.0822916666667
