1 0.0384259259259 0.0796875 0.0787037037037 0.160416666667
1 0.120833333333 0.0815104166667 0.115740740741 0.1640625
1 0.206018518519 0.0815104166667 0.0972222222222 0.1640625
1 0.296759259259 0.078125 0.117592592593 0.157291666667
1 0.393518518519 0.0786458333333 0.105555555556 0.158333333333
1 0.485648148148 0.078125 0.117592592593 0.157291666667
1 0.587037037037 0.0802083333333 0.112962962963 0.161458333333
1 0.7 0.07734375 0.12962962963 0.155729166667
1 0.785185185185 0.07578125 0.12037037037 0.152604166667
1 0.869907407407 0.0747395833333 0.126851851852 0.150520833333
1 0.952777777778 0.0768229166667 0.0925925925926 0.1546875
1 0.0722222222222 0.275 0.0888888888889 0.172916666667
1 0.143518518519 0.280729166667 0.107407407407 0.172916666667
1 0.224537037037 0.2796875 0.100925925926 0.175
1 0.308796296296 0.2796875 0.100925925926 0.177083333333
1 0.39537037037 0.275 0.101851851852 0.186458333333
1 0.487037037037 0.280208333333 0.12037037037 0.183333333333
1 0.586574074074 0.278385416667 0.0935185185185 0.181770833333
1 0.677314814815 0.296875 0.0972222222222 0.154166666667
1 0.769907407407 0.294791666667 0.113888888889 0.152083333333
1 0.851388888889 0.29765625 0.119444444444 0.150520833333
1 0.943518518519 0.301041666667 0.111111111111 0.155208333333
1 0.0606481481481 0.467708333333 0.0990740740741 0.153125
1 0.141203703704 0.46796875 0.102777777778 0.159895833333
1 0.22037037037 0.470572916667 0.0888888888889 0.156770833333
1 0.299537037037 0.472395833333 0.0953703703704 0.157291666667
1 0.385185185185 0.472916666667 0.105555555556 0.154166666667
1 0.475462962963 0.47578125 0.0972222222222 0.1578125
1 0.561111111111 0.478645833333 0.103703703704 0.154166666667
1 0.665740740741 0.492708333333 0.103703703704 0.140625
1 0.753703703704 0.496614583333 0.0962962962963 0.141145833333
1 0.83287037037 0.49375 0.0990740740741 0.144791666667
1 0.92037037037 0.497916666667 0.0925925925926 0.145833333333
1 0.973611111111 0.497395833333 0.0509259259259 0.154166666667
1 0.0583333333333 0.638541666667 0.0888888888889 0.140625
1 0.127777777778 0.63984375 0.105555555556 0.138020833333
1 0.240277777778 0.644270833333 0.0990740740741 0.1375
1 0.322222222222 0.646614583333 0.0944444444444 0.140104166667
1 0.405092592593 0.65703125 0.0990740740741 0.149479166667
1 0.483796296296 0.652604166667 0.0731481481481 0.133333333333
1 0.558333333333 0.65859375 0.0888888888889 0.1390625
1 0.650462962963 0.669270833333 0.0972222222222 0.14375
1 0.733796296296 0.679166666667 0.0916666666667 0.142708333333
1 0.819444444444 0.680729166667 0.0925925925926 0.139583333333
1 0.902777777778 0.676822916667 0.0944444444444 0.144270833333
1 0.966203703704 0.681510416667 0.0657407407407 0.1421875
1 0.087037037037 0.801302083333 0.109259259259 0.127604166667
1 0.177314814815 0.809635416667 0.110185185185 0.128645833333
1 0.276388888889 0.815104166667 0.117592592593 0.132291666667
1 0.391203703704 0.821354166667 0.110185185185 0.133333333333
1 0.493518518519 0.823958333333 0.107407407407 0.135416666667
1 0.674537037037 0.825 0.115740740741 0.128125
1 0.768518518519 0.838020833333 0.124074074074 0.120833333333
1 0.851851851852 0.8390625 0.109259259259 0.122916666667
1 0.924074074074 0.843489583333 0.101851851852 0.128645833333
