1 0.0569444444444 0.180208333333 0.0824074074074 0.103125
1 0.119907407407 0.1796875 0.0768518518519 0.104166666667
1 0.188425925926 0.180208333333 0.0787037037037 0.103125
1 0.251388888889 0.181510416667 0.0675925925926 0.1078125
1 0.311111111111 0.178385416667 0.0888888888889 0.0973958333333
1 0.384259259259 0.179947916667 0.0740740740741 0.1078125
1 0.446759259259 0.177864583333 0.0731481481481 0.105729166667
1 0.510648148148 0.176041666667 0.0805555555556 0.104166666667
1 0.565277777778 0.180729166667 0.0527777777778 0.102083333333
1 0.621759259259 0.17421875 0.0768518518519 0.105729166667
1 0.678240740741 0.177864583333 0.0546296296296 0.0984375
1 0.72962962963 0.18046875 0.0740740740741 0.0984375
1 0.800462962963 0.177864583333 0.0435185185185 0.0869791666667
1 0.85 0.169791666667 0.0648148148148 0.110416666667
1 0.919907407407 0.1703125 0.0768518518519 0.113541666667
1 0.97962962963 0.16796875 0.0388888888889 0.1109375
1 0.025 0.55703125 0.0518518518519 0.116145833333
1 0.087037037037 0.559375 0.0796296296296 0.136458333333
1 0.176388888889 0.557552083333 0.0583333333333 0.138020833333
1 0.226851851852 0.56796875 0.0759259259259 0.138020833333
1 0.292592592593 0.565104166667 0.0796296296296 0.132291666667
1 0.347222222222 0.560416666667 0.0740740740741 0.130208333333
1 0.444907407407 0.55390625 0.0768518518519 0.138020833333
1 0.50787037037 0.554427083333 0.0787037037037 0.136979166667
1 0.577777777778 0.551302083333 0.0537037037037 0.127604166667
1 0.625 0.556510416667 0.0666666666667 0.138020833333
1 0.684722222222 0.548958333333 0.0898148148148 0.134375
1 0.789351851852 0.538541666667 0.062037037037 0.111458333333
1 0.870833333333 0.548177083333 0.0768518518519 0.1421875
1 0.965277777778 0.54609375 0.0675925925926 0.140104166667
1 0.0342592592593 0.737760416667 0.0703703703704 0.141145833333
1 0.0921296296296 0.73984375 0.0824074074074 0.1296875
1 0.198148148148 0.7078125 0.0888888888889 0.09375
1 0.370833333333 0.72890625 0.0768518518519 0.138020833333
1 0.441666666667 0.74609375 0.0833333333333 0.130729166667
1 0.502314814815 0.747135416667 0.0731481481481 0.1265625
1 0.547685185185 0.740885416667 0.0601851851852 0.118229166667
1 0.610648148148 0.727604166667 0.0787037037037 0.123958333333
1 0.668981481481 0.72890625 0.0638888888889 0.1234375
1 0.721296296296 0.74140625 0.0666666666667 0.130729166667
1 0.794444444444 0.74140625 0.0851851851852 0.1359375
1 0.867592592593 0.736979166667 0.0907407407407 0.135416666667
1 0.936574074074 0.739322916667 0.0638888888889 0.1328125
1 0.978703703704 0.7421875 0.0407407407407 0.132291666667
1 0.0555555555556 0.867447916667 0.0722222222222 0.0661458333333
1 0.115277777778 0.875260416667 0.0768518518519 0.0838541666667
1 0.174074074074 0.872916666667 0.0740740740741 0.08125
1 0.184722222222 0.956510416667 0.0657407407407 0.0859375
1 0.24537037037 0.957552083333 0.0722222222222 0.0838541666667
1 0.300462962963 0.9546875 0.0601851851852 0.0895833333333
1 0.3625 0.959895833333 0.0805555555556 0.0791666666667
1 0.435648148148 0.904166666667 0.0990740740741 0.138541666667
1 0.527314814815 0.9078125 0.10462962963 0.136458333333
1 0.625925925926 0.90703125 0.105555555556 0.138020833333
1 0.718518518519 0.908854166667 0.0925925925926 0.141666666667
1 0.812962962963 0.873958333333 0.0722222222222 0.0697916666667
1 0.893518518519 0.891927083333 0.105555555556 0.100520833333
1 0.97037037037 0.8828125 0.0574074074074 0.0822916666667
