1 0.0268518518519 0.147135416667 0.0555555555556 0.0932291666667
1 0.0763888888889 0.145572916667 0.0675925925926 0.0984375
1 0.137037037037 0.148958333333 0.0703703703704 0.0989583333333
1 0.191666666667 0.15234375 0.0722222222222 0.0942708333333
1 0.250462962963 0.15390625 0.075 0.0973958333333
1 0.338888888889 0.19921875 0.0833333333333 0.1296875
1 0.414814814815 0.200260416667 0.0833333333333 0.1296875
1 0.481481481481 0.20234375 0.0722222222222 0.128645833333
1 0.548611111111 0.21328125 0.062037037037 0.108854166667
1 0.665277777778 0.210416666667 0.0805555555556 0.135416666667
1 0.740277777778 0.216666666667 0.0824074074074 0.122916666667
1 0.825925925926 0.21796875 0.0925925925926 0.127604166667
1 0.916666666667 0.224739583333 0.087037037037 0.118229166667
1 0.0282407407407 0.285416666667 0.0583333333333 0.0635416666667
1 0.113425925926 0.2890625 0.0935185185185 0.0729166666667
1 0.190740740741 0.291145833333 0.087037037037 0.06875
1 0.275925925926 0.294010416667 0.0851851851852 0.0651041666667
1 0.188425925926 0.44453125 0.0657407407407 0.0578125
1 0.191666666667 0.385677083333 0.0685185185185 0.0578125
1 0.361574074074 0.377604166667 0.0787037037037 0.120833333333
1 0.457407407407 0.380989583333 0.0685185185185 0.1109375
1 0.536111111111 0.384895833333 0.087037037037 0.114583333333
1 0.641203703704 0.377083333333 0.0861111111111 0.126041666667
1 0.693981481481 0.382552083333 0.0768518518519 0.138020833333
1 0.762962962963 0.3828125 0.0740740740741 0.139583333333
1 0.823611111111 0.386197916667 0.0805555555556 0.138020833333
1 0.922222222222 0.388541666667 0.0925925925926 0.1375
1 0.976851851852 0.392447916667 0.0444444444444 0.1296875
1 0.0361111111111 0.563802083333 0.0740740740741 0.0765625
1 0.0828703703704 0.55703125 0.0638888888889 0.0651041666667
1 0.136111111111 0.542447916667 0.0851851851852 0.0640625
1 0.251388888889 0.54453125 0.0768518518519 0.0546875
1 0.131018518519 0.59609375 0.0824074074074 0.0536458333333
1 0.202314814815 0.59921875 0.0805555555556 0.0588541666667
1 0.255555555556 0.594010416667 0.0722222222222 0.0536458333333
1 0.330555555556 0.5390625 0.0740740740741 0.121875
1 0.414814814815 0.551041666667 0.0740740740741 0.120833333333
1 0.501388888889 0.552083333333 0.0861111111111 0.122916666667
1 0.609259259259 0.536197916667 0.0759259259259 0.127604166667
1 0.653240740741 0.54609375 0.0787037037037 0.128645833333
1 0.726851851852 0.544270833333 0.0888888888889 0.134375
1 0.796296296296 0.54765625 0.0685185185185 0.131770833333
1 0.840740740741 0.543489583333 0.0574074074074 0.1265625
1 0.898611111111 0.545833333333 0.075 0.13125
1 0.965277777778 0.553385416667 0.0675925925926 0.134895833333
1 0.0199074074074 0.727083333333 0.0416666666667 0.104166666667
1 0.05 0.713802083333 0.0685185185185 0.0984375
1 0.125 0.711458333333 0.0740740740741 0.0895833333333
1 0.330555555556 0.687239583333 0.0740740740741 0.105729166667
1 0.391203703704 0.686197916667 0.0638888888889 0.0984375
1 0.45 0.68828125 0.0574074074074 0.100520833333
1 0.505555555556 0.6859375 0.0703703703704 0.0989583333333
1 0.55787037037 0.68671875 0.0675925925926 0.0973958333333
1 0.615277777778 0.697916666667 0.100925925926 0.113541666667
1 0.6875 0.682552083333 0.0675925925926 0.0848958333333
1 0.743055555556 0.694270833333 0.0675925925926 0.105208333333
1 0.789814814815 0.702864583333 0.0777777777778 0.122395833333
1 0.849074074074 0.69921875 0.0703703703704 0.106770833333
1 0.909722222222 0.702864583333 0.0768518518519 0.116145833333
1 0.968518518519 0.709635416667 0.0611111111111 0.118229166667
1 0.393518518519 0.89140625 0.105555555556 0.1046875
1 0.601388888889 0.890364583333 0.113888888889 0.108854166667
1 0.797685185185 0.895052083333 0.115740740741 0.106770833333
1 0.971296296296 0.894270833333 0.0555555555556 0.105208333333
