2 0.140277777778 0.12890625 0.256481481481 0.116145833333
2 0.162962962963 0.230989583333 0.253703703704 0.0911458333333
2 0.559722222222 0.201041666667 0.262037037037 0.161458333333
2 0.861574074074 0.216666666667 0.275 0.123958333333
2 0.17962962963 0.4265625 0.25 0.09375
2 0.155092592593 0.344270833333 0.262037037037 0.090625
2 0.812962962963 0.341927083333 0.262962962963 0.0890625
2 0.60462962963 0.419791666667 0.235185185185 0.101041666667
2 0.840740740741 0.429947916667 0.25 0.1078125
2 0.386574074074 0.540364583333 0.237962962963 0.1046875
2 0.595833333333 0.544791666667 0.20462962963 0.103125
2 0.581018518519 0.62734375 0.219444444444 0.0838541666667
2 0.387962962963 0.631770833333 0.203703703704 0.0958333333333
2 0.178703703704 0.6265625 0.211111111111 0.08125
2 0.178240740741 0.54140625 0.228703703704 0.109895833333
2 0.0361111111111 0.624739583333 0.0740740740741 0.0755208333333
2 0.760648148148 0.53203125 0.193518518519 0.0619791666667
2 0.947685185185 0.553385416667 0.102777777778 0.0932291666667
2 0.940277777778 0.633333333333 0.117592592593 0.0677083333333
2 0.781018518519 0.622395833333 0.193518518519 0.0916666666667
2 0.960185185185 0.741927083333 0.0777777777778 0.0765625
2 0.946759259259 0.807552083333 0.10462962963 0.0640625
2 0.818518518519 0.7375 0.201851851852 0.0677083333333
2 0.811111111111 0.803645833333 0.207407407407 0.0739583333333
2 0.592592592593 0.738020833333 0.22037037037 0.0729166666667
2 0.615277777778 0.809375 0.228703703704 0.071875
2 0.419907407407 0.795833333333 0.191666666667 0.0895833333333
2 0.235185185185 0.804427083333 0.183333333333 0.0859375
2 0.0694444444444 0.812760416667 0.140740740741 0.0744791666667
2 0.0662037037037 0.733333333333 0.134259259259 0.0708333333333
2 0.421296296296 0.345833333333 0.225925925926 0.0822916666667
