2 0.0671296296296 0.09375 0.136111111111 0.153125
2 0.259259259259 0.08515625 0.257407407407 0.168229166667
2 0.514814814815 0.0861979166667 0.274074074074 0.149479166667
2 0.778240740741 0.11015625 0.262037037037 0.106770833333
2 0.956018518519 0.103645833333 0.0861111111111 0.121875
2 0.0837962962963 0.345833333333 0.169444444444 0.1125
2 0.281481481481 0.3328125 0.275925925926 0.0708333333333
2 0.2875 0.3859375 0.250925925926 0.0708333333333
2 0.528240740741 0.329947916667 0.287962962963 0.0671875
2 0.770833333333 0.359114583333 0.250925925926 0.136979166667
2 0.948611111111 0.37109375 0.100925925926 0.121354166667
2 0.0916666666667 0.56640625 0.185185185185 0.1296875
2 0.199074074074 0.490885416667 0.198148148148 0.0536458333333
2 0.401851851852 0.56484375 0.237037037037 0.0765625
2 0.390277777778 0.62578125 0.213888888889 0.0588541666667
2 0.674537037037 0.563802083333 0.226851851852 0.0765625
2 0.668981481481 0.629166666667 0.228703703704 0.0572916666667
2 0.911574074074 0.646614583333 0.175 0.0776041666667
2 0.906481481481 0.812239583333 0.185185185185 0.0848958333333
2 0.901388888889 0.861979166667 0.19537037037 0.0729166666667
2 0.184722222222 0.77734375 0.271296296296 0.1515625
2 0.506481481481 0.802864583333 0.224074074074 0.140104166667
2 0.692592592593 0.78828125 0.205555555556 0.108854166667
2 0.728703703704 0.962239583333 0.162962962963 0.0744791666667
2 0.549074074074 0.951041666667 0.181481481481 0.0802083333333
2 0.327314814815 0.951822916667 0.232407407407 0.0953125
2 0.0972222222222 0.9609375 0.196296296296 0.0770833333333
