4 0.172685185185 0.135416666667 0.239814814815 0.145833333333
4 0.379166666667 0.134114583333 0.20462962963 0.141145833333
4 0.571759259259 0.139583333333 0.19537037037 0.1375
4 0.769907407407 0.137239583333 0.223148148148 0.146354166667
4 0.941666666667 0.158072916667 0.114814814815 0.0984375
4 0.164351851852 0.304427083333 0.176851851852 0.0984375
4 0.34212962963 0.305989583333 0.189814814815 0.0994791666667
4 0.548611111111 0.30625 0.221296296296 0.096875
4 0.037037037037 0.137760416667 0.0759259259259 0.143229166667
4 0.0430555555556 0.305729166667 0.087962962963 0.0958333333333
4 0.766203703704 0.306770833333 0.191666666667 0.0979166666667
4 0.924074074074 0.304427083333 0.15 0.0932291666667
4 0.0601851851852 0.438541666667 0.122222222222 0.0708333333333
4 0.170833333333 0.445572916667 0.134259259259 0.0848958333333
4 0.299537037037 0.445572916667 0.160185185185 0.0848958333333
4 0.427777777778 0.444270833333 0.114814814815 0.0822916666667
4 0.550462962963 0.445052083333 0.128703703704 0.0838541666667
4 0.609722222222 0.462239583333 0.178703703704 0.0401041666667
4 0.7125 0.455208333333 0.121296296296 0.0541666666667
4 0.833796296296 0.44609375 0.132407407407 0.0817708333333
4 0.965277777778 0.44375 0.0675925925926 0.08125
4 0.0611111111111 0.5734375 0.124074074074 0.084375
4 0.186574074074 0.573958333333 0.175 0.0802083333333
4 0.323148148148 0.572916666667 0.142592592593 0.078125
4 0.446296296296 0.572916666667 0.140740740741 0.0802083333333
4 0.568518518519 0.571875 0.12962962963 0.075
4 0.71712962963 0.571875 0.137962962963 0.0729166666667
4 0.855092592593 0.570572916667 0.136111111111 0.0776041666667
4 0.965277777778 0.570052083333 0.0675925925926 0.0765625
4 0.0782407407407 0.692447916667 0.158333333333 0.0765625
4 0.213888888889 0.69296875 0.153703703704 0.0734375
4 0.348148148148 0.6859375 0.142592592593 0.0614583333333
4 0.459259259259 0.688020833333 0.114814814815 0.0645833333333
4 0.576851851852 0.691145833333 0.138888888889 0.071875
4 0.7125 0.68359375 0.134259259259 0.0661458333333
4 0.851388888889 0.68671875 0.149074074074 0.0692708333333
4 0.962037037037 0.6859375 0.0740740740741 0.065625
4 0.184259259259 0.809114583333 0.288888888889 0.0817708333333
4 0.477314814815 0.809895833333 0.29537037037 0.0875
4 0.690277777778 0.80859375 0.14537037037 0.0942708333333
4 0.819907407407 0.804947916667 0.117592592593 0.0848958333333
4 0.918981481481 0.792708333333 0.102777777778 0.0625
