4 0.332407407407 0.06328125 0.209259259259 0.127604166667
4 0.536574074074 0.0557291666667 0.193518518519 0.1125
4 0.72037037037 0.053125 0.185185185185 0.107291666667
4 0.404166666667 0.272395833333 0.267592592593 0.105208333333
4 0.626851851852 0.26875 0.216666666667 0.109375
4 0.822222222222 0.238802083333 0.188888888889 0.141145833333
4 0.381018518519 0.440104166667 0.178703703704 0.138541666667
4 0.515277777778 0.432291666667 0.121296296296 0.1375
4 0.653703703704 0.427083333333 0.17037037037 0.145833333333
4 0.7875 0.429947916667 0.128703703704 0.125520833333
4 0.9 0.415885416667 0.187037037037 0.149479166667
4 0.426851851852 0.609114583333 0.155555555556 0.119270833333
4 0.540740740741 0.594791666667 0.112962962963 0.110416666667
4 0.664351851852 0.59921875 0.149074074074 0.116145833333
4 0.790740740741 0.590364583333 0.116666666667 0.102604166667
4 0.917592592593 0.594270833333 0.142592592593 0.111458333333
4 0.537962962963 0.772395833333 0.212962962963 0.129166666667
4 0.661574074074 0.770572916667 0.117592592593 0.1015625
4 0.788888888889 0.765885416667 0.185185185185 0.1328125
4 0.944907407407 0.76171875 0.108333333333 0.119270833333
4 0.524074074074 0.9484375 0.138888888889 0.103125
4 0.642592592593 0.944270833333 0.112962962963 0.111458333333
4 0.810648148148 0.952604166667 0.136111111111 0.0947916666667
4 0.930092592593 0.9515625 0.134259259259 0.096875
4 0.316203703704 0.954427083333 0.193518518519 0.0911458333333
4 0.129166666667 0.959114583333 0.20462962963 0.0817708333333
4 0.174074074074 0.084375 0.0888888888889 0.0979166666667
4 0.0962962962963 0.0911458333333 0.1 0.0864583333333
4 0.0296296296296 0.0919270833333 0.0611111111111 0.0942708333333
4 0.153703703704 0.276302083333 0.122222222222 0.1015625
1 0.0444444444444 0.2734375 0.0907407407407 0.117708333333
1 0.208796296296 0.441927083333 0.117592592593 0.140104166667
1 0.243518518519 0.615625 0.127777777778 0.120833333333
1 0.0712962962963 0.45078125 0.125925925926 0.1390625
1 0.0912037037037 0.621614583333 0.0990740740741 0.1203125
