4 0.15787037037 0.21171875 0.10462962963 0.0744791666667
4 0.300462962963 0.215625 0.175 0.0729166666667
4 0.451851851852 0.218489583333 0.172222222222 0.0744791666667
4 0.631018518519 0.2203125 0.19537037037 0.078125
4 0.863425925926 0.214583333333 0.136111111111 0.0802083333333
4 0.961574074074 0.212760416667 0.075 0.0859375
4 0.161111111111 0.345572916667 0.111111111111 0.0494791666667
4 0.264814814815 0.332552083333 0.137037037037 0.0828125
4 0.387037037037 0.334114583333 0.111111111111 0.0744791666667
4 0.500462962963 0.339583333333 0.130555555556 0.0802083333333
4 0.613888888889 0.333072916667 0.124074074074 0.0932291666667
4 0.762962962963 0.333072916667 0.122222222222 0.100520833333
4 0.878703703704 0.332552083333 0.127777777778 0.0994791666667
4 0.97037037037 0.3359375 0.0574074074074 0.0989583333333
4 0.0703703703704 0.331770833333 0.0814814814815 0.0770833333333
4 0.0773148148148 0.422916666667 0.087962962963 0.0520833333333
4 0.087962962963 0.474739583333 0.087037037037 0.0619791666667
4 0.163888888889 0.449739583333 0.0796296296296 0.0984375
4 0.255092592593 0.450260416667 0.113888888889 0.0973958333333
4 0.381018518519 0.456770833333 0.149074074074 0.0979166666667
4 0.5125 0.457552083333 0.132407407407 0.0994791666667
4 0.630555555556 0.461979166667 0.124074074074 0.096875
4 0.721759259259 0.451041666667 0.0638888888889 0.0885416666667
4 0.814814814815 0.454947916667 0.114814814815 0.0973958333333
4 0.925 0.456770833333 0.114814814815 0.0958333333333
4 0.776851851852 0.57578125 0.140740740741 0.0984375
4 0.899537037037 0.581770833333 0.115740740741 0.103125
4 0.175462962963 0.562760416667 0.102777777778 0.0932291666667
4 0.274074074074 0.567708333333 0.1 0.0958333333333
4 0.3875 0.57578125 0.128703703704 0.0890625
4 0.511111111111 0.578645833333 0.125925925926 0.0947916666667
4 0.62962962963 0.58046875 0.125925925926 0.0984375
4 0.165277777778 0.675 0.0564814814815 0.096875
4 0.243518518519 0.682552083333 0.111111111111 0.0921875
4 0.3375 0.6859375 0.10462962963 0.0947916666667
4 0.460648148148 0.696614583333 0.130555555556 0.1015625
4 0.576851851852 0.703385416667 0.122222222222 0.100520833333
4 0.721759259259 0.704947916667 0.0861111111111 0.1140625
4 0.810648148148 0.712239583333 0.0898148148148 0.116145833333
4 0.891203703704 0.716927083333 0.0898148148148 0.106770833333
4 0.964814814815 0.721614583333 0.0685185185185 0.108854166667
4 0.210648148148 0.801302083333 0.100925925926 0.0994791666667
4 0.306018518519 0.80625 0.117592592593 0.102083333333
4 0.406481481481 0.815104166667 0.0981481481481 0.0979166666667
4 0.50462962963 0.818489583333 0.112962962963 0.100520833333
4 0.597685185185 0.826302083333 0.10462962963 0.1015625
4 0.709259259259 0.832552083333 0.114814814815 0.0921875
4 0.822685185185 0.84140625 0.117592592593 0.109895833333
4 0.939814814815 0.840625 0.114814814815 0.102083333333
4 0.0694444444444 0.590625 0.0833333333333 0.0802083333333
4 0.0388888888889 0.625520833333 0.0796296296296 0.0895833333333
4 0.0768518518519 0.72421875 0.101851851852 0.118229166667
