4 0.0453703703704 0.127604166667 0.0925925925926 0.102083333333
4 0.132407407407 0.131770833333 0.112962962963 0.0979166666667
4 0.244907407407 0.1375 0.117592592593 0.0958333333333
4 0.358796296296 0.143489583333 0.134259259259 0.100520833333
4 0.624537037037 0.14609375 0.20462962963 0.1171875
4 0.818981481481 0.155989583333 0.208333333333 0.116145833333
4 0.955555555556 0.163020833333 0.087037037037 0.105208333333
4 0.0685185185185 0.303125 0.138888888889 0.0979166666667
4 0.218055555556 0.30390625 0.191666666667 0.108854166667
4 0.4 0.3234375 0.196296296296 0.071875
4 0.62962962963 0.31875 0.181481481481 0.0958333333333
4 0.809722222222 0.328125 0.163888888889 0.0979166666667
4 0.9375 0.324739583333 0.123148148148 0.102604166667
4 0.0708333333333 0.4578125 0.143518518519 0.105208333333
4 0.21712962963 0.462760416667 0.167592592593 0.1171875
4 0.374537037037 0.4703125 0.165740740741 0.113541666667
4 0.523148148148 0.47890625 0.17037037037 0.0994791666667
4 0.675 0.48125 0.157407407407 0.102083333333
4 0.831481481481 0.484114583333 0.17037037037 0.105729166667
4 0.949537037037 0.49453125 0.0990740740741 0.0942708333333
4 0.0643518518519 0.618229166667 0.130555555556 0.113541666667
4 0.210648148148 0.622135416667 0.173148148148 0.1078125
4 0.351388888889 0.6234375 0.14537037037 0.110416666667
4 0.491203703704 0.634114583333 0.14537037037 0.109895833333
4 0.625462962963 0.629947916667 0.130555555556 0.1140625
4 0.746296296296 0.634895833333 0.142592592593 0.113541666667
4 0.886111111111 0.642447916667 0.138888888889 0.1078125
4 0.96712962963 0.644270833333 0.0638888888889 0.111458333333
4 0.115277777778 0.774739583333 0.189814814815 0.1265625
4 0.301851851852 0.775 0.201851851852 0.120833333333
4 0.468981481481 0.765625 0.150925925926 0.078125
4 0.628703703704 0.7734375 0.157407407407 0.071875
4 0.807407407407 0.784895833333 0.159259259259 0.0802083333333
4 0.473148148148 0.8234375 0.159259259259 0.0458333333333
4 0.631481481481 0.823958333333 0.155555555556 0.0395833333333
4 0.792592592593 0.8234375 0.159259259259 0.0458333333333
4 0.531018518519 0.91328125 0.162037037037 0.0755208333333
4 0.685185185185 0.913541666667 0.142592592593 0.0802083333333
4 0.843981481481 0.91875 0.163888888889 0.0833333333333
4 0.961574074074 0.929947916667 0.075 0.0901041666667
4 0.939351851852 0.789322916667 0.119444444444 0.0994791666667
4 0.099537037037 0.930208333333 0.200925925926 0.122916666667
4 0.29212962963 0.931770833333 0.208333333333 0.121875
4 0.532407407407 0.965885416667 0.146296296296 0.0442708333333
4 0.838425925926 0.97421875 0.149074074074 0.0369791666667
4 0.678703703704 0.964583333333 0.142592592593 0.0375
