6 0.065625 0.650462962963 0.0333333333333 0.123148148148
6 0.0390625 0.65 0.0260416666667 0.124074074074
6 0.0138020833333 0.651851851852 0.0286458333333 0.12037037037
6 0.58671875 0.0587962962963 0.0411458333333 0.0731481481481
6 0.63125 0.0569444444444 0.04375 0.0694444444444
6 0.672395833333 0.0555555555556 0.0364583333333 0.0740740740741
6 0.7140625 0.0560185185185 0.0427083333333 0.0787037037037
6 0.544270833333 0.12037037037 0.040625 0.0666666666667
6 0.587239583333 0.124074074074 0.0421875 0.0611111111111
6 0.62578125 0.122685185185 0.0421875 0.0638888888889
6 0.66953125 0.122222222222 0.0442708333333 0.0592592592593
6 0.712239583333 0.122685185185 0.0421875 0.0583333333333
6 0.601041666667 0.244907407407 0.040625 0.0731481481481
6 0.59921875 0.308796296296 0.0421875 0.0564814814815
6 0.64609375 0.256018518519 0.0380208333333 0.062037037037
6 0.644791666667 0.310185185185 0.0375 0.0555555555556
6 0.691927083333 0.256481481481 0.0390625 0.0666666666667
6 0.691927083333 0.3125 0.0421875 0.0583333333333
6 0.0255208333333 0.121296296296 0.0322916666667 0.0833333333333
6 0.05234375 0.120833333333 0.0317708333333 0.0824074074074
6 0.0763020833333 0.119907407407 0.0265625 0.0805555555556
6 0.108333333333 0.111574074074 0.034375 0.100925925926
6 0.149479166667 0.0930555555556 0.0322916666667 0.0694444444444
6 0.197135416667 0.0569444444444 0.0421875 0.0509259259259
6 0.23671875 0.0587962962963 0.0411458333333 0.0546296296296
6 0.196614583333 0.105092592593 0.0369791666667 0.0546296296296
6 0.234635416667 0.10787037037 0.0411458333333 0.0509259259259
6 0.2375 0.147685185185 0.0416666666667 0.0435185185185
6 0.2640625 0.109722222222 0.0291666666667 0.113888888889
6 0.287760416667 0.109259259259 0.0276041666667 0.112962962963
6 0.309895833333 0.111574074074 0.0270833333333 0.119444444444
6 0.333072916667 0.110648148148 0.0265625 0.117592592593
6 0.355729166667 0.109259259259 0.0291666666667 0.114814814815
6 0.382552083333 0.112962962963 0.0328125 0.122222222222
6 0.424479166667 0.0916666666667 0.0322916666667 0.0666666666667
6 0.454947916667 0.0967592592593 0.0338541666667 0.0675925925926
6 0.494791666667 0.0953703703704 0.0395833333333 0.062962962963
6 0.4234375 0.146296296296 0.0375 0.0518518518519
6 0.459895833333 0.143981481481 0.040625 0.0490740740741
6 0.496354166667 0.143055555556 0.0364583333333 0.0527777777778
6 0.0666666666667 0.305092592593 0.0239583333333 0.0842592592593
6 0.10078125 0.295833333333 0.0453125 0.0953703703704
6 0.13671875 0.293518518519 0.0369791666667 0.101851851852
6 0.166145833333 0.277314814815 0.0375 0.062037037037
6 0.184635416667 0.231944444444 0.0307291666667 0.062037037037
6 0.198177083333 0.281944444444 0.0348958333333 0.0583333333333
6 0.165625 0.324537037037 0.0364583333333 0.0490740740741
6 0.198177083333 0.323611111111 0.0369791666667 0.0509259259259
6 0.267447916667 0.245833333333 0.0390625 0.0490740740741
6 0.227083333333 0.245833333333 0.0385416666667 0.0601851851852
6 0.270833333333 0.291666666667 0.0385416666667 0.0518518518519
6 0.232552083333 0.293981481481 0.0390625 0.0527777777778
6 0.234895833333 0.330092592593 0.04375 0.0398148148148
6 0.273958333333 0.331018518519 0.0427083333333 0.0472222222222
6 0.300260416667 0.295833333333 0.0255208333333 0.121296296296
6 0.323177083333 0.296759259259 0.0296875 0.117592592593
6 0.348958333333 0.293055555556 0.0260416666667 0.119444444444
6 0.369010416667 0.29212962963 0.0255208333333 0.125
6 0.390625 0.293518518519 0.0260416666667 0.116666666667
6 0.040625 0.461574074074 0.0291666666667 0.112037037037
6 0.0622395833333 0.464351851852 0.0265625 0.125
6 0.101041666667 0.486111111111 0.04375 0.105555555556
6 0.137239583333 0.478240740741 0.0390625 0.110185185185
6 0.192447916667 0.463425925926 0.0359375 0.0527777777778
6 0.237239583333 0.425925925926 0.0328125 0.0648148148148
6 0.22109375 0.479166666667 0.0338541666667 0.0564814814815
6 0.256770833333 0.47962962963 0.0375 0.0555555555556
6 0.190625 0.508333333333 0.0333333333333 0.0518518518519
6 0.222916666667 0.519444444444 0.0375 0.0351851851852
6 0.2578125 0.519907407407 0.040625 0.0398148148148
6 0.285416666667 0.48287037037 0.021875 0.113888888889
6 0.303645833333 0.483796296296 0.021875 0.112037037037
6 0.325 0.484259259259 0.0270833333333 0.111111111111
6 0.34609375 0.486574074074 0.0223958333333 0.106481481481
6 0.365364583333 0.484722222222 0.0223958333333 0.108333333333
6 0.399739583333 0.483333333333 0.0244791666667 0.116666666667
6 0.567447916667 0.425925925926 0.0390625 0.0555555555556
6 0.603645833333 0.434259259259 0.0385416666667 0.0574074074074
6 0.5234375 0.466203703704 0.040625 0.0638888888889
6 0.559375 0.475 0.04375 0.062962962963
6 0.600520833333 0.481018518519 0.0395833333333 0.0583333333333
6 0.523958333333 0.511574074074 0.0385416666667 0.037962962963
6 0.560416666667 0.518055555556 0.0385416666667 0.0416666666667
6 0.598958333333 0.523148148148 0.0385416666667 0.037037037037
6 0.6421875 0.453240740741 0.0364583333333 0.0601851851852
6 0.6828125 0.462962962963 0.0416666666667 0.0648148148148
6 0.72265625 0.46712962963 0.0338541666667 0.0601851851852
6 0.644010416667 0.507407407407 0.0421875 0.0574074074074
6 0.681510416667 0.516203703704 0.0380208333333 0.0564814814815
6 0.7203125 0.518981481481 0.040625 0.0564814814815
6 0.759635416667 0.439814814815 0.0380208333333 0.0814814814815
6 0.797395833333 0.444907407407 0.0364583333333 0.0824074074074
6 0.759375 0.511111111111 0.0375 0.0685185185185
6 0.79375 0.5125 0.0385416666667 0.0657407407407
6 0.57890625 0.870833333333 0.0598958333333 0.0546296296296
6 0.57890625 0.925925925926 0.0598958333333 0.0462962962963
6 0.644791666667 0.847685185185 0.05625 0.0583333333333
6 0.639583333333 0.892592592593 0.0510416666667 0.0518518518519
6 0.521354166667 0.636111111111 0.0364583333333 0.0592592592593
6 0.520572916667 0.683796296296 0.0359375 0.037962962963
6 0.520833333333 0.714814814815 0.0260416666667 0.0407407407407
6 0.56015625 0.635648148148 0.0390625 0.0564814814815
6 0.598177083333 0.634259259259 0.0380208333333 0.062962962963
6 0.559114583333 0.682407407407 0.0359375 0.0444444444444
6 0.59609375 0.67962962963 0.0369791666667 0.0462962962963
6 0.55703125 0.716666666667 0.0328125 0.0481481481481
6 0.595052083333 0.718055555556 0.0411458333333 0.0453703703704
6 0.633072916667 0.656481481481 0.0401041666667 0.0777777777778
6 0.670572916667 0.651851851852 0.0348958333333 0.0722222222222
6 0.705208333333 0.662962962963 0.0375 0.0851851851852
6 0.634114583333 0.720833333333 0.0328125 0.0583333333333
6 0.671354166667 0.713888888889 0.03125 0.0611111111111
6 0.704166666667 0.728240740741 0.0385416666667 0.0490740740741
6 0.74140625 0.64537037037 0.0411458333333 0.0888888888889
6 0.779427083333 0.643981481481 0.0369791666667 0.0916666666667
6 0.81875 0.643981481481 0.0395833333333 0.0861111111111
6 0.742447916667 0.717592592593 0.0348958333333 0.0703703703704
6 0.777864583333 0.714814814815 0.0411458333333 0.0648148148148
6 0.818229166667 0.71712962963 0.0364583333333 0.0712962962963
1 0.747135416667 0.0953703703704 0.0286458333333 0.103703703704
1 0.769010416667 0.0967592592593 0.0255208333333 0.106481481481
1 0.789583333333 0.0972222222222 0.0208333333333 0.112962962963
1 0.8125 0.0972222222222 0.0229166666667 0.109259259259
1 0.729947916667 0.289351851852 0.0265625 0.100925925926
1 0.75234375 0.286111111111 0.0223958333333 0.107407407407
1 0.776822916667 0.281944444444 0.0192708333333 0.112037037037
1 0.79453125 0.286111111111 0.0244791666667 0.107407407407
1 0.81640625 0.288888888889 0.0276041666667 0.101851851852
1 0.114583333333 0.659722222222 0.03125 0.113888888889
1 0.14921875 0.648148148148 0.0390625 0.155555555556
1 0.184635416667 0.648148148148 0.0369791666667 0.161111111111
1 0.21796875 0.652314814815 0.0369791666667 0.152777777778
1 0.25 0.650462962963 0.034375 0.149074074074
1 0.283333333333 0.65 0.034375 0.151851851852
1 0.315885416667 0.669444444444 0.0317708333333 0.116666666667
1 0.3421875 0.643518518519 0.0322916666667 0.140740740741
1 0.372135416667 0.64537037037 0.0328125 0.138888888889
1 0.404166666667 0.649537037037 0.0385416666667 0.134259259259
1 0.933072916667 0.634259259259 0.0276041666667 0.101851851852
1 0.967708333333 0.650925925926 0.0270833333333 0.109259259259
1 0.9875 0.668518518519 0.0239583333333 0.114814814815
