0 0.0259259259259 0.0669270833333 0.0537037037037 0.0869791666667
0 0.130555555556 0.0317708333333 0.0703703703704 0.0645833333333
0 0.075462962963 0.0776041666667 0.0657407407407 0.08125
0 0.128240740741 0.090625 0.0601851851852 0.071875
0 0.188888888889 0.1015625 0.0703703703704 0.0708333333333
0 0.205092592593 0.03203125 0.0583333333333 0.0453125
0 0.289351851852 0.0505208333333 0.075 0.0635416666667
0 0.246296296296 0.10703125 0.0703703703704 0.0755208333333
0 0.288425925926 0.11875 0.0564814814815 0.0635416666667
0 0.324074074074 0.120572916667 0.0537037037037 0.0744791666667
0 0.330555555556 0.0528645833333 0.0537037037037 0.0526041666667
0 0.0240740740741 0.263541666667 0.05 0.0822916666667
0 0.0601851851852 0.265625 0.0722222222222 0.0708333333333
0 0.122685185185 0.248958333333 0.075 0.113541666667
0 0.171759259259 0.256510416667 0.062037037037 0.103645833333
0 0.224537037037 0.261197916667 0.0731481481481 0.0984375
0 0.270833333333 0.2640625 0.0583333333333 0.0947916666667
0 0.312037037037 0.265364583333 0.0537037037037 0.0973958333333
0 0.351388888889 0.26875 0.0583333333333 0.0927083333333
0 0.386111111111 0.27265625 0.0574074074074 0.0848958333333
0 0.0259259259259 0.449479166667 0.0537037037037 0.0604166666667
0 0.0712962962963 0.378645833333 0.0740740740741 0.0625
0 0.0819444444444 0.44296875 0.062037037037 0.0526041666667
0 0.0467592592593 0.5984375 0.062037037037 0.071875
0 0.0342592592593 0.710416666667 0.0703703703704 0.0916666666667
0 0.0847222222222 0.701041666667 0.0731481481481 0.084375
0 0.12962962963 0.68828125 0.0685185185185 0.0796875
0 0.171296296296 0.67734375 0.0685185185185 0.0786458333333
0 0.219444444444 0.666666666667 0.0740740740741 0.071875
0 0.270833333333 0.66328125 0.062037037037 0.0651041666667
0 0.0282407407407 0.827864583333 0.0583333333333 0.0744791666667
0 0.075462962963 0.813802083333 0.0657407407407 0.0786458333333
0 0.13287037037 0.797135416667 0.0583333333333 0.0755208333333
0 0.312962962963 0.746614583333 0.0555555555556 0.0463541666667
0 0.410648148148 0.71875 0.0583333333333 0.0489583333333
0 0.308796296296 0.649479166667 0.0435185185185 0.071875
0 0.349074074074 0.64140625 0.0537037037037 0.0630208333333
0 0.391666666667 0.4984375 0.0518518518519 0.0541666666667
0 0.430092592593 0.498958333333 0.0435185185185 0.046875
0 0.458796296296 0.496875 0.0435185185185 0.0489583333333
0 0.485185185185 0.687760416667 0.05 0.0421875
