1 0.113888888889 0.207552083333 0.0666666666667 0.0942708333333
1 0.0546296296296 0.205208333333 0.0740740740741 0.0947916666667
1 0.200925925926 0.203125 0.0777777777778 0.101041666667
1 0.260648148148 0.204427083333 0.062037037037 0.0963541666667
1 0.327777777778 0.204947916667 0.0685185185185 0.0994791666667
1 0.387037037037 0.203385416667 0.0722222222222 0.0963541666667
1 0.45 0.20390625 0.0666666666667 0.0932291666667
1 0.529166666667 0.206770833333 0.0638888888889 0.0875
1 0.588888888889 0.205729166667 0.0555555555556 0.0895833333333
1 0.638888888889 0.205989583333 0.0537037037037 0.0859375
1 0.686574074074 0.202864583333 0.0546296296296 0.0973958333333
1 0.743055555556 0.2015625 0.0601851851852 0.0947916666667
1 0.798611111111 0.20078125 0.0601851851852 0.0963541666667
1 0.843055555556 0.20390625 0.0453703703704 0.0880208333333
1 0.881944444444 0.205729166667 0.0546296296296 0.0822916666667
1 0.965277777778 0.201822916667 0.0675925925926 0.0973958333333
1 0.074537037037 0.559375 0.0768518518519 0.125
1 0.143518518519 0.55625 0.0703703703704 0.121875
1 0.227314814815 0.53828125 0.062037037037 0.0994791666667
1 0.331481481481 0.55 0.0648148148148 0.130208333333
1 0.277777777778 0.54140625 0.0518518518519 0.105729166667
1 0.397222222222 0.55234375 0.0481481481481 0.127604166667
1 0.436111111111 0.559895833333 0.0740740740741 0.135416666667
1 0.49537037037 0.559895833333 0.0740740740741 0.135416666667
1 0.574537037037 0.55859375 0.0805555555556 0.1359375
1 0.631018518519 0.555989583333 0.0657407407407 0.131770833333
1 0.683333333333 0.55703125 0.0759259259259 0.131770833333
1 0.747222222222 0.558333333333 0.0722222222222 0.136458333333
1 0.809259259259 0.560416666667 0.0685185185185 0.138541666667
1 0.0208333333333 0.738802083333 0.0435185185185 0.1203125
1 0.087037037037 0.72890625 0.0685185185185 0.119270833333
1 0.131944444444 0.724739583333 0.0638888888889 0.118229166667
1 0.176388888889 0.736458333333 0.0657407407407 0.122916666667
1 0.248148148148 0.73515625 0.087037037037 0.1296875
1 0.319907407407 0.729427083333 0.0787037037037 0.125520833333
1 0.388425925926 0.72890625 0.062037037037 0.121354166667
1 0.440740740741 0.734114583333 0.0722222222222 0.122395833333
1 0.496296296296 0.7328125 0.0648148148148 0.120833333333
1 0.563425925926 0.73046875 0.0694444444444 0.1296875
1 0.643055555556 0.731770833333 0.0824074074074 0.134375
1 0.711111111111 0.727083333333 0.0740740740741 0.130208333333
1 0.779166666667 0.73125 0.0861111111111 0.133333333333
1 0.864814814815 0.730989583333 0.0888888888889 0.128645833333
1 0.0361111111111 0.901822916667 0.0740740740741 0.141145833333
1 0.110648148148 0.900260416667 0.0990740740741 0.138020833333
1 0.2 0.898177083333 0.101851851852 0.1390625
1 0.274074074074 0.8625 0.0722222222222 0.071875
1 0.333796296296 0.861458333333 0.0564814814815 0.0697916666667
1 0.388425925926 0.878645833333 0.0953703703704 0.104166666667
1 0.448611111111 0.860677083333 0.0601851851852 0.0682291666667
1 0.506481481481 0.858333333333 0.0722222222222 0.0635416666667
1 0.576388888889 0.869010416667 0.0805555555556 0.0890625
1 0.658796296296 0.870572916667 0.0768518518519 0.0901041666667
1 0.718518518519 0.890625 0.105555555556 0.133333333333
1 0.944907407407 0.86484375 0.100925925926 0.0973958333333
