5 0.0481481481481 0.163802083333 0.0833333333333 0.115104166667
5 0.0384259259259 0.35078125 0.0787037037037 0.1734375
5 0.652314814815 0.345572916667 0.0824074074074 0.149479166667
5 0.6875 0.52578125 0.0824074074074 0.1484375
5 0.922685185185 0.51015625 0.0675925925926 0.138020833333
5 0.416666666667 0.750260416667 0.190740740741 0.171354166667
5 0.230555555556 0.746354166667 0.185185185185 0.189583333333
5 0.641203703704 0.148177083333 0.0990740740741 0.1390625
5 0.130092592593 0.148958333333 0.10462962963 0.1375
5 0.213888888889 0.150260416667 0.101851851852 0.1328125
5 0.304166666667 0.160416666667 0.0787037037037 0.116666666667
5 0.371759259259 0.1515625 0.0916666666667 0.130208333333
5 0.451851851852 0.145572916667 0.0962962962963 0.134895833333
5 0.544907407407 0.143229166667 0.0916666666667 0.1375
5 0.708333333333 0.154427083333 0.0666666666667 0.1171875
5 0.783333333333 0.15625 0.0814814814815 0.104166666667
5 0.876388888889 0.15703125 0.0805555555556 0.111979166667
5 0.964814814815 0.15546875 0.0685185185185 0.0984375
5 0.123611111111 0.354427083333 0.087962962963 0.1484375
5 0.193055555556 0.351302083333 0.0898148148148 0.1515625
5 0.260648148148 0.350260416667 0.0731481481481 0.149479166667
5 0.323611111111 0.350260416667 0.0731481481481 0.149479166667
5 0.381944444444 0.35078125 0.0712962962963 0.152604166667
5 0.441203703704 0.3484375 0.087962962963 0.157291666667
5 0.503703703704 0.347135416667 0.0685185185185 0.1484375
5 0.566666666667 0.345572916667 0.0666666666667 0.1515625
5 0.725925925926 0.342447916667 0.0777777777778 0.155729166667
5 0.817592592593 0.33828125 0.0722222222222 0.134895833333
5 0.890277777778 0.33984375 0.075 0.144270833333
5 0.0231481481481 0.53359375 0.0481481481481 0.127604166667
5 0.0805555555556 0.539583333333 0.0851851851852 0.139583333333
5 0.150462962963 0.534635416667 0.0694444444444 0.134895833333
5 0.215277777778 0.540364583333 0.087962962963 0.143229166667
5 0.289814814815 0.5359375 0.0814814814815 0.142708333333
5 0.352777777778 0.534114583333 0.0740740740741 0.143229166667
5 0.418055555556 0.536458333333 0.0842592592593 0.145833333333
5 0.503703703704 0.53125 0.0814814814815 0.139583333333
5 0.605555555556 0.523697916667 0.0722222222222 0.128645833333
5 0.75462962963 0.524479166667 0.0666666666667 0.136458333333
5 0.806481481481 0.519270833333 0.0555555555556 0.132291666667
5 0.974537037037 0.340364583333 0.0490740740741 0.1453125
5 0.973611111111 0.511979166667 0.0509259259259 0.139583333333
5 0.874074074074 0.509114583333 0.0555555555556 0.1265625
5 0.0703703703704 0.7171875 0.142592592593 0.15625
5 0.547222222222 0.715885416667 0.142592592593 0.1609375
5 0.673148148148 0.724739583333 0.107407407407 0.181770833333
5 0.759722222222 0.717447916667 0.0861111111111 0.1765625
5 0.875462962963 0.722135416667 0.0916666666667 0.183854166667
5 0.956481481481 0.685416666667 0.0851851851852 0.121875
