4 0.0592592592593 0.0580729166667 0.12037037037 0.1171875
4 0.209722222222 0.0544270833333 0.208333333333 0.109895833333
4 0.590740740741 0.0489583333333 0.187037037037 0.0989583333333
4 0.752777777778 0.0442708333333 0.168518518519 0.0895833333333
4 0.92037037037 0.04140625 0.157407407407 0.0838541666667
4 0.175925925926 0.2609375 0.212962962963 0.104166666667
4 0.3375 0.230208333333 0.176851851852 0.1375
4 0.518518518519 0.202604166667 0.216666666667 0.0927083333333
4 0.509722222222 0.274739583333 0.180555555556 0.0619791666667
4 0.723148148148 0.180208333333 0.185185185185 0.0375
4 0.718981481481 0.207552083333 0.200925925926 0.0348958333333
4 0.908796296296 0.183072916667 0.180555555556 0.0671875
4 0.912962962963 0.255208333333 0.172222222222 0.0708333333333
4 0.709259259259 0.255989583333 0.22962962963 0.0755208333333
4 0.0912037037037 0.417447916667 0.136111111111 0.141145833333
4 0.22037037037 0.41328125 0.166666666667 0.144270833333
4 0.359722222222 0.414322916667 0.119444444444 0.1421875
4 0.477314814815 0.404427083333 0.197222222222 0.150520833333
4 0.643518518519 0.397916666667 0.161111111111 0.146875
4 0.793055555556 0.399479166667 0.163888888889 0.153125
4 0.939351851852 0.39609375 0.119444444444 0.1671875
4 0.0611111111111 0.585416666667 0.124074074074 0.116666666667
4 0.171296296296 0.5734375 0.0814814814815 0.0979166666667
4 0.278703703704 0.577604166667 0.142592592593 0.120833333333
4 0.401388888889 0.572916666667 0.100925925926 0.111458333333
4 0.513888888889 0.5734375 0.142592592593 0.0979166666667
4 0.65 0.566145833333 0.144444444444 0.114583333333
4 0.793055555556 0.567447916667 0.150925925926 0.109895833333
4 0.9375 0.565104166667 0.123148148148 0.107291666667
4 0.164351851852 0.740364583333 0.213888888889 0.1265625
4 0.285648148148 0.733072916667 0.119444444444 0.1171875
4 0.406481481481 0.737760416667 0.157407407407 0.1171875
4 0.583333333333 0.735677083333 0.175925925926 0.119270833333
4 0.696296296296 0.719791666667 0.0944444444444 0.0958333333333
4 0.822222222222 0.7453125 0.159259259259 0.0875
4 0.918518518519 0.71171875 0.161111111111 0.111979166667
4 0.127314814815 0.915885416667 0.14537037037 0.149479166667
4 0.255092592593 0.919791666667 0.117592592593 0.136458333333
4 0.405555555556 0.933072916667 0.138888888889 0.1171875
4 0.540740740741 0.930729166667 0.138888888889 0.119791666667
4 0.689351851852 0.92265625 0.176851851852 0.1328125
4 0.879166666667 0.927083333333 0.193518518519 0.121875
