1 0.0393518518519 0.20234375 0.0805555555556 0.138020833333
1 0.1125 0.202083333333 0.0916666666667 0.133333333333
1 0.199537037037 0.21484375 0.0805555555556 0.119270833333
1 0.305555555556 0.209635416667 0.087037037037 0.131770833333
1 0.381018518519 0.211197916667 0.0805555555556 0.128645833333
1 0.455092592593 0.212760416667 0.0805555555556 0.138020833333
1 0.525 0.2171875 0.0722222222222 0.129166666667
1 0.589814814815 0.219010416667 0.0740740740741 0.1203125
1 0.693518518519 0.21796875 0.0851851851852 0.127604166667
1 0.768055555556 0.220833333333 0.0972222222222 0.123958333333
1 0.843055555556 0.218489583333 0.0861111111111 0.1328125
1 0.909722222222 0.221354166667 0.0675925925926 0.132291666667
1 0.96712962963 0.226041666667 0.0638888888889 0.134375
1 0.0300925925926 0.38671875 0.062037037037 0.127604166667
1 0.138425925926 0.387239583333 0.0768518518519 0.115104166667
1 0.214351851852 0.389583333333 0.0768518518519 0.123958333333
1 0.360648148148 0.379166666667 0.0972222222222 0.140625
1 0.434259259259 0.38046875 0.0851851851852 0.138020833333
1 0.491203703704 0.382291666667 0.0861111111111 0.147916666667
1 0.540277777778 0.38515625 0.075 0.138020833333
1 0.616666666667 0.384895833333 0.0833333333333 0.135416666667
1 0.693518518519 0.38671875 0.0851851851852 0.136979166667
1 0.774074074074 0.386979166667 0.0796296296296 0.14375
1 0.831481481481 0.398177083333 0.0722222222222 0.108854166667
1 0.881944444444 0.395833333333 0.0824074074074 0.122916666667
1 0.969444444444 0.402864583333 0.0592592592593 0.106770833333
1 0.0291666666667 0.546354166667 0.0601851851852 0.113541666667
1 0.0962962962963 0.559375 0.0777777777778 0.122916666667
1 0.177314814815 0.559635416667 0.100925925926 0.128645833333
1 0.302777777778 0.540885416667 0.0851851851852 0.127604166667
1 0.344907407407 0.55234375 0.0916666666667 0.136979166667
1 0.414814814815 0.551041666667 0.087037037037 0.132291666667
1 0.481944444444 0.551302083333 0.087962962963 0.1390625
1 0.542592592593 0.548177083333 0.0703703703704 0.130729166667
1 0.611574074074 0.548177083333 0.0768518518519 0.130729166667
1 0.6875 0.55625 0.0805555555556 0.135416666667
1 0.773148148148 0.5609375 0.087037037037 0.1375
1 0.831481481481 0.561458333333 0.0722222222222 0.113541666667
1 0.901388888889 0.552864583333 0.0842592592593 0.1078125
1 0.963888888889 0.563802083333 0.0703703703704 0.116145833333
1 0.0486111111111 0.698697916667 0.0824074074074 0.100520833333
1 0.115740740741 0.698697916667 0.0555555555556 0.100520833333
1 0.168055555556 0.700520833333 0.062037037037 0.1
1 0.228703703704 0.697135416667 0.0814814814815 0.0973958333333
1 0.280092592593 0.697395833333 0.0675925925926 0.0916666666667
1 0.328703703704 0.70859375 0.103703703704 0.116145833333
1 0.425 0.689583333333 0.087037037037 0.0802083333333
1 0.50462962963 0.713802083333 0.0925925925926 0.121354166667
1 0.572222222222 0.705729166667 0.0648148148148 0.1125
1 0.640277777778 0.709635416667 0.0805555555556 0.1203125
1 0.715277777778 0.71015625 0.0824074074074 0.119270833333
1 0.806018518519 0.702604166667 0.0694444444444 0.104166666667
1 0.849074074074 0.71796875 0.0740740740741 0.106770833333
1 0.930555555556 0.716666666667 0.0888888888889 0.104166666667
1 0.976851851852 0.727864583333 0.0444444444444 0.109895833333
1 0.107407407407 0.9046875 0.109259259259 0.108333333333
1 0.321296296296 0.905208333333 0.109259259259 0.111458333333
1 0.529166666667 0.907552083333 0.10462962963 0.1109375
1 0.741666666667 0.904166666667 0.107407407407 0.109375
1 0.898611111111 0.847916666667 0.102777777778 0.0895833333333
