4 0.0875 0.112239583333 0.176851851852 0.108854166667
4 0.292592592593 0.096875 0.22037037037 0.154166666667
4 0.480555555556 0.09609375 0.0777777777778 0.152604166667
4 0.556481481481 0.10078125 0.0814814814815 0.152604166667
4 0.653240740741 0.105208333333 0.0916666666667 0.146875
4 0.728240740741 0.10625 0.0805555555556 0.141666666667
4 0.80787037037 0.108072916667 0.0787037037037 0.147395833333
4 0.864814814815 0.11640625 0.0666666666667 0.143229166667
4 0.0962962962963 0.283072916667 0.194444444444 0.111979166667
4 0.309259259259 0.2859375 0.2 0.113541666667
4 0.448611111111 0.290104166667 0.0768518518519 0.110416666667
4 0.519444444444 0.28828125 0.0666666666667 0.0994791666667
4 0.575 0.2890625 0.0796296296296 0.103125
4 0.677777777778 0.288541666667 0.0685185185185 0.0989583333333
4 0.743055555556 0.291927083333 0.0694444444444 0.0921875
4 0.80787037037 0.2921875 0.0657407407407 0.096875
4 0.864351851852 0.290104166667 0.075 0.101041666667
4 0.926851851852 0.289583333333 0.0648148148148 0.102083333333
4 0.0560185185185 0.444270833333 0.113888888889 0.096875
4 0.175925925926 0.440104166667 0.137037037037 0.0958333333333
4 0.322685185185 0.436979166667 0.150925925926 0.0947916666667
4 0.4625 0.4359375 0.0787037037037 0.0927083333333
4 0.560185185185 0.435416666667 0.0666666666667 0.0885416666667
4 0.626388888889 0.434114583333 0.0731481481481 0.0932291666667
4 0.69212962963 0.4328125 0.0731481481481 0.0885416666667
4 0.752777777778 0.431770833333 0.0537037037037 0.0885416666667
4 0.810185185185 0.430208333333 0.0703703703704 0.0822916666667
4 0.869907407407 0.429947916667 0.0731481481481 0.0848958333333
4 0.935648148148 0.429947916667 0.0731481481481 0.0828125
4 0.0726851851852 0.587239583333 0.147222222222 0.0828125
4 0.218055555556 0.578125 0.149074074074 0.0791666666667
4 0.35787037037 0.572916666667 0.136111111111 0.078125
4 0.443518518519 0.569270833333 0.0703703703704 0.078125
4 0.496759259259 0.56640625 0.0583333333333 0.0744791666667
4 0.588425925926 0.568229166667 0.0731481481481 0.078125
4 0.642592592593 0.56640625 0.062962962963 0.0744791666667
4 0.702777777778 0.559895833333 0.0722222222222 0.075
4 0.759259259259 0.558072916667 0.0666666666667 0.0713541666667
4 0.812962962963 0.55546875 0.0648148148148 0.0744791666667
4 0.868981481481 0.555208333333 0.0657407407407 0.0729166666667
4 0.927777777778 0.553125 0.0666666666667 0.0770833333333
4 0.973611111111 0.553385416667 0.0509259259259 0.0713541666667
4 0.0625 0.716927083333 0.126851851852 0.0776041666667
4 0.202314814815 0.703125 0.137962962963 0.0697916666667
4 0.348148148148 0.69609375 0.12962962963 0.0765625
4 0.440277777778 0.68515625 0.0731481481481 0.0671875
4 0.532407407407 0.684114583333 0.0574074074074 0.0723958333333
4 0.594907407407 0.681770833333 0.0638888888889 0.0697916666667
4 0.656481481481 0.678645833333 0.0685185185185 0.0729166666667
4 0.715740740741 0.6765625 0.0592592592593 0.0729166666667
4 0.769444444444 0.67578125 0.0703703703704 0.0723958333333
4 0.827314814815 0.669270833333 0.0601851851852 0.06875
4 0.883796296296 0.66640625 0.0583333333333 0.0671875
4 0.934722222222 0.665104166667 0.0583333333333 0.0645833333333
4 0.975925925926 0.66328125 0.0462962962963 0.0682291666667
4 0.049537037037 0.836458333333 0.100925925926 0.0864583333333
4 0.167592592593 0.827604166667 0.157407407407 0.096875
4 0.338888888889 0.816927083333 0.183333333333 0.0848958333333
4 0.450462962963 0.809895833333 0.0787037037037 0.0947916666667
4 0.550462962963 0.80078125 0.0601851851852 0.0890625
4 0.611111111111 0.796354166667 0.0574074074074 0.090625
4 0.659259259259 0.791145833333 0.0703703703704 0.0864583333333
4 0.716203703704 0.788802083333 0.0583333333333 0.0838541666667
4 0.765277777778 0.7859375 0.062037037037 0.0822916666667
4 0.823611111111 0.78046875 0.0601851851852 0.0817708333333
4 0.871759259259 0.776041666667 0.0601851851852 0.0791666666667
4 0.925 0.777083333333 0.0518518518519 0.0864583333333
4 0.971759259259 0.773177083333 0.0546296296296 0.0848958333333
