1 0.0486111111111 0.109114583333 0.0953703703704 0.0953125
1 0.119444444444 0.0911458333333 0.122222222222 0.133333333333
1 0.221296296296 0.09296875 0.144444444444 0.118229166667
1 0.318981481481 0.115885416667 0.113888888889 0.0692708333333
1 0.409722222222 0.0893229166667 0.130555555556 0.1140625
1 0.519907407407 0.0830729166667 0.123148148148 0.128645833333
1 0.628240740741 0.0770833333333 0.137962962963 0.126041666667
1 0.753240740741 0.0690104166667 0.134259259259 0.119270833333
1 0.863425925926 0.06796875 0.115740740741 0.1265625
1 0.956018518519 0.0645833333333 0.0861111111111 0.130208333333
1 0.0828703703704 0.333072916667 0.100925925926 0.128645833333
1 0.174074074074 0.32890625 0.124074074074 0.131770833333
1 0.280555555556 0.3265625 0.133333333333 0.136458333333
1 0.388425925926 0.32265625 0.115740740741 0.140104166667
1 0.489814814815 0.317447916667 0.12962962963 0.136979166667
1 0.602777777778 0.3109375 0.125925925926 0.144791666667
1 0.7 0.311458333333 0.0925925925926 0.134375
1 0.805092592593 0.312760416667 0.121296296296 0.1296875
1 0.90462962963 0.307552083333 0.0777777777778 0.128645833333
1 0.968518518519 0.303385416667 0.0611111111111 0.1390625
1 0.109259259259 0.538541666667 0.175925925926 0.173958333333
1 0.410185185185 0.546614583333 0.125925925926 0.159895833333
1 0.528240740741 0.542447916667 0.119444444444 0.168229166667
1 0.641203703704 0.540364583333 0.123148148148 0.1609375
1 0.7625 0.538802083333 0.132407407407 0.140104166667
1 0.875925925926 0.538802083333 0.12037037037 0.138020833333
1 0.961111111111 0.542447916667 0.0759259259259 0.140104166667
1 0.923148148148 0.442447916667 0.151851851852 0.0557291666667
1 0.124537037037 0.747916666667 0.119444444444 0.141666666667
1 0.200925925926 0.746614583333 0.111111111111 0.141145833333
1 0.291666666667 0.743229166667 0.107407407407 0.14375
1 0.386574074074 0.74140625 0.102777777778 0.140104166667
1 0.475462962963 0.7421875 0.100925925926 0.14375
1 0.539351851852 0.722135416667 0.0675925925926 0.119270833333
1 0.684722222222 0.709114583333 0.0787037037037 0.103645833333
1 0.763425925926 0.73515625 0.0972222222222 0.150520833333
1 0.855555555556 0.74609375 0.107407407407 0.1515625
1 0.95 0.741666666667 0.0981481481481 0.163541666667
1 0.208333333333 0.907552083333 0.122222222222 0.1109375
1 0.31712962963 0.915104166667 0.100925925926 0.116666666667
1 0.384259259259 0.928645833333 0.118518518519 0.141666666667
1 0.506481481481 0.941927083333 0.15 0.115104166667
1 0.805092592593 0.93046875 0.134259259259 0.138020833333
