1 0.79453125 0.667592592593 0.0203125 0.0796296296296
1 0.8203125 0.717592592593 0.0239583333333 0.127777777778
1 0.86328125 0.697222222222 0.0411458333333 0.17037037037
1 0.910677083333 0.700462962963 0.0380208333333 0.169444444444
1 0.952864583333 0.701851851852 0.0401041666667 0.164814814815
6 0.986979166667 0.699537037037 0.025 0.173148148148
6 0.0182291666667 0.890277777778 0.0375 0.0564814814815
6 0.291927083333 0.95 0.0619791666667 0.0555555555556
6 0.386458333333 0.846759259259 0.0541666666667 0.0490740740741
6 0.384895833333 0.896759259259 0.0479166666667 0.0435185185185
6 0.426302083333 0.957407407407 0.0567708333333 0.0574074074074
6 0.483072916667 0.963888888889 0.0536458333333 0.0518518518519
6 0.533072916667 0.918055555556 0.0567708333333 0.0657407407407
6 0.597135416667 0.921759259259 0.0619791666667 0.0638888888889
6 0.66640625 0.941666666667 0.0640625 0.0648148148148
6 0.5421875 0.966666666667 0.0583333333333 0.05
6 0.602864583333 0.972685185185 0.0536458333333 0.0527777777778
6 0.722395833333 0.977314814815 0.05625 0.0435185185185
6 0.783072916667 0.972685185185 0.0546875 0.0527777777778
6 0.129166666667 0.0476851851852 0.0416666666667 0.0842592592593
6 0.16484375 0.0472222222222 0.0432291666667 0.0907407407407
6 0.130989583333 0.124537037037 0.0380208333333 0.0824074074074
6 0.16875 0.126851851852 0.0416666666667 0.0722222222222
6 0.220572916667 0.0481481481481 0.0421875 0.0759259259259
6 0.25390625 0.0527777777778 0.0328125 0.0740740740741
6 0.207552083333 0.122685185185 0.0421875 0.0824074074074
6 0.246875 0.100462962963 0.0354166666667 0.0546296296296
6 0.246614583333 0.143518518519 0.0401041666667 0.0462962962963
6 0.31640625 0.0462962962963 0.0369791666667 0.0666666666667
6 0.316927083333 0.100462962963 0.0390625 0.0601851851852
6 0.282552083333 0.0949074074074 0.0380208333333 0.0638888888889
6 0.284114583333 0.141203703704 0.0390625 0.0416666666667
6 0.31875 0.138888888889 0.0354166666667 0.0462962962963
6 0.0190104166667 0.123611111111 0.0286458333333 0.0916666666667
6 0.0447916666667 0.124537037037 0.0270833333333 0.0935185185185
6 0.0708333333333 0.123611111111 0.0354166666667 0.0916666666667
6 0.0989583333333 0.123148148148 0.0333333333333 0.0962962962963
6 0.0234375 0.316666666667 0.0270833333333 0.0888888888889
6 0.053125 0.3125 0.0333333333333 0.087962962963
6 0.0848958333333 0.313425925926 0.0270833333333 0.0898148148148
6 0.10859375 0.310648148148 0.0234375 0.0916666666667
6 0.13515625 0.313425925926 0.0369791666667 0.0898148148148
6 0.196614583333 0.24537037037 0.0432291666667 0.0740740740741
6 0.246354166667 0.241666666667 0.040625 0.0777777777778
6 0.200520833333 0.316203703704 0.0416666666667 0.0768518518519
6 0.24296875 0.318055555556 0.0411458333333 0.0768518518519
6 0.288802083333 0.287037037037 0.0359375 0.0555555555556
6 0.3171875 0.294444444444 0.0385416666667 0.0574074074074
6 0.357291666667 0.291666666667 0.0385416666667 0.0574074074074
6 0.2796875 0.331944444444 0.040625 0.0546296296296
6 0.3203125 0.336111111111 0.040625 0.0462962962963
6 0.35703125 0.33287037037 0.0359375 0.0453703703704
6 0.57890625 0.254166666667 0.0328125 0.102777777778
6 0.60625 0.254166666667 0.03125 0.0972222222222
6 0.626822916667 0.245833333333 0.0307291666667 0.0953703703704
6 0.665364583333 0.330555555556 0.0588541666667 0.0481481481481
6 0.669791666667 0.269907407407 0.053125 0.075
6 0.791666666667 0.304166666667 0.034375 0.0916666666667
6 0.83046875 0.293518518519 0.0421875 0.112962962963
6 0.876041666667 0.288888888889 0.0458333333333 0.122222222222
6 0.959635416667 0.26712962963 0.0432291666667 0.0694444444444
6 0.9140625 0.261574074074 0.0364583333333 0.0694444444444
6 0.917708333333 0.319444444444 0.04375 0.0648148148148
6 0.958072916667 0.324074074074 0.0442708333333 0.0555555555556
6 0.0166666666667 0.514814814815 0.0270833333333 0.0907407407407
6 0.0432291666667 0.514814814815 0.0270833333333 0.0888888888889
6 0.06640625 0.516666666667 0.0296875 0.087037037037
6 0.0921875 0.517592592593 0.028125 0.0907407407407
6 0.1140625 0.514814814815 0.0260416666667 0.0907407407407
6 0.1390625 0.513425925926 0.0291666666667 0.0916666666667
6 0.2375 0.45 0.0416666666667 0.0888888888889
6 0.23984375 0.531944444444 0.0432291666667 0.075
6 0.275 0.489351851852 0.03125 0.134259259259
6 0.29921875 0.483796296296 0.0213541666667 0.130555555556
6 0.31796875 0.490740740741 0.0307291666667 0.137037037037
6 0.34375 0.493055555556 0.0302083333333 0.141666666667
6 0.548177083333 0.106018518519 0.0338541666667 0.0953703703704
6 0.57890625 0.102314814815 0.0286458333333 0.0953703703704
6 0.604427083333 0.102777777778 0.0255208333333 0.0962962962963
6 0.62890625 0.100925925926 0.0286458333333 0.0925925925926
6 0.690625 0.0990740740741 0.0354166666667 0.0925925925926
6 0.720052083333 0.0972222222222 0.0276041666667 0.0962962962963
6 0.746875 0.0949074074074 0.0302083333333 0.0990740740741
6 0.79765625 0.0967592592593 0.0390625 0.108333333333
6 0.8328125 0.0907407407407 0.034375 0.107407407407
6 0.978385416667 0.0601851851852 0.0421875 0.062962962963
6 0.919270833333 0.0523148148148 0.0354166666667 0.0787037037037
6 0.89296875 0.0513888888889 0.0265625 0.075
6 0.0114583333333 0.688888888889 0.0239583333333 0.131481481481
6 0.03359375 0.687037037037 0.0286458333333 0.131481481481
6 0.05703125 0.690740740741 0.0286458333333 0.127777777778
6 0.07890625 0.687037037037 0.0213541666667 0.137037037037
6 0.0997395833333 0.688425925926 0.0276041666667 0.141666666667
6 0.124479166667 0.688425925926 0.0270833333333 0.139814814815
6 0.150260416667 0.688425925926 0.0307291666667 0.136111111111
6 0.213020833333 0.716666666667 0.0364583333333 0.0777777777778
6 0.246875 0.644907407407 0.04375 0.0731481481481
6 0.252864583333 0.718981481481 0.0338541666667 0.0712962962963
6 0.280989583333 0.694907407407 0.0307291666667 0.134259259259
6 0.306510416667 0.698148148148 0.0307291666667 0.137037037037
6 0.332291666667 0.696759259259 0.028125 0.139814814815
6 0.357291666667 0.695833333333 0.028125 0.132407407407
6 0.385677083333 0.661574074074 0.0546875 0.0527777777778
6 0.436458333333 0.664351851852 0.0510416666667 0.0509259259259
6 0.490625 0.667592592593 0.053125 0.0518518518519
6 0.541666666667 0.671759259259 0.0510416666667 0.0490740740741
6 0.392708333333 0.706481481481 0.0520833333333 0.0518518518519
6 0.443489583333 0.70462962963 0.0473958333333 0.0481481481481
6 0.492447916667 0.712037037037 0.0515625 0.0518518518519
6 0.548177083333 0.708796296296 0.0505208333333 0.0453703703704
6 0.39609375 0.748611111111 0.0505208333333 0.0416666666667
6 0.447135416667 0.746296296296 0.0494791666667 0.0481481481481
6 0.501041666667 0.749074074074 0.0489583333333 0.0425925925926
6 0.5515625 0.748148148148 0.053125 0.0425925925926
6 0.594791666667 0.70462962963 0.0375 0.137037037037
6 0.62265625 0.705555555556 0.0286458333333 0.135185185185
6 0.6546875 0.703240740741 0.0270833333333 0.141666666667
6 0.683072916667 0.707407407407 0.0276041666667 0.138888888889
6 0.708333333333 0.706944444444 0.0260416666667 0.139814814815
6 0.734635416667 0.705092592593 0.0276041666667 0.143518518519
6 0.76171875 0.70787037037 0.0265625 0.147222222222
6 0.558854166667 0.517592592593 0.0260416666667 0.0962962962963
6 0.585416666667 0.52037037037 0.0291666666667 0.0925925925926
6 0.611197916667 0.52037037037 0.0255208333333 0.0962962962963
6 0.639322916667 0.502314814815 0.0223958333333 0.0935185185185
6 0.662760416667 0.501851851852 0.0255208333333 0.0981481481481
6 0.688020833333 0.506481481481 0.0239583333333 0.0962962962963
6 0.730729166667 0.473148148148 0.028125 0.101851851852
6 0.758072916667 0.474537037037 0.0276041666667 0.10462962963
6 0.785416666667 0.475462962963 0.0260416666667 0.102777777778
6 0.833854166667 0.508333333333 0.0416666666667 0.116666666667
6 0.88203125 0.415740740741 0.0390625 0.0518518518519
6 0.956770833333 0.437962962963 0.046875 0.0611111111111
6 0.929427083333 0.487037037037 0.0473958333333 0.0759259259259
6 0.9734375 0.501851851852 0.04375 0.0685185185185
6 0.929166666667 0.544444444444 0.0458333333333 0.0555555555556
6 0.973958333333 0.548611111111 0.0427083333333 0.0453703703704
