1 0.0611111111111 0.113802083333 0.124074074074 0.122395833333
1 0.251388888889 0.1046875 0.113888888889 0.1125
1 0.359259259259 0.0986979166667 0.131481481481 0.118229166667
1 0.461574074074 0.0940104166667 0.134259259259 0.116145833333
1 0.588425925926 0.0864583333333 0.117592592593 0.121875
1 0.696759259259 0.0854166666667 0.112037037037 0.123958333333
1 0.800925925926 0.08125 0.122222222222 0.130208333333
1 0.969444444444 0.08125 0.0592592592593 0.102083333333
1 0.0486111111111 0.338802083333 0.0990740740741 0.140104166667
1 0.147685185185 0.333333333333 0.136111111111 0.134375
1 0.25 0.330989583333 0.124074074074 0.1390625
1 0.348148148148 0.330729166667 0.125925925926 0.1375
1 0.45787037037 0.323697916667 0.115740740741 0.1359375
1 0.544907407407 0.320052083333 0.0990740740741 0.128645833333
1 0.652314814815 0.322135416667 0.117592592593 0.127604166667
1 0.739814814815 0.31796875 0.0907407407407 0.1265625
1 0.852314814815 0.309895833333 0.121296296296 0.135416666667
1 0.951851851852 0.30703125 0.0944444444444 0.1296875
1 0.0453703703704 0.54609375 0.0925925925926 0.174479166667
1 0.0810185185185 0.5296875 0.100925925926 0.146875
1 0.278240740741 0.549479166667 0.14537037037 0.160416666667
1 0.397222222222 0.54765625 0.122222222222 0.155729166667
1 0.506481481481 0.542447916667 0.12962962963 0.156770833333
1 0.62037037037 0.544270833333 0.144444444444 0.132291666667
1 0.736111111111 0.543229166667 0.124074074074 0.134375
1 0.838888888889 0.5390625 0.140740740741 0.13125
1 0.949537037037 0.554166666667 0.0990740740741 0.142708333333
1 0.819444444444 0.441927083333 0.162962962963 0.0453125
1 0.938425925926 0.44296875 0.121296296296 0.0432291666667
1 0.0310185185185 0.751822916667 0.0638888888889 0.149479166667
1 0.0912037037037 0.75546875 0.117592592593 0.138020833333
1 0.175462962963 0.752604166667 0.113888888889 0.134375
1 0.265740740741 0.742708333333 0.118518518519 0.142708333333
1 0.357407407407 0.745052083333 0.124074074074 0.140104166667
1 0.418055555556 0.721354166667 0.087962962963 0.113541666667
1 0.567592592593 0.709114583333 0.0907407407407 0.100520833333
1 0.637037037037 0.734114583333 0.103703703704 0.1390625
1 0.726388888889 0.736979166667 0.113888888889 0.152083333333
1 0.821296296296 0.73359375 0.125925925926 0.163020833333
1 0.9375 0.716145833333 0.123148148148 0.135416666667
1 0.104166666667 0.910677083333 0.123148148148 0.111979166667
1 0.210648148148 0.921614583333 0.100925925926 0.1203125
1 0.282407407407 0.932552083333 0.109259259259 0.133854166667
1 0.403703703704 0.94140625 0.15 0.116145833333
1 0.695833333333 0.924739583333 0.134259259259 0.149479166667
1 0.765277777778 0.901302083333 0.0824074074074 0.119270833333
1 0.859259259259 0.886197916667 0.087037037037 0.0619791666667
1 0.947685185185 0.924739583333 0.102777777778 0.149479166667
