4 0.464814814815 0.247916666667 0.0925925925926 0.122916666667
4 0.556481481481 0.246614583333 0.111111111111 0.1140625
4 0.706018518519 0.248177083333 0.0787037037037 0.1171875
4 0.346759259259 0.24609375 0.167592592593 0.111979166667
4 0.249074074074 0.236979166667 0.138888888889 0.120833333333
4 0.0773148148148 0.220572916667 0.156481481481 0.134895833333
4 0.0912037037037 0.390104166667 0.149074074074 0.1125
4 0.419444444444 0.3765625 0.105555555556 0.0947916666667
4 0.144907407407 0.5625 0.150925925926 0.071875
4 0.0402777777778 0.594010416667 0.0824074074074 0.102604166667
4 0.241203703704 0.541927083333 0.102777777778 0.0994791666667
4 0.651851851852 0.459635416667 0.153703703704 0.0755208333333
4 0.341666666667 0.53046875 0.109259259259 0.0651041666667
4 0.371296296296 0.742447916667 0.0962962962963 0.0671875
