6 0.809722222222 0.882552083333 0.180555555556 0.0494791666667
6 0.809722222222 0.925260416667 0.173148148148 0.0421875
6 0.726851851852 0.571614583333 0.0833333333333 0.1640625
6 0.827777777778 0.570572916667 0.111111111111 0.158854166667
6 0.925925925926 0.56640625 0.1 0.161979166667
6 0.717592592593 0.386979166667 0.0685185185185 0.128125
6 0.797222222222 0.385416666667 0.0833333333333 0.13125
6 0.876388888889 0.38359375 0.0768518518519 0.118229166667
6 0.959722222222 0.380729166667 0.0787037037037 0.121875
6 0.0560185185185 0.20703125 0.113888888889 0.0859375
6 0.181018518519 0.20078125 0.121296296296 0.0859375
6 0.327314814815 0.202083333333 0.130555555556 0.08125
6 0.461574074074 0.196614583333 0.123148148148 0.0901041666667
6 0.596296296296 0.19921875 0.125925925926 0.103645833333
6 0.208796296296 0.338802083333 0.121296296296 0.0817708333333
6 0.344907407407 0.336979166667 0.119444444444 0.0875
6 0.471296296296 0.3359375 0.125925925926 0.0875
6 0.608796296296 0.332291666667 0.121296296296 0.0875
6 0.607407407407 0.412760416667 0.124074074074 0.0723958333333
6 0.478240740741 0.414583333333 0.115740740741 0.0708333333333
6 0.350462962963 0.41875 0.117592592593 0.0697916666667
6 0.225 0.41875 0.114814814815 0.0739583333333
6 0.113425925926 0.3828125 0.10462962963 0.053125
6 0.122685185185 0.43515625 0.119444444444 0.0411458333333
6 0.110185185185 0.554947916667 0.12037037037 0.0776041666667
6 0.121759259259 0.624479166667 0.100925925926 0.0697916666667
6 0.0314814814815 0.409114583333 0.0648148148148 0.0932291666667
