6 0.0574074074074 0.2578125 0.0944444444444 0.119791666667
6 0.114351851852 0.253125 0.0768518518519 0.105208333333
6 0.27962962963 0.272916666667 0.0944444444444 0.0895833333333
6 0.200462962963 0.269270833333 0.075 0.0875
6 0.433796296296 0.270833333333 0.106481481481 0.0958333333333
6 0.524074074074 0.269791666667 0.0962962962963 0.0885416666667
6 0.612962962963 0.269270833333 0.0962962962963 0.0854166666667
6 0.367592592593 0.270052083333 0.0703703703704 0.0932291666667
6 0.706018518519 0.26875 0.100925925926 0.0864583333333
6 0.897685185185 0.265625 0.0898148148148 0.0822916666667
6 0.968518518519 0.270572916667 0.0611111111111 0.0796875
6 0.125925925926 0.42109375 0.0796296296296 0.105729166667
6 0.0666666666667 0.418489583333 0.062962962963 0.100520833333
6 0.0222222222222 0.42109375 0.0462962962963 0.102604166667
6 0.256481481481 0.42890625 0.0814814814815 0.0901041666667
6 0.343981481481 0.429166666667 0.100925925926 0.0791666666667
6 0.428703703704 0.428125 0.112962962963 0.071875
6 0.749537037037 0.429427083333 0.0861111111111 0.0838541666667
6 0.826851851852 0.429427083333 0.087037037037 0.0786458333333
6 0.896759259259 0.427083333333 0.087962962963 0.08125
6 0.964351851852 0.428125 0.0694444444444 0.08125
6 0.668981481481 0.57109375 0.0768518518519 0.1265625
6 0.752777777778 0.565885416667 0.0796296296296 0.125520833333
6 0.822685185185 0.563541666667 0.087962962963 0.125
6 0.89212962963 0.561458333333 0.087962962963 0.123958333333
6 0.962962962963 0.560677083333 0.0722222222222 0.125520833333
6 0.0263888888889 0.583333333333 0.0546296296296 0.104166666667
6 0.0861111111111 0.58046875 0.0833333333333 0.0984375
