1 0.0231481481481 0.187760416667 0.0481481481481 0.106770833333
1 0.0777777777778 0.188541666667 0.0740740740741 0.105208333333
1 0.140277777778 0.187760416667 0.0805555555556 0.106770833333
1 0.210185185185 0.186979166667 0.0759259259259 0.103125
1 0.278240740741 0.187760416667 0.0638888888889 0.1046875
1 0.332407407407 0.185416666667 0.0703703703704 0.104166666667
1 0.388425925926 0.187239583333 0.062037037037 0.0984375
1 0.448148148148 0.183854166667 0.0777777777778 0.103125
1 0.503703703704 0.187760416667 0.0537037037037 0.0953125
1 0.558796296296 0.1875 0.0583333333333 0.0927083333333
1 0.662037037037 0.179947916667 0.0703703703704 0.1078125
1 0.731944444444 0.176822916667 0.0824074074074 0.109895833333
1 0.809259259259 0.17421875 0.0722222222222 0.1078125
1 0.876851851852 0.174739583333 0.0648148148148 0.106770833333
1 0.939351851852 0.172135416667 0.0583333333333 0.1078125
1 0.062962962963 0.572135416667 0.0907407407407 0.141145833333
1 0.140277777778 0.569791666667 0.0768518518519 0.134375
1 0.197222222222 0.560416666667 0.0703703703704 0.127083333333
1 0.238888888889 0.55390625 0.0759259259259 0.119270833333
1 0.2875 0.564583333333 0.0861111111111 0.126041666667
1 0.351388888889 0.5625 0.0824074074074 0.134375
1 0.423611111111 0.552864583333 0.0657407407407 0.130729166667
1 0.467592592593 0.557552083333 0.0722222222222 0.138020833333
1 0.533333333333 0.55234375 0.0759259259259 0.136979166667
1 0.594907407407 0.541927083333 0.0564814814815 0.1046875
1 0.646296296296 0.541927083333 0.0685185185185 0.106770833333
1 0.719444444444 0.551822916667 0.0703703703704 0.138020833333
1 0.805092592593 0.554166666667 0.0601851851852 0.144791666667
1 0.855555555556 0.5640625 0.0703703703704 0.147916666667
1 0.918055555556 0.564322916667 0.0731481481481 0.147395833333
1 0.0662037037037 0.71328125 0.117592592593 0.0901041666667
1 0.230092592593 0.731770833333 0.0787037037037 0.122916666667
1 0.2875 0.750260416667 0.0824074074074 0.1296875
1 0.351388888889 0.751302083333 0.062037037037 0.1296875
1 0.396759259259 0.74453125 0.0787037037037 0.122395833333
1 0.455092592593 0.735416666667 0.0601851851852 0.125
1 0.519907407407 0.729947916667 0.075 0.124479166667
1 0.561111111111 0.74453125 0.0666666666667 0.1296875
1 0.641203703704 0.746875 0.0824074074074 0.134375
1 0.718518518519 0.744791666667 0.0851851851852 0.133333333333
1 0.781481481481 0.738020833333 0.0703703703704 0.13125
1 0.838888888889 0.746614583333 0.0740740740741 0.1296875
1 0.903703703704 0.745052083333 0.0685185185185 0.128645833333
1 0.964351851852 0.74453125 0.0694444444444 0.1390625
1 0.0407407407407 0.95390625 0.0777777777778 0.0901041666667
1 0.0921296296296 0.945572916667 0.062037037037 0.106770833333
1 0.148148148148 0.942447916667 0.0685185185185 0.108854166667
1 0.215277777778 0.953385416667 0.0787037037037 0.0890625
1 0.290740740741 0.90703125 0.112962962963 0.130729166667
1 0.386111111111 0.913802083333 0.1 0.140104166667
1 0.476388888889 0.910416666667 0.0953703703704 0.135416666667
1 0.568518518519 0.91171875 0.0962962962963 0.138020833333
1 0.675462962963 0.879166666667 0.0712962962963 0.0729166666667
1 0.748148148148 0.897395833333 0.111111111111 0.102083333333
1 0.854166666667 0.879427083333 0.0842592592593 0.0661458333333
1 0.939814814815 0.89140625 0.107407407407 0.0880208333333
