1 0.668981481481 0.0765625 0.130555555556 0.154166666667
1 0.773148148148 0.0729166666667 0.118518518519 0.146875
1 0.873148148148 0.07421875 0.111111111111 0.149479166667
1 0.943518518519 0.297135416667 0.111111111111 0.180729166667
1 0.847222222222 0.294791666667 0.125925925926 0.182291666667
1 0.75462962963 0.296614583333 0.125925925926 0.1859375
1 0.655555555556 0.295572916667 0.12037037037 0.1796875
1 0.557407407407 0.27734375 0.109259259259 0.1953125
1 0.459259259259 0.276041666667 0.116666666667 0.186458333333
1 0.358796296296 0.277864583333 0.112037037037 0.200520833333
1 0.271759259259 0.277083333333 0.0935185185185 0.192708333333
1 0.186111111111 0.271875 0.107407407407 0.198958333333
1 0.087037037037 0.270572916667 0.133333333333 0.193229166667
1 0.55787037037 0.0744791666667 0.0990740740741 0.15
1 0.45462962963 0.0736979166667 0.125925925926 0.1484375
1 0.344444444444 0.07421875 0.12037037037 0.149479166667
1 0.246296296296 0.0760416666667 0.0981481481481 0.153125
1 0.926851851852 0.522916666667 0.12037037037 0.173958333333
1 0.828240740741 0.514322916667 0.108333333333 0.1703125
1 0.741203703704 0.5171875 0.108333333333 0.16875
1 0.649074074074 0.51796875 0.12037037037 0.159895833333
1 0.533333333333 0.49375 0.116666666667 0.180208333333
1 0.434259259259 0.497135416667 0.124074074074 0.177604166667
1 0.340277777778 0.48671875 0.0953703703704 0.180729166667
1 0.260185185185 0.49296875 0.12037037037 0.168229166667
1 0.168055555556 0.482552083333 0.106481481481 0.171354166667
1 0.087962962963 0.483072916667 0.114814814815 0.163020833333
1 0.181481481481 0.666666666667 0.0907407407407 0.165625
1 0.268055555556 0.669010416667 0.0990740740741 0.1671875
1 0.366666666667 0.686979166667 0.105555555556 0.158333333333
1 0.519907407407 0.683854166667 0.108333333333 0.158333333333
1 0.630092592593 0.701041666667 0.108333333333 0.161458333333
1 0.715740740741 0.7109375 0.1 0.160416666667
1 0.80462962963 0.724479166667 0.124074074074 0.142708333333
1 0.900462962963 0.724479166667 0.110185185185 0.145833333333
1 0.92037037037 0.896354166667 0.0777777777778 0.153125
1 0.844907407407 0.89296875 0.0990740740741 0.146354166667
1 0.741203703704 0.8859375 0.108333333333 0.145833333333
1 0.635185185185 0.8703125 0.111111111111 0.135416666667
1 0.444444444444 0.86796875 0.105555555556 0.141145833333
1 0.336111111111 0.8578125 0.1 0.152083333333
1 0.226388888889 0.8484375 0.108333333333 0.147916666667
1 0.121296296296 0.842708333333 0.135185185185 0.138541666667
1 0.0560185185185 0.0744791666667 0.113888888889 0.15
1 0.156944444444 0.0734375 0.117592592593 0.147916666667
1 0.952777777778 0.0786458333333 0.0925925925926 0.158333333333
1 0.0611111111111 0.664322916667 0.103703703704 0.1484375
1 0.436574074074 0.680989583333 0.0972222222222 0.152604166667
1 0.964351851852 0.72421875 0.0694444444444 0.153645833333
1 0.0416666666667 0.8375 0.0851851851852 0.135416666667
1 0.974537037037 0.90546875 0.0490740740741 0.141145833333
