1 0.0365740740741 0.136458333333 0.075 0.121875
1 0.0907407407407 0.136197916667 0.0851851851852 0.128645833333
1 0.165740740741 0.140104166667 0.087037037037 0.120833333333
1 0.241203703704 0.14140625 0.0805555555556 0.1203125
1 0.310648148148 0.140364583333 0.0805555555556 0.118229166667
1 0.386111111111 0.1390625 0.0907407407407 0.122916666667
1 0.455092592593 0.1390625 0.0842592592593 0.122916666667
1 0.501851851852 0.1578125 0.0574074074074 0.0947916666667
1 0.55462962963 0.159895833333 0.0740740740741 0.0854166666667
1 0.616666666667 0.159375 0.087037037037 0.0916666666667
1 0.683333333333 0.157552083333 0.0722222222222 0.0859375
1 0.749537037037 0.157552083333 0.0768518518519 0.0859375
1 0.831944444444 0.1546875 0.087962962963 0.0916666666667
1 0.90787037037 0.156510416667 0.0712962962963 0.0901041666667
1 0.969444444444 0.15703125 0.0592592592593 0.0890625
1 0.0453703703704 0.294270833333 0.0925925925926 0.125
1 0.127777777778 0.292447916667 0.125925925926 0.128645833333
1 0.228703703704 0.2953125 0.112962962963 0.125
1 0.330555555556 0.2953125 0.107407407407 0.120833333333
1 0.434722222222 0.2953125 0.113888888889 0.125
1 0.536111111111 0.2953125 0.111111111111 0.127083333333
1 0.634722222222 0.292447916667 0.115740740741 0.128645833333
1 0.737962962963 0.296614583333 0.127777777778 0.1296875
1 0.845833333333 0.298177083333 0.117592592593 0.124479166667
1 0.936574074074 0.29296875 0.10462962963 0.1203125
1 0.0393518518519 0.440364583333 0.0805555555556 0.1171875
1 0.113425925926 0.4421875 0.117592592593 0.122916666667
1 0.211574074074 0.44296875 0.115740740741 0.115104166667
1 0.310185185185 0.445833333333 0.0981481481481 0.115625
1 0.402777777778 0.443489583333 0.0907407407407 0.116145833333
1 0.487962962963 0.443489583333 0.105555555556 0.1109375
1 0.583333333333 0.443489583333 0.107407407407 0.1109375
1 0.686574074074 0.4453125 0.112037037037 0.114583333333
1 0.793518518519 0.443489583333 0.114814814815 0.1109375
1 0.884259259259 0.440104166667 0.0666666666667 0.104166666667
1 0.944907407407 0.440625 0.0638888888889 0.110416666667
1 0.976851851852 0.442447916667 0.0444444444444 0.106770833333
1 0.0546296296296 0.57890625 0.111111111111 0.1046875
1 0.149537037037 0.57890625 0.102777777778 0.106770833333
1 0.237037037037 0.577604166667 0.105555555556 0.104166666667
1 0.333796296296 0.577083333333 0.113888888889 0.103125
1 0.428240740741 0.579947916667 0.100925925926 0.1046875
1 0.523148148148 0.576041666667 0.105555555556 0.105208333333
1 0.6125 0.577083333333 0.112037037037 0.105208333333
1 0.704166666667 0.578385416667 0.100925925926 0.105729166667
1 0.799074074074 0.575520833333 0.109259259259 0.10625
1 0.8625 0.570833333333 0.0472222222222 0.096875
1 0.926388888889 0.569270833333 0.0638888888889 0.0958333333333
1 0.97037037037 0.570833333333 0.0574074074074 0.096875
1 0.0944444444444 0.715625 0.111111111111 0.117708333333
1 0.199074074074 0.71796875 0.107407407407 0.122395833333
1 0.294444444444 0.715364583333 0.101851851852 0.118229166667
1 0.385185185185 0.7109375 0.109259259259 0.111458333333
1 0.478703703704 0.707552083333 0.0907407407407 0.1109375
1 0.547685185185 0.709635416667 0.0842592592593 0.1046875
1 0.61712962963 0.709114583333 0.0824074074074 0.109895833333
1 0.693981481481 0.709635416667 0.0675925925926 0.1109375
1 0.759722222222 0.710416666667 0.0805555555556 0.1125
1 0.822222222222 0.705729166667 0.0833333333333 0.1125
1 0.894444444444 0.704427083333 0.0666666666667 0.1078125
1 0.958796296296 0.705729166667 0.0805555555556 0.110416666667
1 0.147685185185 0.884114583333 0.126851851852 0.140104166667
1 0.255555555556 0.886979166667 0.101851851852 0.14375
1 0.367592592593 0.879947916667 0.127777777778 0.1484375
1 0.475925925926 0.881510416667 0.109259259259 0.147395833333
1 0.591203703704 0.887239583333 0.121296296296 0.1515625
1 0.699074074074 0.880989583333 0.107407407407 0.1390625
1 0.789351851852 0.880989583333 0.0916666666667 0.127604166667
1 0.8875 0.881510416667 0.100925925926 0.128645833333
1 0.971296296296 0.88046875 0.0555555555556 0.1171875
