1 0.0444444444444 0.12578125 0.0907407407407 0.1078125
1 0.15787037037 0.123958333333 0.137962962963 0.104166666667
1 0.317592592593 0.124739583333 0.17037037037 0.109895833333
1 0.469907407407 0.13046875 0.152777777778 0.100520833333
1 0.637037037037 0.13828125 0.174074074074 0.0942708333333
1 0.781018518519 0.151302083333 0.132407407407 0.0755208333333
1 0.930092592593 0.147395833333 0.137962962963 0.0864583333333
1 0.0675925925926 0.292447916667 0.127777777778 0.0723958333333
1 0.188425925926 0.277604166667 0.158333333333 0.096875
1 0.330092592593 0.289322916667 0.14537037037 0.0921875
1 0.461574074074 0.291927083333 0.136111111111 0.0942708333333
1 0.592592592593 0.2984375 0.153703703704 0.0770833333333
1 0.746296296296 0.287760416667 0.155555555556 0.0911458333333
1 0.921759259259 0.288802083333 0.15462962963 0.109895833333
1 0.0421296296296 0.44375 0.0861111111111 0.1125
1 0.136574074074 0.445833333333 0.121296296296 0.0958333333333
1 0.255092592593 0.4515625 0.134259259259 0.111458333333
1 0.38287037037 0.453645833333 0.132407407407 0.111458333333
1 0.514351851852 0.454947916667 0.136111111111 0.108854166667
1 0.64537037037 0.455729166667 0.127777777778 0.1125
1 0.799074074074 0.4578125 0.135185185185 0.105208333333
1 0.898611111111 0.454427083333 0.10462962963 0.102604166667
1 0.0708333333333 0.55078125 0.143518518519 0.0505208333333
1 0.0569444444444 0.616145833333 0.115740740741 0.0697916666667
1 0.0824074074074 0.898697916667 0.166666666667 0.1359375
1 0.316666666667 0.8859375 0.274074074074 0.111458333333
1 0.508796296296 0.932291666667 0.147222222222 0.113541666667
1 0.686111111111 0.917447916667 0.153703703704 0.152604166667
1 0.856481481481 0.925260416667 0.172222222222 0.144270833333
1 0.914351851852 0.757291666667 0.0638888888889 0.10625
1 0.978703703704 0.760416666667 0.0407407407407 0.105208333333
