4 0.0796296296296 0.1671875 0.161111111111 0.177083333333
4 0.278240740741 0.168489583333 0.234259259259 0.1796875
4 0.506944444444 0.210416666667 0.0768518518519 0.0989583333333
4 0.79212962963 0.14296875 0.212037037037 0.0598958333333
4 0.7625 0.390364583333 0.252777777778 0.1296875
4 0.524074074074 0.384635416667 0.253703703704 0.136979166667
4 0.280092592593 0.36953125 0.215740740741 0.158854166667
4 0.480092592593 0.58515625 0.225 0.1140625
4 0.69212962963 0.5890625 0.232407407407 0.115625
4 0.878703703704 0.75859375 0.240740740741 0.1515625
4 0.503703703704 0.746875 0.353703703704 0.144791666667
4 0.25462962963 0.55390625 0.2 0.1546875
4 0.0828703703704 0.54921875 0.167592592593 0.152604166667
4 0.570833333333 0.194270833333 0.075 0.139583333333
4 0.62962962963 0.196875 0.0703703703704 0.1375
4 0.777314814815 0.19609375 0.208333333333 0.0546875
4 0.763888888889 0.24296875 0.212962962963 0.0567708333333
4 0.933333333333 0.234114583333 0.131481481481 0.0859375
4 0.0986111111111 0.359635416667 0.150925925926 0.140104166667
4 0.942592592593 0.39609375 0.112962962963 0.1265625
4 0.90787037037 0.591666666667 0.182407407407 0.120833333333
4 0.0625 0.722395833333 0.126851851852 0.126041666667
4 0.219444444444 0.7265625 0.185185185185 0.128125
4 0.0708333333333 0.856510416667 0.143518518519 0.0671875
4 0.233796296296 0.865625 0.206481481481 0.078125
4 0.0699074074074 0.914322916667 0.141666666667 0.0588541666667
4 0.237037037037 0.927083333333 0.196296296296 0.053125
4 0.488888888889 0.894791666667 0.301851851852 0.129166666667
4 0.803240740741 0.90859375 0.325 0.130729166667
