4 0.102777777778 0.11640625 0.164814814815 0.0598958333333
4 0.305092592593 0.125260416667 0.149074074074 0.0421875
4 0.464814814815 0.07265625 0.155555555556 0.0515625
4 0.464814814815 0.124479166667 0.172222222222 0.053125
4 0.0962962962963 0.25390625 0.151851851852 0.134895833333
4 0.230555555556 0.25546875 0.127777777778 0.131770833333
4 0.363425925926 0.259114583333 0.134259259259 0.131770833333
4 0.480555555556 0.26015625 0.127777777778 0.1171875
4 0.599074074074 0.259635416667 0.137037037037 0.125520833333
4 0.750462962963 0.28828125 0.117592592593 0.0734375
4 0.886111111111 0.229427083333 0.138888888889 0.0671875
4 0.871296296296 0.291666666667 0.138888888889 0.0635416666667
4 0.0625 0.4203125 0.126851851852 0.128125
4 0.185185185185 0.41640625 0.151851851852 0.1265625
4 0.327314814815 0.4109375 0.147222222222 0.122916666667
4 0.481944444444 0.367447916667 0.117592592593 0.0390625
4 0.619444444444 0.369270833333 0.155555555556 0.0375
4 0.764351851852 0.366666666667 0.149074074074 0.0375
4 0.912037037037 0.36796875 0.153703703704 0.0401041666667
4 0.461574074074 0.414583333333 0.149074074074 0.0541666666667
4 0.619444444444 0.420052083333 0.155555555556 0.0505208333333
4 0.774537037037 0.416145833333 0.149074074074 0.053125
4 0.918518518519 0.41796875 0.153703703704 0.0494791666667
4 0.448148148148 0.462760416667 0.155555555556 0.0505208333333
4 0.595833333333 0.464583333333 0.163888888889 0.046875
4 0.75462962963 0.464583333333 0.164814814815 0.0447916666667
4 0.914351851852 0.46328125 0.149074074074 0.0473958333333
4 0.0787037037037 0.5765625 0.124074074074 0.111458333333
4 0.204166666667 0.577604166667 0.134259259259 0.115625
4 0.335648148148 0.5734375 0.130555555556 0.110416666667
4 0.463425925926 0.57421875 0.132407407407 0.116145833333
4 0.589814814815 0.577083333333 0.112962962963 0.1125
4 0.710185185185 0.580208333333 0.125925925926 0.104166666667
4 0.84212962963 0.595833333333 0.119444444444 0.0625
4 0.953240740741 0.590885416667 0.0916666666667 0.0755208333333
4 0.0296296296296 0.728125 0.0611111111111 0.114583333333
4 0.125 0.730989583333 0.15 0.125520833333
4 0.277314814815 0.725260416667 0.132407407407 0.108854166667
4 0.408333333333 0.72265625 0.140740740741 0.116145833333
4 0.527314814815 0.716927083333 0.102777777778 0.1140625
4 0.678240740741 0.696614583333 0.176851851852 0.0536458333333
4 0.883796296296 0.675 0.202777777778 0.0375
4 0.87962962963 0.70546875 0.198148148148 0.0411458333333
4 0.689351851852 0.746614583333 0.193518518519 0.0421875
4 0.875462962963 0.746614583333 0.193518518519 0.0473958333333
4 0.0337962962963 0.890104166667 0.0694444444444 0.153125
4 0.10787037037 0.8859375 0.115740740741 0.154166666667
4 0.213888888889 0.882552083333 0.111111111111 0.1421875
4 0.338888888889 0.885416666667 0.111111111111 0.153125
4 0.458333333333 0.884635416667 0.125925925926 0.158854166667
4 0.562037037037 0.880208333333 0.112962962963 0.154166666667
4 0.668055555556 0.877864583333 0.10462962963 0.1515625
4 0.791203703704 0.880729166667 0.137962962963 0.15
4 0.929166666667 0.874739583333 0.136111111111 0.141145833333
4 0.834259259259 0.128125 0.153703703704 0.053125
4 0.638888888889 0.139322916667 0.17037037037 0.0328125
