4 0.138888888889 0.14140625 0.211111111111 0.143229166667
4 0.289814814815 0.13828125 0.140740740741 0.1421875
4 0.465740740741 0.1453125 0.216666666667 0.144791666667
4 0.677777777778 0.14140625 0.233333333333 0.1359375
4 0.903703703704 0.145833333333 0.190740740741 0.129166666667
4 0.138888888889 0.3234375 0.185185185185 0.101041666667
4 0.329166666667 0.322395833333 0.193518518519 0.0958333333333
4 0.498611111111 0.319270833333 0.147222222222 0.0989583333333
4 0.640277777778 0.314322916667 0.210185185185 0.0994791666667
4 0.884722222222 0.315104166667 0.19537037037 0.0958333333333
4 0.0569444444444 0.4703125 0.115740740741 0.0802083333333
4 0.213888888889 0.483072916667 0.25 0.0484375
4 0.396759259259 0.463802083333 0.150925925926 0.0817708333333
4 0.560648148148 0.459114583333 0.191666666667 0.0817708333333
4 0.698611111111 0.456770833333 0.14537037037 0.08125
4 0.83287037037 0.452604166667 0.121296296296 0.0822916666667
4 0.940740740741 0.45390625 0.116666666667 0.0848958333333
4 0.0652777777778 0.608072916667 0.132407407407 0.0817708333333
4 0.246759259259 0.59609375 0.167592592593 0.0692708333333
4 0.408796296296 0.59609375 0.165740740741 0.0838541666667
4 0.567592592593 0.587239583333 0.153703703704 0.0755208333333
4 0.706018518519 0.584114583333 0.130555555556 0.0744791666667
4 0.818981481481 0.580729166667 0.106481481481 0.071875
4 0.948148148148 0.58046875 0.101851851852 0.0817708333333
4 0.0717592592593 0.72890625 0.14537037037 0.0703125
4 0.238425925926 0.722395833333 0.180555555556 0.071875
4 0.394907407407 0.71328125 0.167592592593 0.0661458333333
4 0.5375 0.70859375 0.162037037037 0.0661458333333
4 0.677314814815 0.6984375 0.14537037037 0.0552083333333
4 0.841666666667 0.697395833333 0.125925925926 0.071875
4 0.954166666667 0.694270833333 0.0898148148148 0.06875
4 0.0773148148148 0.837760416667 0.134259259259 0.0598958333333
4 0.225925925926 0.8375 0.175925925926 0.0729166666667
4 0.382407407407 0.840625 0.168518518519 0.0989583333333
4 0.533333333333 0.8359375 0.137037037037 0.096875
4 0.666666666667 0.81015625 0.137037037037 0.0578125
4 0.812037037037 0.827604166667 0.12037037037 0.10625
4 0.939351851852 0.82109375 0.119444444444 0.100520833333
