4 0.112037037037 0.20234375 0.225925925926 0.174479166667
4 0.326851851852 0.22109375 0.222222222222 0.147395833333
4 0.269444444444 0.395572916667 0.207407407407 0.146354166667
4 0.474537037037 0.405208333333 0.20462962963 0.142708333333
4 0.788425925926 0.413802083333 0.219444444444 0.136979166667
4 0.0782407407407 0.0419270833333 0.158333333333 0.0848958333333
4 0.260185185185 0.0479166666667 0.212962962963 0.096875
4 0.473148148148 0.0502604166667 0.205555555556 0.1015625
4 0.656481481481 0.0575520833333 0.153703703704 0.116145833333
4 0.820833333333 0.05625 0.180555555556 0.113541666667
4 0.948148148148 0.0580729166667 0.101851851852 0.1171875
4 0.509259259259 0.243229166667 0.198148148148 0.120833333333
4 0.718981481481 0.2484375 0.193518518519 0.114583333333
4 0.927777777778 0.24375 0.142592592593 0.145833333333
4 0.647685185185 0.409114583333 0.158333333333 0.131770833333
4 0.938425925926 0.419791666667 0.121296296296 0.13125
4 0.0925925925926 0.390104166667 0.185185185185 0.140625
4 0.0847222222222 0.566145833333 0.171296296296 0.145833333333
4 0.218518518519 0.570052083333 0.114814814815 0.138020833333
4 0.347222222222 0.572916666667 0.166666666667 0.152083333333
4 0.497222222222 0.576302083333 0.124074074074 0.140104166667
4 0.601851851852 0.57734375 0.114814814815 0.143229166667
4 0.715740740741 0.575260416667 0.17037037037 0.134895833333
4 0.868981481481 0.587760416667 0.143518518519 0.1359375
4 0.117592592593 0.73359375 0.194444444444 0.125520833333
4 0.293518518519 0.735416666667 0.172222222222 0.121875
4 0.458333333333 0.742447916667 0.194444444444 0.119270833333
4 0.625925925926 0.74375 0.162962962963 0.121875
4 0.769444444444 0.750260416667 0.198148148148 0.125520833333
4 0.91712962963 0.754947916667 0.163888888889 0.127604166667
4 0.161111111111 0.862239583333 0.187037037037 0.0661458333333
4 0.163425925926 0.920052083333 0.191666666667 0.0505208333333
4 0.347222222222 0.867708333333 0.190740740741 0.071875
4 0.343981481481 0.923958333333 0.167592592593 0.0520833333333
4 0.547222222222 0.870572916667 0.194444444444 0.0682291666667
4 0.537037037037 0.929427083333 0.185185185185 0.0526041666667
4 0.726388888889 0.8796875 0.178703703704 0.071875
4 0.719907407407 0.932552083333 0.175 0.0494791666667
4 0.903703703704 0.879427083333 0.190740740741 0.0692708333333
4 0.898148148148 0.937760416667 0.185185185185 0.0526041666667
