4 0.0625 0.0479166666667 0.126851851852 0.096875
4 0.29537037037 0.0572916666667 0.337037037037 0.10625
4 0.566666666667 0.0609375 0.185185185185 0.122916666667
4 0.753703703704 0.0755208333333 0.190740740741 0.113541666667
4 0.916666666667 0.0947916666667 0.164814814815 0.08125
4 0.105555555556 0.240885416667 0.2 0.149479166667
4 0.212962962963 0.24609375 0.0796296296296 0.1359375
4 0.375462962963 0.241927083333 0.176851851852 0.149479166667
4 0.55787037037 0.24609375 0.173148148148 0.143229166667
4 0.720833333333 0.24921875 0.15462962963 0.146354166667
4 0.888425925926 0.252083333333 0.180555555556 0.140625
4 0.2625 0.39140625 0.402777777778 0.0505208333333
4 0.0625 0.453645833333 0.126851851852 0.113541666667
4 0.288888888889 0.456770833333 0.35 0.107291666667
4 0.563888888889 0.444791666667 0.138888888889 0.129166666667
4 0.698611111111 0.434895833333 0.175 0.130208333333
4 0.834259259259 0.440885416667 0.140740740741 0.116145833333
4 0.952314814815 0.443229166667 0.0935185185185 0.122916666667
4 0.0847222222222 0.5578125 0.171296296296 0.0364583333333
4 0.0685185185185 0.624739583333 0.138888888889 0.100520833333
4 0.302777777778 0.624479166667 0.338888888889 0.0958333333333
4 0.555555555556 0.622395833333 0.12962962963 0.0864583333333
4 0.676388888889 0.629427083333 0.121296296296 0.0765625
4 0.82037037037 0.618229166667 0.125925925926 0.0875
4 0.927314814815 0.617708333333 0.106481481481 0.0791666666667
4 0.0962962962963 0.790625 0.194444444444 0.096875
4 0.343055555556 0.729947916667 0.313888888889 0.0473958333333
4 0.34212962963 0.79609375 0.312037037037 0.0859375
4 0.602314814815 0.7515625 0.223148148148 0.0947916666667
4 0.788425925926 0.747395833333 0.232407407407 0.105208333333
4 0.0740740740741 0.971614583333 0.15 0.0567708333333
4 0.281481481481 0.945572916667 0.196296296296 0.108854166667
4 0.403240740741 0.944270833333 0.160185185185 0.111458333333
4 0.590740740741 0.93125 0.22037037037 0.1375
4 0.775 0.934895833333 0.207407407407 0.130208333333
4 0.924074074074 0.935416666667 0.15 0.129166666667
