1 0.0560185185185 0.09453125 0.0805555555556 0.109895833333
1 0.1125 0.0955729166667 0.0787037037037 0.1078125
1 0.161111111111 0.0927083333333 0.0685185185185 0.111458333333
1 0.223611111111 0.0932291666667 0.0861111111111 0.114583333333
1 0.428240740741 0.103385416667 0.0768518518519 0.0973958333333
1 0.481481481481 0.101302083333 0.0685185185185 0.0963541666667
1 0.537037037037 0.102083333333 0.0722222222222 0.102083333333
1 0.593055555556 0.0984375 0.0638888888889 0.1
1 0.647685185185 0.0973958333333 0.062037037037 0.104166666667
1 0.699537037037 0.0955729166667 0.0601851851852 0.0963541666667
1 0.752777777778 0.0919270833333 0.0777777777778 0.108854166667
1 0.82962962963 0.0864583333333 0.0888888888889 0.119791666667
1 0.930092592593 0.0885416666667 0.117592592593 0.121875
1 0.0518518518519 0.311979166667 0.105555555556 0.154166666667
1 0.137962962963 0.315104166667 0.105555555556 0.153125
1 0.203240740741 0.313020833333 0.0990740740741 0.154166666667
1 0.273148148148 0.312239583333 0.0944444444444 0.147395833333
1 0.344907407407 0.31953125 0.075 0.141145833333
1 0.409722222222 0.3203125 0.0842592592593 0.152083333333
1 0.480555555556 0.323697916667 0.0907407407407 0.158854166667
1 0.56712962963 0.323697916667 0.0990740740741 0.156770833333
1 0.680092592593 0.321875 0.0953703703704 0.1625
1 0.755555555556 0.320572916667 0.0685185185185 0.1484375
1 0.814814814815 0.318489583333 0.0888888888889 0.1578125
1 0.898611111111 0.313802083333 0.0787037037037 0.150520833333
1 0.926388888889 0.322395833333 0.137962962963 0.172916666667
1 0.0606481481481 0.54296875 0.0990740740741 0.1296875
1 0.121759259259 0.554947916667 0.110185185185 0.138020833333
1 0.194907407407 0.544270833333 0.0824074074074 0.125
1 0.237962962963 0.558072916667 0.0777777777778 0.136979166667
1 0.303703703704 0.560416666667 0.0944444444444 0.136458333333
1 0.38287037037 0.564583333333 0.0935185185185 0.123958333333
1 0.460185185185 0.567447916667 0.0907407407407 0.1296875
1 0.530092592593 0.5671875 0.102777777778 0.134375
1 0.614351851852 0.55390625 0.0787037037037 0.128645833333
1 0.669907407407 0.543489583333 0.0824074074074 0.115104166667
1 0.731944444444 0.54296875 0.0787037037037 0.1203125
1 0.802777777778 0.557552083333 0.105555555556 0.147395833333
1 0.908796296296 0.5671875 0.102777777778 0.145833333333
1 0.974537037037 0.56640625 0.0490740740741 0.150520833333
1 0.0402777777778 0.732291666667 0.0824074074074 0.142708333333
1 0.111574074074 0.721875 0.108333333333 0.123958333333
1 0.212962962963 0.709635416667 0.087037037037 0.1046875
1 0.295833333333 0.721875 0.0953703703704 0.121875
1 0.364814814815 0.728385416667 0.0888888888889 0.127604166667
1 0.444907407407 0.739583333333 0.100925925926 0.134375
1 0.532407407407 0.75078125 0.107407407407 0.158854166667
1 0.739814814815 0.740364583333 0.103703703704 0.124479166667
1 0.867592592593 0.732291666667 0.1 0.101041666667
1 0.947222222222 0.73984375 0.0925925925926 0.1015625
1 0.120833333333 0.922135416667 0.0824074074074 0.0661458333333
1 0.191666666667 0.927083333333 0.0851851851852 0.0697916666667
1 0.2625 0.93359375 0.0787037037037 0.0661458333333
1 0.159722222222 0.978385416667 0.0787037037037 0.0421875
1 0.216666666667 0.980729166667 0.0888888888889 0.0375
1 0.296759259259 0.980208333333 0.0805555555556 0.0385416666667
1 0.346759259259 0.9359375 0.0787037037037 0.0708333333333
1 0.413888888889 0.941666666667 0.0925925925926 0.0729166666667
1 0.493981481481 0.954427083333 0.0935185185185 0.0734375
1 0.655555555556 0.925 0.0907407407407 0.111458333333
1 0.72037037037 0.940625 0.105555555556 0.117708333333
1 0.804166666667 0.939583333333 0.0990740740741 0.119791666667
1 0.879166666667 0.937760416667 0.0768518518519 0.106770833333
