1 0.0486111111111 0.304427083333 0.0990740740741 0.156770833333
1 0.144444444444 0.306510416667 0.124074074074 0.153645833333
1 0.237037037037 0.303385416667 0.0925925925926 0.1515625
1 0.332407407407 0.305989583333 0.124074074074 0.149479166667
1 0.409722222222 0.307552083333 0.0842592592593 0.1515625
1 0.569444444444 0.3171875 0.107407407407 0.141666666667
1 0.682407407407 0.302083333333 0.118518518519 0.178125
1 0.0550925925926 0.552083333333 0.10462962963 0.140625
1 0.134259259259 0.550520833333 0.0888888888889 0.146875
1 0.418518518519 0.558333333333 0.101851851852 0.140625
1 0.349537037037 0.5484375 0.0898148148148 0.147916666667
1 0.494907407407 0.547395833333 0.0898148148148 0.139583333333
1 0.57962962963 0.544791666667 0.0740740740741 0.151041666667
1 0.652314814815 0.548958333333 0.0712962962963 0.163541666667
1 0.0962962962963 0.73671875 0.138888888889 0.1671875
1 0.235648148148 0.734895833333 0.14537037037 0.163541666667
1 0.395833333333 0.742708333333 0.126851851852 0.161458333333
1 0.496296296296 0.738802083333 0.105555555556 0.159895833333
1 0.618055555556 0.72109375 0.113888888889 0.1078125
1 0.706018518519 0.72265625 0.102777777778 0.1140625
1 0.80462962963 0.73828125 0.112962962963 0.131770833333
1 0.92962962963 0.766145833333 0.12037037037 0.132291666667
1 0.118055555556 0.926822916667 0.121296296296 0.144270833333
1 0.219907407407 0.9296875 0.121296296296 0.139583333333
1 0.325 0.925 0.0962962962963 0.144791666667
1 0.405092592593 0.928645833333 0.102777777778 0.141666666667
1 0.506944444444 0.923177083333 0.102777777778 0.1515625
1 0.604166666667 0.925260416667 0.0990740740741 0.1484375
1 0.69212962963 0.922395833333 0.0953703703704 0.15
1 0.772685185185 0.9234375 0.0898148148148 0.152083333333
1 0.868518518519 0.923697916667 0.12037037037 0.1515625
1 0.25 0.105989583333 0.124074074074 0.0890625
1 0.484259259259 0.31640625 0.0888888888889 0.1390625
1 0.845833333333 0.315364583333 0.0916666666667 0.146354166667
1 0.923611111111 0.326822916667 0.102777777778 0.150520833333
1 0.973148148148 0.316145833333 0.0518518518519 0.1875
1 0.575 0.0901041666667 0.12962962963 0.133333333333
1 0.20787037037 0.5453125 0.0805555555556 0.132291666667
1 0.25462962963 0.557552083333 0.107407407407 0.130729166667
1 0.718055555556 0.542447916667 0.0972222222222 0.128645833333
1 0.780092592593 0.559895833333 0.100925925926 0.135416666667
1 0.877777777778 0.566927083333 0.0944444444444 0.138020833333
1 0.941666666667 0.556770833333 0.087037037037 0.132291666667
