0 0.121759259259 0.0807291666667 0.167592592593 0.123958333333
0 0.116666666667 0.19296875 0.161111111111 0.1171875
0 0.239814814815 0.201041666667 0.087037037037 0.114583333333
0 0.250925925926 0.0796875 0.0888888888889 0.1125
0 0.539814814815 0.0802083333333 0.0888888888889 0.132291666667
0 0.513888888889 0.204427083333 0.087037037037 0.121354166667
0 0.636111111111 0.0783854166667 0.112962962963 0.1359375
0 0.721759259259 0.0802083333333 0.132407407407 0.132291666667
0 0.827314814815 0.0721354166667 0.134259259259 0.1453125
0 0.939814814815 0.07109375 0.118518518519 0.143229166667
0 0.608333333333 0.202083333333 0.107407407407 0.121875
0 0.713888888889 0.204947916667 0.0888888888889 0.125520833333
0 0.805555555556 0.20546875 0.124074074074 0.1265625
0 0.926388888889 0.203385416667 0.14537037037 0.140104166667
0 0.29537037037 0.3625 0.107407407407 0.113541666667
0 0.389351851852 0.36953125 0.0935185185185 0.108854166667
0 0.488888888889 0.376302083333 0.103703703704 0.116145833333
0 0.671296296296 0.398177083333 0.105555555556 0.0859375
0 0.634722222222 0.501302083333 0.0787037037037 0.0786458333333
0 0.95787037037 0.53828125 0.0824074074074 0.0880208333333
0 0.184722222222 0.6546875 0.0953703703704 0.1375
0 0.278240740741 0.664583333333 0.0805555555556 0.132291666667
0 0.366666666667 0.668229166667 0.0925925925926 0.136458333333
0 0.426388888889 0.687760416667 0.100925925926 0.146354166667
0 0.415277777778 0.864583333333 0.0990740740741 0.122916666667
0 0.513425925926 0.890104166667 0.0953703703704 0.125
0 0.597222222222 0.904166666667 0.0796296296296 0.122916666667
0 0.681481481481 0.927864583333 0.109259259259 0.138020833333
0 0.809259259259 0.947916666667 0.116666666667 0.103125
0 0.911111111111 0.96328125 0.127777777778 0.0723958333333
0 0.114351851852 0.633854166667 0.102777777778 0.121875
0 0.255555555556 0.825260416667 0.0722222222222 0.118229166667
0 0.185648148148 0.81328125 0.0935185185185 0.121354166667
0 0.049537037037 0.629166666667 0.0972222222222 0.13125
0 0.200925925926 0.452604166667 0.0777777777778 0.1
0 0.292592592593 0.465364583333 0.105555555556 0.106770833333
0 0.376851851852 0.471614583333 0.118518518519 0.1078125
0 0.475462962963 0.484375 0.117592592593 0.1125
