4 0.0888888888889 0.172916666667 0.17962962963 0.1375
4 0.225462962963 0.17109375 0.173148148148 0.143229166667
4 0.384259259259 0.172135416667 0.218518518519 0.133854166667
4 0.584259259259 0.175260416667 0.209259259259 0.1328125
4 0.836111111111 0.177083333333 0.187037037037 0.14375
4 0.955555555556 0.185416666667 0.087037037037 0.13125
4 0.0898148148148 0.344791666667 0.181481481481 0.0958333333333
4 0.268981481481 0.343229166667 0.191666666667 0.096875
4 0.424537037037 0.340885416667 0.150925925926 0.0921875
4 0.573611111111 0.33828125 0.212037037037 0.0942708333333
4 0.810648148148 0.340104166667 0.162037037037 0.09375
4 0.940740740741 0.343229166667 0.116666666667 0.0916666666667
4 0.149074074074 0.50078125 0.231481481481 0.0484375
4 0.332407407407 0.484114583333 0.17962962963 0.0744791666667
4 0.491203703704 0.478645833333 0.175 0.0802083333333
4 0.63287037037 0.477083333333 0.128703703704 0.08125
4 0.7625 0.479427083333 0.106481481481 0.0838541666667
4 0.878703703704 0.47734375 0.140740740741 0.0859375
4 0.0402777777778 0.6203125 0.0824074074074 0.078125
4 0.181018518519 0.611458333333 0.160185185185 0.0697916666667
4 0.343055555556 0.60859375 0.162037037037 0.0776041666667
4 0.499537037037 0.605989583333 0.149074074074 0.0755208333333
4 0.635185185185 0.60078125 0.140740740741 0.0786458333333
4 0.754166666667 0.60078125 0.106481481481 0.0786458333333
4 0.900462962963 0.601302083333 0.150925925926 0.0734375
4 0.169444444444 0.73671875 0.17962962963 0.0671875
4 0.333796296296 0.728125 0.163888888889 0.0645833333333
4 0.480555555556 0.7234375 0.137037037037 0.0697916666667
4 0.60787037037 0.716927083333 0.149074074074 0.0567708333333
4 0.770833333333 0.71875 0.149074074074 0.0739583333333
4 0.899537037037 0.716145833333 0.119444444444 0.0697916666667
4 0.166203703704 0.848958333333 0.167592592593 0.0802083333333
4 0.037037037037 0.850260416667 0.0759259259259 0.0682291666667
4 0.0337962962963 0.7390625 0.0694444444444 0.0697916666667
4 0.315740740741 0.858072916667 0.157407407407 0.0984375
4 0.464814814815 0.848958333333 0.138888888889 0.0947916666667
4 0.601388888889 0.8296875 0.136111111111 0.0572916666667
4 0.74537037037 0.852604166667 0.124074074074 0.115625
4 0.866203703704 0.841927083333 0.136111111111 0.1015625
4 0.958796296296 0.833854166667 0.0805555555556 0.0895833333333
