6 0.15787037037 0.819270833333 0.197222222222 0.0635416666667
6 0.15462962963 0.859114583333 0.17962962963 0.0526041666667
6 0.384259259259 0.516145833333 0.112962962963 0.053125
6 0.531018518519 0.516927083333 0.119444444444 0.0661458333333
6 0.660648148148 0.52109375 0.106481481481 0.0671875
6 0.650925925926 0.569010416667 0.109259259259 0.0588541666667
6 0.528240740741 0.566927083333 0.121296296296 0.0515625
6 0.389814814815 0.56328125 0.127777777778 0.0494791666667
6 0.338888888889 0.342447916667 0.114814814815 0.0557291666667
6 0.45 0.343229166667 0.109259259259 0.0614583333333
6 0.563888888889 0.342447916667 0.112962962963 0.0598958333333
6 0.687037037037 0.34765625 0.109259259259 0.0588541666667
6 0.799074074074 0.298958333333 0.146296296296 0.0854166666667
6 0.941666666667 0.296614583333 0.114814814815 0.0942708333333
6 0.935185185185 0.379947916667 0.127777777778 0.0661458333333
6 0.806018518519 0.3796875 0.137962962963 0.0739583333333
6 0.285185185185 0.114583333333 0.125925925926 0.0614583333333
6 0.421296296296 0.112760416667 0.12037037037 0.0598958333333
6 0.539814814815 0.111458333333 0.107407407407 0.0625
6 0.574537037037 0.0442708333333 0.121296296296 0.0708333333333
6 0.665740740741 0.1453125 0.135185185185 0.096875
6 0.8125 0.147135416667 0.132407407407 0.0932291666667
6 0.949074074074 0.145833333333 0.1 0.0958333333333
6 0.29537037037 0.16796875 0.12962962963 0.0588541666667
6 0.423611111111 0.16875 0.136111111111 0.053125
6 0.540740740741 0.168489583333 0.112962962963 0.0578125
6 0.337962962963 0.385416666667 0.112962962963 0.0479166666667
6 0.451851851852 0.388802083333 0.109259259259 0.0432291666667
6 0.565277777778 0.391927083333 0.119444444444 0.0401041666667
6 0.685185185185 0.394270833333 0.116666666667 0.0395833333333
6 0.393055555556 0.59375 0.117592592593 0.04375
6 0.528240740741 0.595572916667 0.117592592593 0.0401041666667
1 0.647685185185 0.603645833333 0.119444444444 0.0375
1 0.0282407407407 0.117447916667 0.0583333333333 0.1671875
1 0.0967592592593 0.113802083333 0.10462962963 0.1671875
1 0.182407407407 0.111979166667 0.0944444444444 0.170833333333
1 0.0722222222222 0.3359375 0.0981481481481 0.139583333333
1 0.153703703704 0.33671875 0.0925925925926 0.141145833333
1 0.23287037037 0.338541666667 0.0935185185185 0.1375
1 0.247685185185 0.54609375 0.136111111111 0.143229166667
1 0.131481481481 0.540104166667 0.144444444444 0.155208333333
1 0.0425925925926 0.533072916667 0.0851851851852 0.143229166667
