0 0.418055555556 0.126822916667 0.0805555555556 0.0661458333333
0 0.391203703704 0.21484375 0.0675925925926 0.0734375
0 0.697685185185 0.1296875 0.0805555555556 0.0697916666667
0 0.671759259259 0.225520833333 0.0787037037037 0.0708333333333
0 0.963888888889 0.141927083333 0.0703703703704 0.0734375
0 0.956944444444 0.23046875 0.0842592592593 0.0723958333333
0 0.519907407407 0.348697916667 0.062037037037 0.0765625
0 0.292592592593 0.33515625 0.0685185185185 0.0661458333333
0 0.281944444444 0.4109375 0.0638888888889 0.0625
0 0.516666666667 0.427864583333 0.0648148148148 0.0567708333333
0 0.734722222222 0.361197916667 0.0805555555556 0.0880208333333
0 0.829166666667 0.365885416667 0.0972222222222 0.0953125
0 0.719444444444 0.44765625 0.111111111111 0.0848958333333
0 0.799537037037 0.451041666667 0.0990740740741 0.0895833333333
0 0.926388888889 0.462760416667 0.117592592593 0.0703125
0 0.947685185185 0.372916666667 0.102777777778 0.0645833333333
0 0.0402777777778 0.4984375 0.0824074074074 0.0635416666667
0 0.100462962963 0.503645833333 0.0787037037037 0.0697916666667
0 0.161111111111 0.50703125 0.0685185185185 0.0786458333333
0 0.218518518519 0.512239583333 0.0759259259259 0.0755208333333
0 0.286574074074 0.518489583333 0.0805555555556 0.0765625
0 0.356481481481 0.528645833333 0.0851851851852 0.0708333333333
0 0.0444444444444 0.561979166667 0.0740740740741 0.0729166666667
0 0.0967592592593 0.568489583333 0.0805555555556 0.0723958333333
0 0.226388888889 0.582291666667 0.0805555555556 0.071875
0 0.279166666667 0.584635416667 0.0787037037037 0.0651041666667
0 0.353240740741 0.59453125 0.0824074074074 0.0661458333333
0 0.355092592593 0.691666666667 0.0824074074074 0.0895833333333
0 0.402777777778 0.6921875 0.0703703703704 0.0791666666667
0 0.456018518519 0.7015625 0.075 0.0770833333333
0 0.516666666667 0.709635416667 0.0759259259259 0.0838541666667
0 0.571296296296 0.723697916667 0.0740740740741 0.106770833333
0 0.636111111111 0.738020833333 0.0925925925926 0.105208333333
0 0.714351851852 0.744270833333 0.0972222222222 0.104166666667
0 0.121759259259 0.7828125 0.0842592592593 0.0625
0 0.783333333333 0.879166666667 0.0703703703704 0.06875
