1 0.310185185185 0.259635416667 0.0703703703704 0.0994791666667
1 0.394907407407 0.259114583333 0.075 0.100520833333
1 0.465740740741 0.260416666667 0.0685185185185 0.0958333333333
1 0.55462962963 0.26015625 0.0685185185185 0.100520833333
1 0.628703703704 0.259114583333 0.0777777777778 0.0984375
1 0.696296296296 0.262239583333 0.0648148148148 0.0994791666667
1 0.767592592593 0.259895833333 0.0666666666667 0.101041666667
1 0.833333333333 0.26171875 0.0703703703704 0.102604166667
1 0.907407407407 0.259375 0.087037037037 0.0979166666667
1 0.96712962963 0.259635416667 0.0638888888889 0.106770833333
1 0.331481481481 0.45546875 0.0833333333333 0.0932291666667
1 0.450925925926 0.458072916667 0.0722222222222 0.0984375
1 0.562037037037 0.454947916667 0.0759259259259 0.0994791666667
1 0.681481481481 0.454166666667 0.0814814814815 0.0958333333333
1 0.809722222222 0.456770833333 0.0787037037037 0.101041666667
1 0.928703703704 0.4515625 0.0833333333333 0.0989583333333
1 0.301851851852 0.678125 0.0796296296296 0.090625
1 0.435185185185 0.674739583333 0.0796296296296 0.0932291666667
1 0.571759259259 0.669791666667 0.0768518518519 0.0958333333333
1 0.676388888889 0.67578125 0.0787037037037 0.0890625
1 0.806481481481 0.67578125 0.0777777777778 0.0890625
6 0.943518518519 0.67421875 0.087037037037 0.0921875
6 0.0199074074074 0.256770833333 0.0416666666667 0.0979166666667
6 0.0773148148148 0.25546875 0.0916666666667 0.100520833333
6 0.150925925926 0.259114583333 0.0851851851852 0.102604166667
6 0.2375 0.261197916667 0.0805555555556 0.1015625
6 0.05 0.379427083333 0.0925925925926 0.0911458333333
6 0.12962962963 0.379166666667 0.0814814814815 0.0958333333333
6 0.207407407407 0.377083333333 0.0851851851852 0.09375
6 0.0782407407407 0.466145833333 0.0861111111111 0.0885416666667
6 0.156018518519 0.46796875 0.075 0.0848958333333
6 0.230555555556 0.469270833333 0.0814814814815 0.0895833333333
6 0.0240740740741 0.655729166667 0.05 0.13125
6 0.0731481481481 0.657552083333 0.0925925925926 0.125520833333
6 0.155092592593 0.65625 0.0805555555556 0.132291666667
6 0.228703703704 0.654427083333 0.0777777777778 0.143229166667
6 0.564814814815 0.8234375 0.2 0.08125
6 0.75787037037 0.8203125 0.187962962963 0.078125
6 0.581018518519 0.930989583333 0.202777777778 0.0588541666667
6 0.779166666667 0.93125 0.19537037037 0.0635416666667
6 0.940740740741 0.929947916667 0.116666666667 0.0609375
6 0.590740740741 0.980729166667 0.2 0.0385416666667
6 0.783333333333 0.978645833333 0.183333333333 0.0375
6 0.375925925926 0.937239583333 0.211111111111 0.0682291666667
6 0.16712962963 0.940625 0.221296296296 0.06875
