1 0.102314814815 0.116927083333 0.0861111111111 0.119270833333
1 0.181018518519 0.114322916667 0.0898148148148 0.113020833333
1 0.25462962963 0.12109375 0.0888888888889 0.105729166667
1 0.357407407407 0.116145833333 0.087037037037 0.116666666667
1 0.437962962963 0.121354166667 0.0851851851852 0.116666666667
1 0.499537037037 0.115104166667 0.0990740740741 0.129166666667
1 0.5875 0.11171875 0.0898148148148 0.1359375
1 0.659722222222 0.115885416667 0.0935185185185 0.133854166667
1 0.743055555556 0.1140625 0.075 0.1375
1 0.813888888889 0.117708333333 0.105555555556 0.140625
1 0.897222222222 0.116666666667 0.087037037037 0.132291666667
1 0.0916666666667 0.275 0.111111111111 0.136458333333
1 0.211111111111 0.27421875 0.109259259259 0.134895833333
1 0.315740740741 0.275 0.107407407407 0.127083333333
1 0.431481481481 0.279427083333 0.105555555556 0.1453125
1 0.530092592593 0.28359375 0.117592592593 0.147395833333
1 0.641666666667 0.2828125 0.111111111111 0.154166666667
1 0.743981481481 0.280989583333 0.10462962963 0.1453125
1 0.847222222222 0.2859375 0.125925925926 0.15625
1 0.956481481481 0.284635416667 0.0851851851852 0.138020833333
1 0.89537037037 0.43359375 0.111111111111 0.125520833333
1 0.799537037037 0.433072916667 0.10462962963 0.131770833333
1 0.697222222222 0.429947916667 0.111111111111 0.133854166667
1 0.598148148148 0.431770833333 0.116666666667 0.132291666667
1 0.498148148148 0.428125 0.12037037037 0.132291666667
1 0.398148148148 0.43046875 0.116666666667 0.1296875
1 0.192592592593 0.567708333333 0.109259259259 0.117708333333
1 0.297222222222 0.5671875 0.114814814815 0.116666666667
1 0.0592592592593 0.5671875 0.12037037037 0.10625
1 0.417592592593 0.565364583333 0.0962962962963 0.119270833333
1 0.902314814815 0.709635416667 0.0712962962963 0.109895833333
1 0.826851851852 0.711979166667 0.111111111111 0.104166666667
1 0.732407407407 0.70625 0.114814814815 0.109375
1 0.639814814815 0.70859375 0.114814814815 0.111979166667
1 0.542592592593 0.71171875 0.116666666667 0.116145833333
1 0.436111111111 0.711458333333 0.107407407407 0.117708333333
1 0.341666666667 0.713802083333 0.111111111111 0.1296875
1 0.248148148148 0.714322916667 0.112962962963 0.1328125
1 0.14537037037 0.715364583333 0.111111111111 0.122395833333
1 0.0537037037037 0.72421875 0.109259259259 0.115104166667
1 0.46712962963 0.874479166667 0.121296296296 0.147916666667
1 0.580555555556 0.883333333333 0.109259259259 0.144791666667
1 0.6875 0.882552083333 0.117592592593 0.149479166667
1 0.787962962963 0.883854166667 0.114814814815 0.145833333333
1 0.906018518519 0.884375 0.137962962963 0.14375
1 0.0361111111111 0.115104166667 0.0740740740741 0.104166666667
1 0.960185185185 0.127083333333 0.0777777777778 0.107291666667
1 0.964351851852 0.435416666667 0.0694444444444 0.117708333333
1 0.0259259259259 0.430208333333 0.0537037037037 0.119791666667
1 0.109259259259 0.431510416667 0.12962962963 0.119270833333
1 0.226851851852 0.430729166667 0.12962962963 0.120833333333
1 0.516666666667 0.5703125 0.105555555556 0.103125
1 0.611574074074 0.57421875 0.100925925926 0.108854166667
1 0.706018518519 0.572135416667 0.110185185185 0.106770833333
1 0.806018518519 0.573697916667 0.112037037037 0.1078125
1 0.902777777778 0.573697916667 0.111111111111 0.105729166667
1 0.969444444444 0.57265625 0.0592592592593 0.111979166667
1 0.967592592593 0.707552083333 0.062962962963 0.1109375
