1 0.0402777777778 0.0432291666667 0.0824074074074 0.0875
1 0.116666666667 0.0408854166667 0.111111111111 0.0828125
1 0.214351851852 0.0385416666667 0.121296296296 0.078125
1 0.313888888889 0.0385416666667 0.107407407407 0.078125
1 0.40462962963 0.0369791666667 0.103703703704 0.075
1 0.498148148148 0.0364583333333 0.109259259259 0.0739583333333
1 0.593518518519 0.0346354166667 0.107407407407 0.0703125
1 0.0476851851852 0.221354166667 0.0972222222222 0.194791666667
1 0.126851851852 0.22578125 0.114814814815 0.190104166667
1 0.208333333333 0.22890625 0.105555555556 0.1890625
1 0.293518518519 0.2265625 0.114814814815 0.197916666667
1 0.39537037037 0.229427083333 0.105555555556 0.190104166667
1 0.498148148148 0.227083333333 0.125925925926 0.194791666667
1 0.602314814815 0.23046875 0.119444444444 0.194270833333
1 0.7125 0.22890625 0.113888888889 0.1953125
1 0.811574074074 0.23125 0.121296296296 0.197916666667
1 0.9125 0.228125 0.136111111111 0.196875
1 0.0560185185185 0.43828125 0.113888888889 0.1703125
1 0.141203703704 0.438802083333 0.112037037037 0.171354166667
1 0.22962962963 0.441145833333 0.12037037037 0.173958333333
1 0.324537037037 0.43671875 0.115740740741 0.161979166667
1 0.417592592593 0.446354166667 0.111111111111 0.167708333333
1 0.509722222222 0.4515625 0.115740740741 0.176041666667
1 0.617592592593 0.452864583333 0.133333333333 0.178645833333
1 0.719444444444 0.4546875 0.127777777778 0.177083333333
1 0.824537037037 0.459375 0.136111111111 0.177083333333
1 0.942592592593 0.463802083333 0.112962962963 0.181770833333
1 0.0611111111111 0.638020833333 0.124074074074 0.155208333333
1 0.141203703704 0.64140625 0.102777777778 0.159895833333
1 0.25 0.63828125 0.107407407407 0.149479166667
1 0.337037037037 0.63984375 0.0981481481481 0.1515625
1 0.424074074074 0.647135416667 0.101851851852 0.155729166667
1 0.50787037037 0.65078125 0.0861111111111 0.150520833333
1 0.591203703704 0.660416666667 0.0972222222222 0.165625
1 0.680092592593 0.667447916667 0.115740740741 0.163020833333
1 0.777777777778 0.66953125 0.105555555556 0.158854166667
1 0.873611111111 0.671614583333 0.112037037037 0.1578125
1 0.958333333333 0.672916666667 0.0814814814815 0.157291666667
1 0.0537037037037 0.79296875 0.109259259259 0.108854166667
1 0.150462962963 0.80234375 0.121296296296 0.118229166667
1 0.256481481481 0.80859375 0.12037037037 0.124479166667
1 0.368981481481 0.81796875 0.117592592593 0.119270833333
1 0.47037037037 0.821354166667 0.111111111111 0.121875
1 0.585185185185 0.8328125 0.12962962963 0.135416666667
1 0.707407407407 0.835416666667 0.127777777778 0.123958333333
1 0.838888888889 0.850260416667 0.144444444444 0.149479166667
1 0.943518518519 0.85625 0.111111111111 0.142708333333
1 0.0962962962963 0.945833333333 0.164814814815 0.107291666667
1 0.300925925926 0.955729166667 0.146296296296 0.0875
