1 0.484722222222 0.246614583333 0.0694444444444 0.0994791666667
1 0.572685185185 0.248958333333 0.0712962962963 0.104166666667
1 0.641203703704 0.249739583333 0.0731481481481 0.100520833333
1 0.729166666667 0.248958333333 0.075 0.102083333333
1 0.812962962963 0.25078125 0.0648148148148 0.102604166667
1 0.883333333333 0.250260416667 0.0666666666667 0.0973958333333
1 0.958796296296 0.252083333333 0.0805555555556 0.103125
1 0.485185185185 0.4515625 0.0851851851852 0.096875
1 0.612037037037 0.447916666667 0.0888888888889 0.10625
1 0.723611111111 0.454427083333 0.0731481481481 0.102604166667
1 0.849074074074 0.457291666667 0.0814814814815 0.096875
1 0.962962962963 0.46328125 0.0722222222222 0.0973958333333
1 0.454166666667 0.671614583333 0.075 0.0942708333333
1 0.588425925926 0.679427083333 0.0731481481481 0.0932291666667
1 0.718981481481 0.674739583333 0.0824074074074 0.0953125
1 0.831944444444 0.679947916667 0.0861111111111 0.0942708333333
6 0.962962962963 0.686979166667 0.0722222222222 0.0875
6 0.0263888888889 0.244270833333 0.0546296296296 0.10625
6 0.087962962963 0.245052083333 0.0796296296296 0.100520833333
6 0.166203703704 0.244791666667 0.0842592592593 0.0958333333333
6 0.245833333333 0.2453125 0.0731481481481 0.096875
6 0.328240740741 0.247395833333 0.0861111111111 0.103125
6 0.408333333333 0.25 0.0814814814815 0.104166666667
6 0.037962962963 0.368229166667 0.0777777777778 0.096875
6 0.116203703704 0.367447916667 0.0898148148148 0.0932291666667
6 0.215740740741 0.36796875 0.0814814814815 0.0921875
6 0.288888888889 0.370833333333 0.0796296296296 0.0958333333333
6 0.368518518519 0.371875 0.0851851851852 0.0916666666667
6 0.0648148148148 0.45625 0.0833333333333 0.0895833333333
6 0.143055555556 0.457291666667 0.0842592592593 0.0895833333333
6 0.233796296296 0.459895833333 0.075 0.0875
6 0.307407407407 0.4609375 0.0814814814815 0.0895833333333
6 0.381481481481 0.46171875 0.0814814814815 0.0911458333333
6 0.0240740740741 0.644791666667 0.05 0.13125
6 0.0773148148148 0.645052083333 0.087962962963 0.133854166667
6 0.148148148148 0.646354166667 0.0851851851852 0.13125
6 0.223611111111 0.6484375 0.075 0.136458333333
6 0.290277777778 0.648177083333 0.0768518518519 0.133854166667
6 0.368518518519 0.6484375 0.0814814814815 0.13125
6 0.075 0.938541666667 0.109259259259 0.0708333333333
6 0.179166666667 0.938802083333 0.10462962963 0.0651041666667
6 0.29212962963 0.936458333333 0.0861111111111 0.0625
6 0.387037037037 0.938802083333 0.111111111111 0.0651041666667
6 0.543981481481 0.9484375 0.191666666667 0.0697916666667
6 0.755555555556 0.944791666667 0.2 0.071875
6 0.929166666667 0.9515625 0.139814814815 0.0614583333333
6 0.730092592593 0.829427083333 0.191666666667 0.0744791666667
6 0.90787037037 0.831770833333 0.165740740741 0.0739583333333
