0 0.0324074074074 0.1015625 0.0666666666667 0.0802083333333
0 0.0375 0.181770833333 0.0768518518519 0.071875
0 0.148148148148 0.0861979166667 0.0888888888889 0.0869791666667
0 0.301851851852 0.0666666666667 0.124074074074 0.105208333333
0 0.146296296296 0.17734375 0.105555555556 0.0838541666667
0 0.306018518519 0.17265625 0.112037037037 0.0994791666667
0 0.391203703704 0.0640625 0.0805555555556 0.122916666667
0 0.467592592593 0.0588541666667 0.109259259259 0.11875
0 0.389351851852 0.1703125 0.0805555555556 0.1
0 0.472685185185 0.16640625 0.102777777778 0.1078125
0 0.594907407407 0.0520833333333 0.10462962963 0.105208333333
0 0.684259259259 0.0489583333333 0.111111111111 0.0989583333333
0 0.781018518519 0.0455729166667 0.115740740741 0.0921875
0 0.882407407407 0.0421875 0.107407407407 0.0854166666667
0 0.961111111111 0.0416666666667 0.0759259259259 0.084375
0 0.580555555556 0.155989583333 0.122222222222 0.1171875
0 0.678703703704 0.15234375 0.0944444444444 0.121354166667
0 0.76712962963 0.155208333333 0.115740740741 0.136458333333
0 0.871759259259 0.144791666667 0.0916666666667 0.136458333333
0 0.95787037037 0.148697916667 0.0824074074074 0.138020833333
0 0.275 0.309635416667 0.1 0.0848958333333
0 0.339814814815 0.309114583333 0.0648148148148 0.0953125
0 0.393055555556 0.3109375 0.0768518518519 0.09375
0 0.507407407407 0.320052083333 0.0703703703704 0.0776041666667
0 0.47037037037 0.412239583333 0.0666666666667 0.0578125
0 0.690740740741 0.437239583333 0.0703703703704 0.0796875
0 0.920833333333 0.445833333333 0.0990740740741 0.109375
0 0.885185185185 0.628125 0.105555555556 0.121875
0 0.860185185185 0.730989583333 0.122222222222 0.128645833333
0 0.953703703704 0.755989583333 0.0907407407407 0.1140625
0 0.974537037037 0.6375 0.0490740740741 0.0916666666667
0 0.210185185185 0.54296875 0.0851851851852 0.0973958333333
0 0.270833333333 0.5546875 0.0824074074074 0.104166666667
0 0.334722222222 0.565104166667 0.0824074074074 0.102083333333
0 0.375925925926 0.565625 0.103703703704 0.09375
0 0.425 0.744270833333 0.0740740740741 0.090625
0 0.535185185185 0.78203125 0.101851851852 0.130729166667
0 0.481481481481 0.765364583333 0.0722222222222 0.0973958333333
0 0.63287037037 0.809114583333 0.0990740740741 0.0973958333333
0 0.697685185185 0.830729166667 0.0842592592593 0.103125
