6 0.553703703704 0.801822916667 0.198148148148 0.0578125
6 0.55462962963 0.847395833333 0.174074074074 0.0458333333333
6 0.55787037037 0.886458333333 0.193518518519 0.0479166666667
6 0.743981481481 0.933072916667 0.176851851852 0.0598958333333
6 0.0740740740741 0.295052083333 0.124074074074 0.0744791666667
6 0.201851851852 0.288541666667 0.114814814815 0.0729166666667
6 0.337037037037 0.28828125 0.0814814814815 0.0682291666667
6 0.418981481481 0.29375 0.106481481481 0.071875
6 0.534259259259 0.294270833333 0.112962962963 0.0802083333333
6 0.653240740741 0.293229166667 0.10462962963 0.0802083333333
6 0.760648148148 0.291927083333 0.10462962963 0.0755208333333
6 0.89212962963 0.2921875 0.108333333333 0.0802083333333
6 0.284722222222 0.404427083333 0.147222222222 0.0692708333333
6 0.516666666667 0.393489583333 0.127777777778 0.0578125
6 0.677314814815 0.4640625 0.136111111111 0.0697916666667
6 0.861574074074 0.45390625 0.0601851851852 0.0921875
6 0.929166666667 0.46328125 0.0601851851852 0.0901041666667
6 0.977777777778 0.465625 0.0425925925926 0.0947916666667
6 0.231018518519 0.463802083333 0.115740740741 0.0817708333333
6 0.324074074074 0.468229166667 0.101851851852 0.0729166666667
6 0.454166666667 0.4484375 0.108333333333 0.0791666666667
6 0.549537037037 0.452604166667 0.0824074074074 0.065625
6 0.101851851852 0.464583333333 0.111111111111 0.06875
6 0.258333333333 0.583072916667 0.157407407407 0.0671875
6 0.0773148148148 0.641666666667 0.117592592593 0.0802083333333
6 0.205555555556 0.639583333333 0.114814814815 0.0802083333333
6 0.306481481481 0.64140625 0.1 0.0786458333333
6 0.450925925926 0.644270833333 0.114814814815 0.0729166666667
6 0.548148148148 0.646614583333 0.107407407407 0.0734375
6 0.658333333333 0.641145833333 0.101851851852 0.0791666666667
6 0.748148148148 0.63984375 0.0962962962963 0.0671875
6 0.865740740741 0.615104166667 0.0851851851852 0.121875
6 0.922685185185 0.621614583333 0.0861111111111 0.1203125
6 0.812962962963 0.58828125 0.0648148148148 0.116145833333
