6 0.113425925926 0.824739583333 0.113888888889 0.0765625
6 0.287962962963 0.797916666667 0.0944444444444 0.078125
6 0.459722222222 0.830729166667 0.0972222222222 0.0791666666667
6 0.649074074074 0.832291666667 0.0962962962963 0.0729166666667
6 0.815740740741 0.94375 0.142592592593 0.09375
6 0.075 0.914322916667 0.151851851852 0.0588541666667
6 0.25 0.919791666667 0.203703703704 0.0625
6 0.445833333333 0.917447916667 0.206481481481 0.0651041666667
6 0.639351851852 0.92109375 0.199074074074 0.0619791666667
6 0.944907407407 0.29296875 0.108333333333 0.0755208333333
6 0.949074074074 0.476302083333 0.1 0.0682291666667
1 0.0296296296296 0.279166666667 0.0611111111111 0.0958333333333
1 0.0898148148148 0.27734375 0.0833333333333 0.0921875
1 0.153240740741 0.277604166667 0.075 0.096875
1 0.0564814814815 0.461458333333 0.0796296296296 0.0885416666667
1 0.209722222222 0.460416666667 0.0861111111111 0.0885416666667
1 0.0740740740741 0.671614583333 0.0814814814815 0.0869791666667
1 0.189351851852 0.669270833333 0.087962962963 0.0854166666667
6 0.889814814815 0.217447916667 0.112962962963 0.0671875
6 0.924074074074 0.656770833333 0.125925925926 0.084375
