4 0.037037037037 0.245572916667 0.0759259259259 0.1421875
4 0.149537037037 0.247395833333 0.160185185185 0.136458333333
4 0.314351851852 0.210416666667 0.173148148148 0.1125
4 0.533333333333 0.206770833333 0.107407407407 0.0958333333333
4 0.717592592593 0.252604166667 0.203703703704 0.132291666667
4 0.915277777778 0.21875 0.167592592593 0.138541666667
4 0.0560185185185 0.40859375 0.113888888889 0.1140625
4 0.185185185185 0.40546875 0.125925925926 0.115104166667
4 0.330555555556 0.444270833333 0.17037037037 0.126041666667
4 0.487962962963 0.413802083333 0.164814814815 0.131770833333
4 0.688888888889 0.403125 0.172222222222 0.138541666667
4 0.888888888889 0.419270833333 0.153703703704 0.122916666667
4 0.0625 0.591927083333 0.126851851852 0.147395833333
4 0.20787037037 0.6046875 0.149074074074 0.147916666667
4 0.405555555556 0.576302083333 0.138888888889 0.1234375
4 0.529166666667 0.566927083333 0.119444444444 0.1234375
4 0.698148148148 0.572916666667 0.17037037037 0.130208333333
4 0.830555555556 0.547916666667 0.125925925926 0.11875
4 0.150462962963 0.754427083333 0.152777777778 0.141145833333
4 0.302777777778 0.754947916667 0.187037037037 0.1328125
4 0.442592592593 0.71796875 0.127777777778 0.108854166667
4 0.551851851852 0.71875 0.125925925926 0.105208333333
4 0.710185185185 0.726302083333 0.168518518519 0.1234375
4 0.883796296296 0.706770833333 0.147222222222 0.119791666667
4 0.0486111111111 0.88203125 0.0990740740741 0.109895833333
4 0.176851851852 0.876041666667 0.159259259259 0.105208333333
4 0.382407407407 0.909114583333 0.205555555556 0.0932291666667
4 0.514814814815 0.84375 0.140740740741 0.114583333333
4 0.696296296296 0.88828125 0.157407407407 0.127604166667
4 0.888888888889 0.82578125 0.17037037037 0.124479166667
