5 0.0421296296296 0.147916666667 0.0861111111111 0.130208333333
5 0.118518518519 0.144791666667 0.0981481481481 0.145833333333
5 0.214814814815 0.142447916667 0.0962962962963 0.143229166667
5 0.313425925926 0.144270833333 0.0990740740741 0.135416666667
5 0.406481481481 0.15078125 0.0851851851852 0.1171875
5 0.483333333333 0.153125 0.0962962962963 0.1125
5 0.588888888889 0.152083333333 0.0814814814815 0.1125
5 0.690277777778 0.15 0.0768518518519 0.104166666667
5 0.761111111111 0.146875 0.0740740740741 0.108333333333
5 0.830092592593 0.141666666667 0.0731481481481 0.114583333333
5 0.896759259259 0.134895833333 0.0824074074074 0.128125
5 0.968518518519 0.12421875 0.0611111111111 0.144270833333
5 0.0263888888889 0.358333333333 0.0546296296296 0.154166666667
5 0.0731481481481 0.357291666667 0.062962962963 0.161458333333
5 0.137037037037 0.35703125 0.087037037037 0.169270833333
5 0.208796296296 0.351822916667 0.062037037037 0.1578125
5 0.268981481481 0.34921875 0.0805555555556 0.158854166667
5 0.352777777778 0.34921875 0.0962962962963 0.158854166667
5 0.428240740741 0.346875 0.0935185185185 0.158333333333
5 0.487962962963 0.34375 0.0537037037037 0.147916666667
5 0.543055555556 0.344270833333 0.0842592592593 0.148958333333
5 0.625 0.34140625 0.0851851851852 0.150520833333
5 0.686111111111 0.337239583333 0.0685185185185 0.136979166667
5 0.74212962963 0.334895833333 0.075 0.141666666667
5 0.807407407407 0.335416666667 0.0925925925926 0.147916666667
5 0.881481481481 0.340104166667 0.0703703703704 0.121875
5 0.955555555556 0.340104166667 0.0833333333333 0.123958333333
5 0.0231481481481 0.556770833333 0.0481481481481 0.140625
5 0.075462962963 0.554947916667 0.0712962962963 0.140104166667
5 0.141666666667 0.559114583333 0.0814814814815 0.152604166667
5 0.226388888889 0.547916666667 0.0898148148148 0.144791666667
5 0.345833333333 0.532291666667 0.087962962963 0.144791666667
5 0.289351851852 0.5390625 0.0583333333333 0.140625
5 0.421296296296 0.540104166667 0.0907407407407 0.147916666667
5 0.491203703704 0.537760416667 0.0861111111111 0.143229166667
5 0.543981481481 0.528645833333 0.0768518518519 0.1375
5 0.585185185185 0.521614583333 0.0537037037037 0.1328125
5 0.627777777778 0.513802083333 0.05 0.1265625
5 0.68287037037 0.51875 0.075 0.138541666667
5 0.742592592593 0.521354166667 0.0703703703704 0.138541666667
5 0.791666666667 0.524739583333 0.0777777777778 0.150520833333
5 0.843518518519 0.523177083333 0.0666666666667 0.1171875
5 0.930555555556 0.527604166667 0.0833333333333 0.125
5 0.179166666667 0.76171875 0.197222222222 0.2046875
5 0.0597222222222 0.737760416667 0.102777777778 0.161979166667
5 0.306018518519 0.733333333333 0.173148148148 0.170833333333
5 0.433796296296 0.745052083333 0.115740740741 0.191145833333
5 0.530555555556 0.73671875 0.087037037037 0.183854166667
5 0.639814814815 0.740364583333 0.101851851852 0.1953125
5 0.77037037037 0.697395833333 0.153703703704 0.121875
5 0.947222222222 0.723958333333 0.103703703704 0.190625
