4 0.128703703704 0.1203125 0.235185185185 0.241666666667
4 0.32037037037 0.121875 0.164814814815 0.244791666667
1 0.454166666667 0.1203125 0.136111111111 0.241666666667
1 0.556018518519 0.1203125 0.0972222222222 0.241666666667
1 0.649074074074 0.120833333333 0.107407407407 0.242708333333
1 0.726851851852 0.1203125 0.0796296296296 0.241666666667
1 0.775 0.124739583333 0.0777777777778 0.2421875
1 0.834722222222 0.113020833333 0.0916666666667 0.191666666667
1 0.875 0.12109375 0.0685185185185 0.1796875
1 0.905555555556 0.128645833333 0.0685185185185 0.173958333333
1 0.950925925926 0.139583333333 0.0722222222222 0.15625
1 0.114351851852 0.508333333333 0.230555555556 0.352083333333
1 0.210648148148 0.476041666667 0.158333333333 0.310416666667
1 0.331481481481 0.45390625 0.125925925926 0.2828125
1 0.436574074074 0.426041666667 0.121296296296 0.25
1 0.517592592593 0.414583333333 0.111111111111 0.229166666667
1 0.646296296296 0.410416666667 0.159259259259 0.239583333333
1 0.755555555556 0.356770833333 0.0759259259259 0.14375
1 0.806944444444 0.347916666667 0.0675925925926 0.144791666667
1 0.853703703704 0.342708333333 0.0574074074074 0.134375
1 0.0587962962963 0.879427083333 0.119444444444 0.240104166667
1 0.15462962963 0.85546875 0.133333333333 0.2453125
1 0.260648148148 0.806770833333 0.112037037037 0.229166666667
1 0.341666666667 0.77109375 0.122222222222 0.203645833333
1 0.424537037037 0.74140625 0.0972222222222 0.193229166667
1 0.493981481481 0.723958333333 0.0805555555556 0.165625
1 0.776388888889 0.530208333333 0.0805555555556 0.130208333333
1 0.860648148148 0.50546875 0.0601851851852 0.105729166667
