5 0.0486111111111 0.15625 0.0990740740741 0.139583333333
5 0.140740740741 0.16015625 0.0925925925926 0.1265625
5 0.243518518519 0.165625 0.0907407407407 0.115625
5 0.328240740741 0.169791666667 0.0768518518519 0.107291666667
5 0.384259259259 0.1734375 0.0759259259259 0.0979166666667
5 0.440277777778 0.169791666667 0.0768518518519 0.107291666667
5 0.5375 0.169270833333 0.0768518518519 0.0989583333333
5 0.600925925926 0.167447916667 0.0814814814815 0.102604166667
5 0.662962962963 0.162760416667 0.0722222222222 0.109895833333
5 0.729166666667 0.156770833333 0.0787037037037 0.119791666667
5 0.801388888889 0.14921875 0.0916666666667 0.134895833333
5 0.868981481481 0.147916666667 0.0842592592593 0.139583333333
5 0.938888888889 0.14609375 0.0833333333333 0.1359375
5 0.0972222222222 0.360416666667 0.0981481481481 0.155208333333
5 0.0333333333333 0.358072916667 0.0574074074074 0.150520833333
5 0.179166666667 0.357552083333 0.087962962963 0.1515625
5 0.253240740741 0.356770833333 0.0916666666667 0.155208333333
5 0.302777777778 0.358072916667 0.0777777777778 0.150520833333
5 0.384259259259 0.354427083333 0.0796296296296 0.143229166667
5 0.447685185185 0.352604166667 0.0842592592593 0.144791666667
5 0.523611111111 0.34921875 0.075 0.1328125
5 0.583333333333 0.34921875 0.0740740740741 0.136979166667
5 0.641666666667 0.352604166667 0.0814814814815 0.146875
5 0.721296296296 0.357552083333 0.0703703703704 0.1203125
5 0.785648148148 0.35859375 0.0898148148148 0.1203125
5 0.887962962963 0.344270833333 0.087037037037 0.148958333333
5 0.966203703704 0.342447916667 0.0657407407407 0.159895833333
5 0.0537037037037 0.5484375 0.0962962962963 0.145833333333
5 0.123148148148 0.532291666667 0.0685185185185 0.132291666667
5 0.174074074074 0.5359375 0.0722222222222 0.139583333333
5 0.241203703704 0.54375 0.0861111111111 0.153125
5 0.3125 0.539583333333 0.087962962963 0.146875
5 0.378703703704 0.53828125 0.0685185185185 0.1421875
5 0.424537037037 0.529427083333 0.0712962962963 0.131770833333
5 0.511574074074 0.529947916667 0.075 0.1421875
5 0.57037037037 0.527604166667 0.05 0.135416666667
5 0.616203703704 0.540104166667 0.0861111111111 0.145833333333
5 0.670833333333 0.537239583333 0.0601851851852 0.118229166667
5 0.756018518519 0.5421875 0.0898148148148 0.122916666667
5 0.848611111111 0.524479166667 0.0861111111111 0.145833333333
5 0.918518518519 0.52578125 0.0555555555556 0.1390625
5 0.97037037037 0.533333333333 0.0574074074074 0.154166666667
5 0.0430555555556 0.759635416667 0.087962962963 0.1921875
5 0.144444444444 0.734635416667 0.17037037037 0.158854166667
5 0.253703703704 0.75078125 0.111111111111 0.193229166667
5 0.346296296296 0.744270833333 0.109259259259 0.182291666667
5 0.460185185185 0.7484375 0.112962962963 0.197916666667
5 0.62962962963 0.71328125 0.151851851852 0.127604166667
5 0.813888888889 0.742447916667 0.172222222222 0.193229166667
5 0.943981481481 0.758854166667 0.110185185185 0.163541666667
