4 0.0902777777778 0.12890625 0.150925925926 0.1015625
4 0.23287037037 0.13125 0.149074074074 0.104166666667
4 0.405555555556 0.135416666667 0.125925925926 0.114583333333
4 0.54537037037 0.152604166667 0.112962962963 0.0927083333333
4 0.668981481481 0.146614583333 0.119444444444 0.108854166667
4 0.798148148148 0.15390625 0.157407407407 0.106770833333
4 0.922685185185 0.154427083333 0.14537037037 0.105729166667
4 0.115277777778 0.297395833333 0.087962962963 0.0864583333333
4 0.246296296296 0.3015625 0.155555555556 0.078125
4 0.375925925926 0.3109375 0.122222222222 0.06875
4 0.49537037037 0.309114583333 0.101851851852 0.0859375
4 0.575 0.32421875 0.138888888889 0.0588541666667
4 0.725462962963 0.315885416667 0.163888888889 0.0869791666667
4 0.88287037037 0.32109375 0.165740740741 0.0859375
4 0.146296296296 0.441145833333 0.242592592593 0.121875
4 0.339814814815 0.447916666667 0.142592592593 0.120833333333
4 0.480555555556 0.452083333333 0.153703703704 0.121875
4 0.591666666667 0.449479166667 0.1 0.121875
4 0.706018518519 0.45546875 0.117592592593 0.1078125
4 0.819444444444 0.4609375 0.157407407407 0.115625
4 0.941666666667 0.465104166667 0.114814814815 0.110416666667
4 0.318981481481 0.591927083333 0.176851851852 0.127604166667
4 0.496759259259 0.59609375 0.176851851852 0.0984375
4 0.622685185185 0.590104166667 0.0898148148148 0.0979166666667
4 0.695833333333 0.585416666667 0.0916666666667 0.0885416666667
4 0.806481481481 0.59609375 0.101851851852 0.0984375
4 0.944907407407 0.615104166667 0.108333333333 0.090625
4 0.0791666666667 0.725260416667 0.160185185185 0.116145833333
4 0.233333333333 0.730989583333 0.17037037037 0.108854166667
4 0.367592592593 0.739322916667 0.109259259259 0.0994791666667
4 0.459259259259 0.74296875 0.111111111111 0.0921875
4 0.566666666667 0.74765625 0.125925925926 0.0921875
4 0.767592592593 0.744270833333 0.274074074074 0.120833333333
4 0.950462962963 0.75703125 0.0972222222222 0.102604166667
4 0.137962962963 0.84375 0.224074074074 0.0625
4 0.14212962963 0.918229166667 0.20462962963 0.078125
4 0.381944444444 0.866927083333 0.249074074074 0.0921875
4 0.383333333333 0.940625 0.2 0.0541666666667
4 0.596759259259 0.914583333333 0.208333333333 0.102083333333
4 0.800925925926 0.919791666667 0.214814814815 0.121875
4 0.934722222222 0.865364583333 0.128703703704 0.0671875
4 0.940740740741 0.945052083333 0.116666666667 0.0880208333333
