1 0.0773148148148 0.190625 0.119444444444 0.140625
1 0.155555555556 0.195833333333 0.0944444444444 0.134375
1 0.248611111111 0.205729166667 0.0787037037037 0.11875
1 0.316203703704 0.209114583333 0.0824074074074 0.105729166667
1 0.361574074074 0.195833333333 0.0694444444444 0.136458333333
1 0.4125 0.193489583333 0.0990740740741 0.1484375
1 0.487962962963 0.193489583333 0.0962962962963 0.146354166667
1 0.572222222222 0.191927083333 0.0851851851852 0.158854166667
1 0.6375 0.194010416667 0.0861111111111 0.1515625
1 0.702314814815 0.2015625 0.0601851851852 0.134375
1 0.793981481481 0.1984375 0.0861111111111 0.145833333333
1 0.867592592593 0.1984375 0.0703703703704 0.145833333333
1 0.960185185185 0.21015625 0.0777777777778 0.1171875
1 0.0462962962963 0.375 0.0703703703704 0.113541666667
1 0.104166666667 0.377604166667 0.0953703703704 0.125
1 0.185648148148 0.37578125 0.0768518518519 0.1078125
1 0.243055555556 0.379947916667 0.0972222222222 0.118229166667
1 0.297685185185 0.379166666667 0.0787037037037 0.110416666667
1 0.343981481481 0.3828125 0.0805555555556 0.114583333333
1 0.405555555556 0.381510416667 0.0851851851852 0.1359375
1 0.474537037037 0.380208333333 0.0824074074074 0.133333333333
1 0.550925925926 0.383333333333 0.0907407407407 0.14375
1 0.618518518519 0.38203125 0.087037037037 0.150520833333
1 0.697685185185 0.380989583333 0.0768518518519 0.146354166667
1 0.769907407407 0.382291666667 0.0731481481481 0.14375
1 0.848148148148 0.3828125 0.0888888888889 0.142708333333
1 0.918981481481 0.384375 0.0861111111111 0.14375
1 0.965277777778 0.388020833333 0.0675925925926 0.134375
1 0.0259259259259 0.54140625 0.0537037037037 0.138020833333
1 0.075462962963 0.548177083333 0.0787037037037 0.119270833333
1 0.137037037037 0.538541666667 0.0666666666667 0.111458333333
1 0.1875 0.534895833333 0.0731481481481 0.109375
1 0.222685185185 0.549739583333 0.0935185185185 0.118229166667
1 0.293518518519 0.5484375 0.0944444444444 0.1125
1 0.360185185185 0.544791666667 0.0722222222222 0.110416666667
1 0.406944444444 0.549739583333 0.0787037037037 0.127604166667
1 0.476388888889 0.545833333333 0.0824074074074 0.126041666667
1 0.558333333333 0.54765625 0.0888888888889 0.134895833333
1 0.631944444444 0.548958333333 0.0731481481481 0.132291666667
1 0.700925925926 0.55 0.0777777777778 0.134375
1 0.769444444444 0.548958333333 0.0888888888889 0.132291666667
1 0.844907407407 0.551041666667 0.0861111111111 0.130208333333
1 0.922222222222 0.553385416667 0.0851851851852 0.127604166667
1 0.128240740741 0.7 0.087962962963 0.107291666667
1 0.20787037037 0.702604166667 0.0805555555556 0.113541666667
1 0.275925925926 0.707291666667 0.0851851851852 0.104166666667
1 0.341666666667 0.704947916667 0.0888888888889 0.106770833333
1 0.412962962963 0.701041666667 0.087037037037 0.1125
1 0.481944444444 0.702864583333 0.0712962962963 0.113020833333
1 0.540277777778 0.705729166667 0.0824074074074 0.123958333333
1 0.606018518519 0.705729166667 0.0787037037037 0.121875
1 0.684722222222 0.710677083333 0.0824074074074 0.1296875
1 0.740740740741 0.701041666667 0.0685185185185 0.110416666667
1 0.812037037037 0.701041666667 0.0833333333333 0.1125
1 0.88287037037 0.705729166667 0.0805555555556 0.121875
1 0.936574074074 0.705208333333 0.0675925925926 0.113541666667
1 0.0393518518519 0.88984375 0.0805555555556 0.1171875
1 0.276388888889 0.835416666667 0.0842592592593 0.084375
