1 0.0708333333333 0.135677083333 0.075 0.125520833333
1 0.143981481481 0.134114583333 0.0990740740741 0.1359375
1 0.218055555556 0.13515625 0.0805555555556 0.130729166667
1 0.297222222222 0.136979166667 0.0888888888889 0.127083333333
1 0.377777777778 0.14375 0.0907407407407 0.130208333333
1 0.444907407407 0.1453125 0.0898148148148 0.127083333333
1 0.519444444444 0.1515625 0.0777777777778 0.121875
1 0.594907407407 0.136979166667 0.0805555555556 0.1375
1 0.675 0.140104166667 0.105555555556 0.1375
1 0.750925925926 0.140104166667 0.0962962962963 0.127083333333
1 0.835648148148 0.1421875 0.0861111111111 0.1375
1 0.915740740741 0.137760416667 0.105555555556 0.1390625
1 0.652777777778 0.333333333333 0.0925925925926 0.155208333333
1 0.55 0.336458333333 0.0833333333333 0.161458333333
1 0.481481481481 0.333333333333 0.0907407407407 0.155208333333
1 0.406481481481 0.328645833333 0.0740740740741 0.15625
1 0.280555555556 0.331770833333 0.1 0.15625
1 0.156944444444 0.322916666667 0.0953703703704 0.155208333333
1 0.0657407407407 0.326041666667 0.101851851852 0.147916666667
1 0.282407407407 0.924479166667 0.133333333333 0.15
1 0.394444444444 0.92890625 0.12962962963 0.141145833333
1 0.518055555556 0.924479166667 0.117592592593 0.15
1 0.624074074074 0.928645833333 0.0962962962963 0.141666666667
1 0.715277777778 0.9296875 0.10462962963 0.139583333333
1 0.825 0.93046875 0.114814814815 0.138020833333
1 0.911574074074 0.925520833333 0.100925925926 0.147916666667
1 0.0259259259259 0.153385416667 0.0537037037037 0.0963541666667
1 0.348148148148 0.334114583333 0.0722222222222 0.140104166667
1 0.743981481481 0.33984375 0.112037037037 0.147395833333
1 0.82037037037 0.343229166667 0.087037037037 0.144791666667
1 0.90787037037 0.345572916667 0.113888888889 0.1515625
1 0.0689814814815 0.556770833333 0.0990740740741 0.134375
1 0.186574074074 0.5453125 0.0916666666667 0.125
1 0.292592592593 0.559375 0.0925925925926 0.134375
1 0.365740740741 0.548177083333 0.087037037037 0.1265625
1 0.436574074074 0.55234375 0.0805555555556 0.1296875
1 0.497222222222 0.555208333333 0.0777777777778 0.133333333333
1 0.548148148148 0.570833333333 0.109259259259 0.136458333333
1 0.67037037037 0.568489583333 0.107407407407 0.141145833333
1 0.784259259259 0.578385416667 0.105555555556 0.1359375
1 0.89537037037 0.5859375 0.109259259259 0.141666666667
1 0.967592592593 0.576041666667 0.062962962963 0.146875
1 0.0300925925926 0.730989583333 0.062037037037 0.140104166667
1 0.113425925926 0.734635416667 0.137962962963 0.1359375
1 0.222685185185 0.73359375 0.117592592593 0.138020833333
1 0.314814814815 0.727604166667 0.105555555556 0.114583333333
1 0.411111111111 0.729427083333 0.127777777778 0.122395833333
1 0.510648148148 0.734375 0.10462962963 0.123958333333
1 0.62037037037 0.754166666667 0.124074074074 0.144791666667
1 0.700925925926 0.7359375 0.0703703703704 0.114583333333
1 0.772222222222 0.736979166667 0.105555555556 0.114583333333
1 0.875925925926 0.755989583333 0.140740740741 0.1484375
1 0.952777777778 0.7453125 0.0925925925926 0.122916666667
1 0.0453703703704 0.901041666667 0.0925925925926 0.123958333333
1 0.137037037037 0.91796875 0.127777777778 0.136979166667
