6 0.0421296296296 0.136979166667 0.0861111111111 0.0635416666667
6 0.159722222222 0.134635416667 0.130555555556 0.0567708333333
6 0.277314814815 0.131770833333 0.128703703704 0.0625
6 0.0476851851852 0.188802083333 0.0972222222222 0.0578125
6 0.168055555556 0.190625 0.134259259259 0.0541666666667
6 0.29537037037 0.188802083333 0.122222222222 0.0578125
6 0.41712962963 0.162760416667 0.152777777778 0.0859375
6 0.556944444444 0.1625 0.136111111111 0.0958333333333
6 0.713425925926 0.1609375 0.158333333333 0.096875
6 0.856481481481 0.159895833333 0.146296296296 0.096875
6 0.561111111111 0.3140625 0.137037037037 0.0864583333333
6 0.709259259259 0.3109375 0.124074074074 0.0927083333333
6 0.843518518519 0.30859375 0.12962962963 0.0921875
6 0.959722222222 0.30625 0.0787037037037 0.0947916666667
6 0.954166666667 0.394010416667 0.0898148148148 0.0755208333333
6 0.83287037037 0.391927083333 0.137962962963 0.0755208333333
6 0.698611111111 0.39296875 0.115740740741 0.0734375
6 0.569444444444 0.39609375 0.124074074074 0.0744791666667
6 0.110185185185 0.365104166667 0.12037037037 0.0697916666667
6 0.221296296296 0.363802083333 0.116666666667 0.0598958333333
6 0.340740740741 0.362239583333 0.127777777778 0.0682291666667
6 0.463425925926 0.36328125 0.106481481481 0.0609375
6 0.114351851852 0.4109375 0.119444444444 0.0395833333333
6 0.233796296296 0.4125 0.121296296296 0.0385416666667
6 0.351388888889 0.413802083333 0.119444444444 0.0432291666667
1 0.468055555556 0.412760416667 0.102777777778 0.0453125
1 0.0273148148148 0.364583333333 0.0564814814815 0.144791666667
6 0.0592592592593 0.569270833333 0.12037037037 0.1375
6 0.173611111111 0.540364583333 0.123148148148 0.0692708333333
6 0.314814814815 0.53359375 0.125925925926 0.0755208333333
6 0.443518518519 0.538802083333 0.112962962963 0.0671875
6 0.2 0.616666666667 0.142592592593 0.046875
6 0.333333333333 0.6109375 0.122222222222 0.0541666666667
6 0.441203703704 0.60625 0.10462962963 0.0614583333333
