6 0.0223958333333 0.141203703704 0.0291666666667 0.113888888889
6 0.04375 0.140277777778 0.025 0.106481481481
6 0.0635416666667 0.141203703704 0.0270833333333 0.113888888889
6 0.08671875 0.136574074074 0.0307291666667 0.113888888889
6 0.115364583333 0.136111111111 0.0296875 0.111111111111
6 0.178645833333 0.118518518519 0.0427083333333 0.0722222222222
6 0.219270833333 0.116666666667 0.0385416666667 0.0666666666667
6 0.18359375 0.168055555556 0.0390625 0.0472222222222
6 0.222135416667 0.163888888889 0.0359375 0.0444444444444
6 0.302604166667 0.0796296296296 0.0354166666667 0.0722222222222
6 0.262239583333 0.139814814815 0.0463541666667 0.0648148148148
6 0.339583333333 0.0787037037037 0.04375 0.0666666666667
6 0.375520833333 0.0708333333333 0.0385416666667 0.0731481481481
6 0.415104166667 0.0712962962963 0.046875 0.0759259259259
6 0.303385416667 0.137962962963 0.0411458333333 0.0574074074074
6 0.340625 0.133796296296 0.0416666666667 0.0638888888889
6 0.378385416667 0.136574074074 0.0432291666667 0.0638888888889
6 0.416666666667 0.135185185185 0.046875 0.0611111111111
6 0.745572916667 0.0481481481481 0.0453125 0.0685185185185
6 0.785416666667 0.0467592592593 0.0427083333333 0.062037037037
6 0.742447916667 0.110648148148 0.0453125 0.0583333333333
6 0.785677083333 0.105555555556 0.0484375 0.0611111111111
6 0.751041666667 0.244907407407 0.0375 0.0657407407407
6 0.786197916667 0.247222222222 0.0442708333333 0.0666666666667
6 0.783333333333 0.301851851852 0.04375 0.0555555555556
6 0.747395833333 0.302314814815 0.0447916666667 0.0601851851852
6 0.71953125 0.24212962963 0.0401041666667 0.062037037037
6 0.7140625 0.301851851852 0.028125 0.0555555555556
6 0.01640625 0.276388888889 0.0338541666667 0.0564814814815
6 0.0200520833333 0.318055555556 0.0401041666667 0.0472222222222
6 0.11484375 0.314814814815 0.0244791666667 0.111111111111
6 0.134635416667 0.314351851852 0.0265625 0.110185185185
6 0.0463541666667 0.295833333333 0.0197916666667 0.0675925925926
6 0.0651041666667 0.296296296296 0.0291666666667 0.0703703703704
6 0.0932291666667 0.292592592593 0.028125 0.0796296296296
6 0.0171875 0.491666666667 0.0354166666667 0.0555555555556
6 0.0403645833333 0.497685185185 0.0223958333333 0.113888888889
6 0.0596354166667 0.500462962963 0.0244791666667 0.113888888889
6 0.0799479166667 0.498148148148 0.0265625 0.116666666667
6 0.100260416667 0.496759259259 0.0223958333333 0.113888888889
6 0.121875 0.499537037037 0.0270833333333 0.115740740741
6 0.330208333333 0.256944444444 0.04375 0.0712962962963
6 0.37109375 0.258796296296 0.0442708333333 0.0583333333333
6 0.407291666667 0.263425925926 0.0416666666667 0.0601851851852
6 0.33203125 0.31712962963 0.0421875 0.0546296296296
6 0.372395833333 0.313888888889 0.0395833333333 0.0611111111111
6 0.411458333333 0.316666666667 0.04375 0.0537037037037
6 0.15703125 0.489814814815 0.0255208333333 0.105555555556
6 0.476302083333 0.634722222222 0.0380208333333 0.087962962963
6 0.511979166667 0.626851851852 0.0385416666667 0.087037037037
6 0.54609375 0.625925925926 0.0380208333333 0.0888888888889
6 0.478385416667 0.701851851852 0.0369791666667 0.0666666666667
6 0.515104166667 0.696759259259 0.0375 0.0805555555556
6 0.550260416667 0.699074074074 0.0359375 0.0666666666667
6 0.375260416667 0.648611111111 0.0421875 0.0712962962963
6 0.416145833333 0.639351851852 0.034375 0.0842592592593
6 0.44296875 0.648611111111 0.0401041666667 0.0731481481481
6 0.44375 0.712037037037 0.0458333333333 0.0444444444444
6 0.377083333333 0.710185185185 0.0427083333333 0.0481481481481
6 0.8078125 0.686574074074 0.034375 0.0768518518519
6 0.839583333333 0.686574074074 0.0375 0.0842592592593
6 0.298958333333 0.862037037037 0.0520833333333 0.0481481481481
6 0.304166666667 0.911574074074 0.0520833333333 0.0416666666667
6 0.355729166667 0.830555555556 0.0552083333333 0.0518518518519
6 0.3546875 0.871296296296 0.05 0.037037037037
6 0.378385416667 0.456944444444 0.0401041666667 0.0638888888889
6 0.414322916667 0.461111111111 0.0359375 0.0555555555556
6 0.453125 0.458796296296 0.0333333333333 0.0546296296296
6 0.45078125 0.508796296296 0.0348958333333 0.062037037037
6 0.482552083333 0.434722222222 0.0359375 0.0787037037037
6 0.51953125 0.431944444444 0.0401041666667 0.0824074074074
6 0.48671875 0.505555555556 0.0359375 0.0722222222222
6 0.519270833333 0.504166666667 0.0385416666667 0.075
6 0.33984375 0.435648148148 0.0348958333333 0.0490740740741
6 0.26796875 0.478240740741 0.0432291666667 0.0564814814815
6 0.30390625 0.475925925926 0.0390625 0.0611111111111
6 0.338802083333 0.480092592593 0.0390625 0.0546296296296
6 0.2640625 0.518055555556 0.0395833333333 0.0435185185185
6 0.302083333333 0.52037037037 0.0385416666667 0.0425925925926
1 0.3390625 0.518518518519 0.0395833333333 0.037037037037
1 0.452083333333 0.106018518519 0.0260416666667 0.108333333333
1 0.471875 0.104166666667 0.0270833333333 0.110185185185
1 0.492708333333 0.100925925926 0.0270833333333 0.105555555556
1 0.514322916667 0.102777777778 0.0255208333333 0.0944444444444
1 0.45234375 0.287962962963 0.0213541666667 0.0944444444444
1 0.472395833333 0.286574074074 0.0260416666667 0.102777777778
1 0.512760416667 0.286574074074 0.0255208333333 0.0972222222222
1 0.532552083333 0.285648148148 0.0255208333333 0.0990740740741
1 0.820572916667 0.0782407407407 0.0265625 0.10462962963
1 0.843489583333 0.0759259259259 0.0276041666667 0.107407407407
1 0.87109375 0.0782407407407 0.0255208333333 0.10462962963
1 0.895052083333 0.0731481481481 0.0307291666667 0.112962962963
1 0.932291666667 0.0722222222222 0.0260416666667 0.103703703704
1 0.972916666667 0.0662037037037 0.0302083333333 0.115740740741
1 0.81796875 0.268518518519 0.0234375 0.125925925926
1 0.845572916667 0.26712962963 0.0328125 0.125
1 0.876822916667 0.262962962963 0.0307291666667 0.131481481481
1 0.903125 0.263425925926 0.028125 0.130555555556
1 0.935677083333 0.265740740741 0.0328125 0.125925925926
1 0.966145833333 0.258333333333 0.034375 0.12962962963
1 0.87734375 0.648148148148 0.0380208333333 0.159259259259
1 0.97421875 0.648611111111 0.0494791666667 0.160185185185
1 0.818229166667 0.461574074074 0.034375 0.14537037037
1 0.846614583333 0.464351851852 0.0307291666667 0.143518518519
1 0.884114583333 0.468055555556 0.0317708333333 0.119444444444
1 0.9171875 0.466666666667 0.0322916666667 0.116666666667
1 0.945052083333 0.466666666667 0.0276041666667 0.131481481481
1 0.975 0.464351851852 0.03125 0.119444444444
1 0.728125 0.671759259259 0.0333333333333 0.108333333333
1 0.75390625 0.671759259259 0.0296875 0.106481481481
1 0.782552083333 0.672685185185 0.0286458333333 0.119444444444
1 0.0838541666667 0.676851851852 0.0385416666667 0.111111111111
1 0.11015625 0.651388888889 0.0421875 0.132407407407
1 0.140625 0.655555555556 0.0385416666667 0.122222222222
1 0.166666666667 0.651388888889 0.03125 0.126851851852
1 0.0466145833333 0.663425925926 0.0411458333333 0.143518518519
6 0.271614583333 0.635185185185 0.0369791666667 0.0518518518519
6 0.309635416667 0.633333333333 0.0338541666667 0.0611111111111
6 0.34453125 0.627314814815 0.0338541666667 0.062037037037
6 0.274479166667 0.677314814815 0.0375 0.0435185185185
6 0.312239583333 0.678240740741 0.0359375 0.0416666666667
6 0.3453125 0.677314814815 0.0291666666667 0.0435185185185
6 0.274739583333 0.7125 0.0401041666667 0.0398148148148
6 0.310416666667 0.713425925926 0.0354166666667 0.0324074074074
6 0.344791666667 0.712962962963 0.034375 0.037037037037
1 0.01640625 0.661574074074 0.0338541666667 0.152777777778
