6 0.0828703703704 0.80390625 0.115740740741 0.0755208333333
6 0.259259259259 0.802604166667 0.0925925925926 0.0729166666667
6 0.075 0.887760416667 0.151851851852 0.0578125
6 0.239351851852 0.891927083333 0.19537037037 0.0588541666667
6 0.42037037037 0.915364583333 0.142592592593 0.0786458333333
6 0.548611111111 0.57109375 0.0898148148148 0.0598958333333
6 0.800925925926 0.577604166667 0.109259259259 0.05625
6 0.906944444444 0.603125 0.134259259259 0.0645833333333
6 0.854166666667 0.648958333333 0.100925925926 0.0854166666667
6 0.949074074074 0.657291666667 0.1 0.0854166666667
6 0.674074074074 0.595052083333 0.12962962963 0.0671875
6 0.610648148148 0.64296875 0.117592592593 0.0828125
6 0.720833333333 0.650260416667 0.10462962963 0.0755208333333
6 0.609722222222 0.28046875 0.115740740741 0.0817708333333
6 0.728240740741 0.28515625 0.115740740741 0.0838541666667
6 0.861574074074 0.286458333333 0.123148148148 0.0791666666667
6 0.62962962963 0.466145833333 0.112962962963 0.071875
6 0.741203703704 0.46328125 0.0898148148148 0.0848958333333
6 0.836574074074 0.470572916667 0.0935185185185 0.0703125
6 0.938888888889 0.467708333333 0.0962962962963 0.0739583333333
6 0.891203703704 0.4078125 0.158333333333 0.071875
