4 0.206944444444 0.195833333333 0.206481481481 0.169791666667
4 0.443981481481 0.197135416667 0.258333333333 0.1734375
4 0.774074074074 0.219270833333 0.0685185185185 0.127083333333
4 0.656481481481 0.402083333333 0.240740740741 0.134375
4 0.891203703704 0.409895833333 0.215740740741 0.127083333333
4 0.415277777778 0.391666666667 0.236111111111 0.157291666667
4 0.4 0.573958333333 0.227777777778 0.148958333333
4 0.607407407407 0.607552083333 0.216666666667 0.108854166667
4 0.0828703703704 0.378385416667 0.167592592593 0.1578125
4 0.822222222222 0.607291666667 0.231481481481 0.114583333333
4 0.616203703704 0.760677083333 0.363888888889 0.141145833333
4 0.331944444444 0.74375 0.187962962963 0.136458333333
4 0.148148148148 0.740885416667 0.216666666667 0.128645833333
4 0.573148148148 0.9171875 0.296296296296 0.114583333333
4 0.212962962963 0.0265625 0.185185185185 0.0541666666667
4 0.399074074074 0.03125 0.172222222222 0.0635416666667
4 0.726388888889 0.0354166666667 0.221296296296 0.071875
4 0.0675925925926 0.0252604166667 0.137037037037 0.0515625
4 0.231481481481 0.38046875 0.155555555556 0.133854166667
4 0.709259259259 0.21875 0.0777777777778 0.129166666667
4 0.644907407407 0.234635416667 0.087962962963 0.0994791666667
4 0.911111111111 0.170572916667 0.175925925926 0.0588541666667
4 0.902314814815 0.219270833333 0.193518518519 0.0520833333333
4 0.900462962963 0.262760416667 0.197222222222 0.0598958333333
4 0.037037037037 0.556770833333 0.0759259259259 0.147916666667
4 0.2 0.561979166667 0.159259259259 0.146875
4 0.931481481481 0.767708333333 0.135185185185 0.138541666667
4 0.869907407407 0.916927083333 0.258333333333 0.118229166667
4 0.151388888889 0.878385416667 0.210185185185 0.0713541666667
4 0.149074074074 0.939583333333 0.201851851852 0.0614583333333
4 0.344444444444 0.945572916667 0.185185185185 0.0494791666667
4 0.344444444444 0.884635416667 0.205555555556 0.0776041666667
