1 0.184259259259 0.153385416667 0.0925925925926 0.118229166667
1 0.460648148148 0.164583333333 0.0842592592593 0.119791666667
1 0.537037037037 0.164583333333 0.0796296296296 0.113541666667
1 0.613425925926 0.170572916667 0.0805555555556 0.118229166667
1 0.6875 0.1703125 0.0990740740741 0.10625
1 0.753703703704 0.1671875 0.0833333333333 0.104166666667
1 0.827314814815 0.172135416667 0.0861111111111 0.1140625
1 0.899074074074 0.178645833333 0.0777777777778 0.1125
1 0.952777777778 0.3546875 0.0925925925926 0.145833333333
1 0.873148148148 0.353385416667 0.0814814814815 0.1640625
1 0.803240740741 0.3546875 0.0898148148148 0.160416666667
1 0.727777777778 0.351302083333 0.0925925925926 0.159895833333
1 0.398148148148 0.341927083333 0.116666666667 0.155729166667
1 0.309259259259 0.347916666667 0.0962962962963 0.153125
1 0.255092592593 0.565625 0.117592592593 0.155208333333
1 0.361574074074 0.57421875 0.0898148148148 0.1515625
1 0.462962962963 0.5703125 0.0981481481481 0.125
1 0.59537037037 0.577083333333 0.111111111111 0.153125
1 0.158333333333 0.748958333333 0.135185185185 0.157291666667
1 0.264814814815 0.748958333333 0.124074074074 0.145833333333
1 0.379166666667 0.750520833333 0.141666666667 0.15
1 0.505555555556 0.753385416667 0.105555555556 0.140104166667
1 0.673148148148 0.751041666667 0.111111111111 0.127083333333
1 0.772685185185 0.750260416667 0.102777777778 0.134895833333
1 0.912037037037 0.765625 0.118518518519 0.151041666667
1 0.165740740741 0.934895833333 0.148148148148 0.129166666667
1 0.381944444444 0.926041666667 0.117592592593 0.146875
1 0.533333333333 0.93046875 0.12962962963 0.138020833333
1 0.673611111111 0.9375 0.126851851852 0.123958333333
1 0.789351851852 0.933072916667 0.112037037037 0.1328125
1 0.888888888889 0.934895833333 0.105555555556 0.129166666667
1 0.277314814815 0.9328125 0.106481481481 0.133333333333
1 0.0694444444444 0.923958333333 0.0981481481481 0.125
1 0.963425925926 0.938020833333 0.0712962962963 0.122916666667
1 0.596296296296 0.747395833333 0.0981481481481 0.121875
1 0.668055555556 0.5671875 0.0787037037037 0.125
1 0.731018518519 0.5703125 0.0805555555556 0.13125
1 0.800462962963 0.571354166667 0.0805555555556 0.123958333333
1 0.860185185185 0.5921875 0.12962962963 0.135416666667
1 0.950925925926 0.58515625 0.0962962962963 0.140104166667
1 0.225925925926 0.346614583333 0.087037037037 0.149479166667
1 0.47962962963 0.350260416667 0.0888888888889 0.147395833333
1 0.553703703704 0.347916666667 0.0888888888889 0.142708333333
1 0.6125 0.35078125 0.0824074074074 0.1390625
1 0.665740740741 0.353645833333 0.0666666666667 0.135416666667
1 0.292592592593 0.171354166667 0.0759259259259 0.090625
1 0.356481481481 0.170833333333 0.0851851851852 0.084375
1 0.411574074074 0.169791666667 0.0601851851852 0.0895833333333
1 0.956018518519 0.163541666667 0.0861111111111 0.127083333333
