1 0.0351851851852 0.131510416667 0.0722222222222 0.1453125
1 0.0976851851852 0.134375 0.0990740740741 0.136458333333
1 0.192592592593 0.13203125 0.103703703704 0.146354166667
1 0.401851851852 0.0817708333333 0.0888888888889 0.0385416666667
1 0.563425925926 0.08125 0.0990740740741 0.0395833333333
1 0.648611111111 0.08046875 0.0972222222222 0.0338541666667
1 0.727314814815 0.08515625 0.0787037037037 0.0359375
1 0.878703703704 0.0888020833333 0.105555555556 0.0432291666667
1 0.962037037037 0.0854166666667 0.0740740740741 0.0385416666667
1 0.403703703704 0.13203125 0.0925925925926 0.0744791666667
1 0.484259259259 0.131510416667 0.0888888888889 0.0755208333333
1 0.565277777778 0.128125 0.0824074074074 0.078125
1 0.644444444444 0.13046875 0.0888888888889 0.0734375
1 0.721296296296 0.131770833333 0.0907407407407 0.0708333333333
1 0.798611111111 0.134895833333 0.0805555555556 0.059375
1 0.874537037037 0.133854166667 0.0805555555556 0.059375
1 0.961111111111 0.129166666667 0.0759259259259 0.0614583333333
1 0.0467592592593 0.334895833333 0.0953703703704 0.145833333333
1 0.122685185185 0.336979166667 0.0990740740741 0.141666666667
1 0.223611111111 0.334635416667 0.0824074074074 0.1203125
1 0.31712962963 0.338541666667 0.100925925926 0.144791666667
1 0.437962962963 0.272395833333 0.111111111111 0.136458333333
1 0.525 0.301822916667 0.0814814814815 0.0848958333333
1 0.613425925926 0.272135416667 0.121296296296 0.136979166667
1 0.702777777778 0.2953125 0.0666666666667 0.0885416666667
1 0.781018518519 0.274479166667 0.119444444444 0.136458333333
1 0.906018518519 0.272135416667 0.134259259259 0.134895833333
1 0.0231481481481 0.546614583333 0.0481481481481 0.133854166667
1 0.0731481481481 0.547135416667 0.0740740740741 0.140104166667
1 0.156944444444 0.54375 0.0842592592593 0.142708333333
1 0.223611111111 0.532552083333 0.0824074074074 0.127604166667
1 0.281481481481 0.533072916667 0.0703703703704 0.128645833333
1 0.346759259259 0.543489583333 0.0787037037037 0.140104166667
1 0.438888888889 0.43828125 0.125925925926 0.128645833333
1 0.537037037037 0.454427083333 0.0722222222222 0.0890625
1 0.627777777778 0.422135416667 0.105555555556 0.109895833333
1 0.740740740741 0.431770833333 0.109259259259 0.122916666667
1 0.815740740741 0.447135416667 0.0555555555556 0.0765625
1 0.886111111111 0.425520833333 0.087037037037 0.116666666667
1 0.960185185185 0.4359375 0.0777777777778 0.135416666667
1 0.530092592593 0.5796875 0.0990740740741 0.114583333333
1 0.617592592593 0.562760416667 0.0888888888889 0.0765625
1 0.705092592593 0.5671875 0.0990740740741 0.0833333333333
1 0.789351851852 0.570833333333 0.0657407407407 0.08125
1 0.845833333333 0.573697916667 0.0972222222222 0.100520833333
1 0.960185185185 0.579427083333 0.0777777777778 0.105729166667
1 0.0601851851852 0.7203125 0.0796296296296 0.14375
1 0.125925925926 0.71796875 0.0796296296296 0.143229166667
1 0.2 0.715885416667 0.0851851851852 0.149479166667
1 0.274074074074 0.715104166667 0.0925925925926 0.154166666667
1 0.347685185185 0.716666666667 0.0972222222222 0.145833333333
1 0.477777777778 0.725260416667 0.101851851852 0.115104166667
1 0.556018518519 0.716666666667 0.0842592592593 0.0927083333333
1 0.719444444444 0.71953125 0.111111111111 0.0984375
1 0.828240740741 0.73046875 0.115740740741 0.1203125
1 0.937037037037 0.729427083333 0.112962962963 0.113020833333
1 0.118055555556 0.88515625 0.0638888888889 0.130729166667
1 0.174074074074 0.912239583333 0.0833333333333 0.134895833333
1 0.253240740741 0.909114583333 0.0768518518519 0.138020833333
1 0.335648148148 0.9140625 0.0972222222222 0.142708333333
1 0.437962962963 0.8984375 0.127777777778 0.145833333333
1 0.545833333333 0.91171875 0.113888888889 0.149479166667
1 0.620833333333 0.935416666667 0.062037037037 0.0739583333333
1 0.683333333333 0.881510416667 0.122222222222 0.124479166667
1 0.799537037037 0.885416666667 0.132407407407 0.134375
1 0.918981481481 0.916927083333 0.136111111111 0.141145833333
