2 0.0578125 0.0884259259259 0.1 0.0953703703704
2 0.1453125 0.0736111111111 0.0895833333333 0.128703703704
2 0.221354166667 0.0694444444444 0.0770833333333 0.140740740741
2 0.298958333333 0.0810185185185 0.0885416666667 0.117592592593
2 0.3796875 0.0708333333333 0.0833333333333 0.130555555556
2 0.461979166667 0.0648148148148 0.0875 0.131481481481
2 0.541666666667 0.0675925925926 0.0822916666667 0.137037037037
2 0.624479166667 0.0648148148148 0.08125 0.131481481481
2 0.707291666667 0.0694444444444 0.084375 0.140740740741
2 0.780729166667 0.0652777777778 0.0833333333333 0.130555555556
2 0.861458333333 0.062037037037 0.0760416666667 0.125925925926
2 0.947916666667 0.0634259259259 0.090625 0.112037037037
2 0.849479166667 0.293055555556 0.0875 0.108333333333
2 0.93125 0.284722222222 0.0885416666667 0.106481481481
2 0.770833333333 0.294907407407 0.084375 0.100925925926
2 0.689583333333 0.294907407407 0.0760416666667 0.0972222222222
2 0.619791666667 0.2875 0.084375 0.100925925926
2 0.540625 0.291203703704 0.084375 0.100925925926
2 0.5421875 0.200462962963 0.0958333333333 0.0898148148148
2 0.4625 0.306018518519 0.0927083333333 0.108333333333
2 0.3890625 0.214351851852 0.08125 0.106481481481
2 0.38125 0.311574074074 0.0864583333333 0.0898148148148
2 0.305729166667 0.308796296296 0.075 0.0842592592593
2 0.302604166667 0.20787037037 0.0854166666667 0.0935185185185
2 0.229166666667 0.30787037037 0.0864583333333 0.10462962963
2 0.14375 0.302314814815 0.0739583333333 0.0935185185185
2 0.065625 0.303240740741 0.0739583333333 0.0805555555556
2 0.0583333333333 0.2125 0.0802083333333 0.0768518518519
2 0.0869791666667 0.511574074074 0.0770833333333 0.112037037037
2 0.166666666667 0.497685185185 0.0885416666667 0.132407407407
2 0.240104166667 0.494907407407 0.0770833333333 0.112037037037
2 0.308854166667 0.51712962963 0.0645833333333 0.100925925926
2 0.308854166667 0.424537037037 0.0625 0.108333333333
2 0.380208333333 0.426388888889 0.0947916666667 0.100925925926
2 0.381770833333 0.509722222222 0.08125 0.0712962962963
2 0.463020833333 0.427314814815 0.0708333333333 0.102777777778
2 0.463020833333 0.518055555556 0.08125 0.0842592592593
2 0.535416666667 0.423611111111 0.0802083333333 0.102777777778
2 0.540625 0.518055555556 0.078125 0.0842592592593
2 0.613020833333 0.513425925926 0.075 0.0935185185185
2 0.615625 0.415277777778 0.0802083333333 0.108333333333
2 0.686458333333 0.504166666667 0.0822916666667 0.0972222222222
2 0.767708333333 0.493055555556 0.0864583333333 0.10462962963
2 0.8390625 0.475462962963 0.0875 0.110185185185
2 0.922916666667 0.488425925926 0.0739583333333 0.106481481481
2 0.102604166667 0.714351851852 0.0833333333333 0.113888888889
2 0.175520833333 0.713425925926 0.0729166666667 0.123148148148
2 0.2515625 0.709722222222 0.06875 0.134259259259
2 0.3203125 0.631018518519 0.0729166666667 0.106481481481
2 0.325520833333 0.739814814815 0.08125 0.103703703704
2 0.391145833333 0.627314814815 0.0791666666667 0.110185185185
2 0.389583333333 0.728240740741 0.0635416666667 0.0861111111111
2 0.4609375 0.635648148148 0.0708333333333 0.119444444444
2 0.458854166667 0.713425925926 0.0791666666667 0.0787037037037
2 0.5328125 0.622685185185 0.08125 0.126851851852
2 0.5375 0.723611111111 0.0802083333333 0.113888888889
2 0.609375 0.619907407407 0.0802083333333 0.117592592593
2 0.613541666667 0.730092592593 0.0697916666667 0.108333333333
2 0.688541666667 0.629166666667 0.0739583333333 0.106481481481
2 0.688541666667 0.726388888889 0.0760416666667 0.10462962963
2 0.759375 0.628240740741 0.0760416666667 0.112037037037
2 0.758854166667 0.723611111111 0.0666666666667 0.0953703703704
2 0.838020833333 0.631018518519 0.0833333333333 0.113888888889
2 0.8296875 0.736574074074 0.0916666666667 0.113888888889
2 0.907291666667 0.718981481481 0.0677083333333 0.0898148148148
2 0.919791666667 0.624537037037 0.0864583333333 0.108333333333
2 0.900520833333 0.853240740741 0.1 0.110185185185
2 0.8859375 0.945833333333 0.0916666666667 0.0916666666667
2 0.680729166667 0.886574074074 0.0666666666667 0.121296296296
2 0.6140625 0.838425925926 0.0791666666667 0.110185185185
2 0.611979166667 0.931018518519 0.0916666666667 0.0768518518519
2 0.534375 0.928240740741 0.0697916666667 0.075
2 0.534895833333 0.835648148148 0.0666666666667 0.100925925926
2 0.466145833333 0.836574074074 0.0708333333333 0.110185185185
2 0.402604166667 0.843981481481 0.0770833333333 0.0916666666667
2 0.467708333333 0.948611111111 0.078125 0.0824074074074
2 0.399479166667 0.947685185185 0.06875 0.0916666666667
2 0.334375 0.854166666667 0.071875 0.0935185185185
2 0.332291666667 0.951851851852 0.071875 0.0944444444444
2 0.261458333333 0.843055555556 0.0739583333333 0.0898148148148
2 0.264583333333 0.934722222222 0.090625 0.0768518518519
2 0.193229166667 0.849537037037 0.0770833333333 0.0953703703704
2 0.191145833333 0.933796296296 0.0645833333333 0.0712962962963
2 0.113020833333 0.848611111111 0.0895833333333 0.0972222222222
2 0.119791666667 0.93287037037 0.078125 0.0805555555556
2 0.145833333333 0.21712962963 0.0979166666667 0.0824074074074
2 0.0234375 0.506018518519 0.0479166666667 0.123148148148
2 0.0328125 0.638425925926 0.0666666666667 0.115740740741
2 0.0291666666667 0.731481481481 0.0583333333333 0.0833333333333
2 0.0333333333333 0.8875 0.0677083333333 0.0805555555556
2 0.251822916667 0.606944444444 0.0567708333333 0.0638888888889
2 0.456510416667 0.208333333333 0.0630208333333 0.0962962962963
2 0.617447916667 0.202314814815 0.0755208333333 0.0805555555556
2 0.697135416667 0.206018518519 0.0817708333333 0.087962962963
2 0.77265625 0.202314814815 0.0765625 0.0824074074074
2 0.859114583333 0.199074074074 0.0932291666667 0.0888888888889
2 0.983072916667 0.207407407407 0.0338541666667 0.0907407407407
2 0.984114583333 0.479166666667 0.0317708333333 0.110185185185
2 0.97734375 0.630555555556 0.0421875 0.103703703704
2 0.972916666667 0.720833333333 0.0541666666667 0.0805555555556
2 0.978645833333 0.854166666667 0.0427083333333 0.110185185185
2 0.968229166667 0.942592592593 0.0635416666667 0.0648148148148
2 0.79453125 0.855092592593 0.0723958333333 0.0861111111111
2 0.737239583333 0.850925925926 0.0453125 0.0851851851852
2 0.767708333333 0.408796296296 0.0885416666667 0.0638888888889
