4 0.196759259259 0.22890625 0.165740740741 0.140104166667
4 0.377777777778 0.23828125 0.155555555556 0.1328125
4 0.576388888889 0.234895833333 0.19537037037 0.154166666667
4 0.759722222222 0.238802083333 0.162037037037 0.1265625
4 0.913425925926 0.241927083333 0.171296296296 0.1296875
4 0.179166666667 0.390885416667 0.163888888889 0.1328125
4 0.353703703704 0.387760416667 0.153703703704 0.119270833333
4 0.539814814815 0.384895833333 0.15 0.146875
4 0.701851851852 0.392447916667 0.151851851852 0.1390625
4 0.880555555556 0.391145833333 0.183333333333 0.129166666667
4 0.873148148148 0.547916666667 0.198148148148 0.11875
4 0.509259259259 0.501822916667 0.151851851852 0.109895833333
4 0.353240740741 0.51796875 0.149074074074 0.118229166667
4 0.218518518519 0.50859375 0.140740740741 0.1109375
4 0.193518518519 0.641927083333 0.125925925926 0.118229166667
4 0.371759259259 0.629947916667 0.134259259259 0.0973958333333
4 0.507407407407 0.650260416667 0.125925925926 0.113020833333
4 0.65 0.648958333333 0.144444444444 0.104166666667
4 0.81712962963 0.669270833333 0.178703703704 0.139583333333
4 0.952314814815 0.678385416667 0.0935185185185 0.141145833333
4 0.222222222222 0.852604166667 0.166666666667 0.10625
4 0.376851851852 0.824739583333 0.157407407407 0.0984375
4 0.388425925926 0.869791666667 0.075 0.0979166666667
4 0.516203703704 0.782291666667 0.149074074074 0.122916666667
4 0.659259259259 0.757291666667 0.142592592593 0.120833333333
4 0.87962962963 0.839583333333 0.185185185185 0.15625
