1 0.0546296296296 0.256770833333 0.111111111111 0.204166666667
1 0.141666666667 0.254166666667 0.122222222222 0.198958333333
1 0.241666666667 0.255729166667 0.12037037037 0.205208333333
1 0.352777777778 0.256770833333 0.138888888889 0.210416666667
1 0.463425925926 0.259895833333 0.108333333333 0.2
1 0.564351851852 0.273177083333 0.10462962963 0.178645833333
1 0.668981481481 0.27421875 0.121296296296 0.1796875
1 0.781481481481 0.28046875 0.122222222222 0.169270833333
1 0.877314814815 0.274739583333 0.121296296296 0.191145833333
1 0.863425925926 0.5015625 0.136111111111 0.172916666667
1 0.769444444444 0.498697916667 0.133333333333 0.1671875
1 0.668981481481 0.49765625 0.117592592593 0.175520833333
1 0.571759259259 0.4953125 0.121296296296 0.177083333333
1 0.451851851852 0.483333333333 0.112962962963 0.190625
1 0.356018518519 0.481510416667 0.119444444444 0.1796875
1 0.257407407407 0.479166666667 0.12037037037 0.171875
1 0.153703703704 0.4734375 0.105555555556 0.179166666667
1 0.0907407407407 0.670052083333 0.109259259259 0.163020833333
1 0.181481481481 0.6765625 0.124074074074 0.16875
1 0.284259259259 0.6875 0.111111111111 0.180208333333
1 0.5625 0.708854166667 0.121296296296 0.166666666667
1 0.662962962963 0.7125 0.105555555556 0.163541666667
1 0.752777777778 0.72109375 0.111111111111 0.1703125
1 0.846296296296 0.716666666667 0.114814814815 0.155208333333
1 0.945833333333 0.7203125 0.106481481481 0.16875
1 0.594444444444 0.885416666667 0.133333333333 0.144791666667
1 0.699537037037 0.890885416667 0.125 0.1453125
1 0.797222222222 0.904166666667 0.12037037037 0.151041666667
1 0.893055555556 0.903125 0.0898148148148 0.163541666667
1 0.395833333333 0.890364583333 0.102777777778 0.133854166667
1 0.284722222222 0.879947916667 0.132407407407 0.1515625
1 0.150462962963 0.865885416667 0.130555555556 0.141145833333
1 0.0425925925926 0.866927083333 0.087037037037 0.146354166667
1 0.125 0.0588541666667 0.127777777778 0.11875
1 0.237962962963 0.0588541666667 0.124074074074 0.11875
1 0.343981481481 0.059375 0.121296296296 0.119791666667
1 0.4625 0.0583333333333 0.143518518519 0.117708333333
1 0.575462962963 0.0572916666667 0.123148148148 0.115625
1 0.6875 0.0583333333333 0.134259259259 0.117708333333
1 0.794907407407 0.0583333333333 0.117592592593 0.117708333333
1 0.899537037037 0.0588541666667 0.15462962963 0.11875
1 0.963888888889 0.284895833333 0.0703703703704 0.1875
1 0.0666666666667 0.470052083333 0.12962962963 0.180729166667
1 0.947685185185 0.50390625 0.102777777778 0.150520833333
1 0.37037037037 0.681770833333 0.105555555556 0.155208333333
1 0.4625 0.685416666667 0.102777777778 0.166666666667
1 0.962037037037 0.909895833333 0.0740740740741 0.14375
