1 0.0611111111111 0.195833333333 0.0944444444444 0.115625
1 0.13287037037 0.201041666667 0.0787037037037 0.110416666667
1 0.203240740741 0.184895833333 0.0953703703704 0.144791666667
1 0.286111111111 0.184114583333 0.0851851851852 0.146354166667
1 0.368518518519 0.18203125 0.0888888888889 0.1578125
1 0.45 0.184114583333 0.0833333333333 0.1578125
1 0.520833333333 0.191145833333 0.0638888888889 0.141666666667
1 0.610648148148 0.189583333333 0.0953703703704 0.144791666667
1 0.686574074074 0.190104166667 0.0861111111111 0.145833333333
1 0.781481481481 0.198697916667 0.087037037037 0.1265625
1 0.870833333333 0.195833333333 0.0935185185185 0.14375
1 0.959259259259 0.202604166667 0.0759259259259 0.134375
1 0.0546296296296 0.369791666667 0.0907407407407 0.123958333333
1 0.123611111111 0.370052083333 0.0601851851852 0.115104166667
1 0.156944444444 0.372916666667 0.0805555555556 0.115625
1 0.219444444444 0.3734375 0.0907407407407 0.1375
1 0.283333333333 0.3734375 0.0907407407407 0.13125
1 0.359259259259 0.373958333333 0.087037037037 0.134375
1 0.430555555556 0.376041666667 0.0888888888889 0.146875
1 0.508796296296 0.3796875 0.0805555555556 0.141666666667
1 0.581481481481 0.3734375 0.0740740740741 0.146875
1 0.661574074074 0.376302083333 0.0824074074074 0.136979166667
1 0.736111111111 0.378645833333 0.0666666666667 0.145833333333
1 0.798611111111 0.38046875 0.0675925925926 0.138020833333
1 0.918981481481 0.379166666667 0.0916666666667 0.140625
1 0.0435185185185 0.5453125 0.0888888888889 0.115625
1 0.118981481481 0.54296875 0.0861111111111 0.1109375
1 0.177314814815 0.539583333333 0.0675925925926 0.113541666667
1 0.226388888889 0.543489583333 0.0805555555556 0.128645833333
1 0.304166666667 0.54375 0.0861111111111 0.128125
1 0.371296296296 0.541927083333 0.0925925925926 0.136979166667
1 0.450925925926 0.544270833333 0.0722222222222 0.138541666667
1 0.517592592593 0.544791666667 0.0740740740741 0.135416666667
1 0.595833333333 0.542447916667 0.0657407407407 0.138020833333
1 0.674074074074 0.540625 0.0740740740741 0.136458333333
1 0.744907407407 0.54296875 0.0768518518519 0.131770833333
1 0.8625 0.543229166667 0.087962962963 0.122916666667
1 0.0351851851852 0.702083333333 0.0722222222222 0.105208333333
1 0.1 0.704947916667 0.087037037037 0.106770833333
1 0.171759259259 0.704427083333 0.0787037037037 0.109895833333
1 0.241666666667 0.696354166667 0.0925925925926 0.1125
1 0.308333333333 0.697916666667 0.0703703703704 0.113541666667
1 0.369907407407 0.701041666667 0.0824074074074 0.123958333333
1 0.435648148148 0.69921875 0.0787037037037 0.1203125
1 0.503240740741 0.70546875 0.075 0.1265625
1 0.566666666667 0.694791666667 0.0759259259259 0.117708333333
1 0.640277777778 0.695833333333 0.0675925925926 0.117708333333
1 0.712037037037 0.700260416667 0.0685185185185 0.116145833333
1 0.768055555556 0.697916666667 0.0398148148148 0.113541666667
1 0.887962962963 0.701041666667 0.0740740740741 0.119791666667
1 0.962962962963 0.684114583333 0.0722222222222 0.0880208333333
1 0.123611111111 0.834635416667 0.100925925926 0.0859375
