0 0.768981481481 0.0328125 0.0953703703704 0.0666666666667
0 0.860648148148 0.0294270833333 0.100925925926 0.0598958333333
0 0.923148148148 0.1140625 0.0944444444444 0.133333333333
0 0.853240740741 0.116927083333 0.0916666666667 0.118229166667
0 0.7625 0.126302083333 0.115740740741 0.1109375
0 0.689351851852 0.13203125 0.0768518518519 0.1046875
0 0.345833333333 0.0864583333333 0.0601851851852 0.0802083333333
0 0.211111111111 0.113020833333 0.0740740740741 0.0635416666667
0 0.210185185185 0.171614583333 0.0685185185185 0.0671875
0 0.361111111111 0.329947916667 0.0703703703704 0.0786458333333
0 0.473611111111 0.2765625 0.0601851851852 0.08125
0 0.510648148148 0.2796875 0.0675925925926 0.0729166666667
0 0.558796296296 0.278385416667 0.0787037037037 0.0869791666667
0 0.611574074074 0.27734375 0.0768518518519 0.100520833333
0 0.678240740741 0.28203125 0.102777777778 0.100520833333
0 0.743981481481 0.287239583333 0.075 0.106770833333
0 0.80462962963 0.290625 0.0925925925926 0.111458333333
0 0.888425925926 0.29375 0.0953703703704 0.1125
0 0.569444444444 0.36484375 0.05 0.0859375
0 0.619444444444 0.370572916667 0.0685185185185 0.0838541666667
0 0.67962962963 0.377604166667 0.0685185185185 0.090625
0 0.739814814815 0.390885416667 0.0740740740741 0.0984375
0 0.871759259259 0.405989583333 0.102777777778 0.109895833333
0 0.49537037037 0.46484375 0.05 0.0796875
0 0.428240740741 0.507552083333 0.0472222222222 0.0661458333333
0 0.516666666667 0.540104166667 0.0351851851852 0.059375
0 0.575462962963 0.49140625 0.0546296296296 0.0755208333333
0 0.647222222222 0.506510416667 0.087037037037 0.0796875
0 0.555092592593 0.559375 0.0416666666667 0.0697916666667
0 0.608333333333 0.57265625 0.062962962963 0.0776041666667
0 0.656944444444 0.58359375 0.0638888888889 0.0838541666667
0 0.718055555556 0.519270833333 0.0805555555556 0.09375
0 0.773611111111 0.53828125 0.0805555555556 0.0880208333333
0 0.844907407407 0.55 0.0861111111111 0.0947916666667
0 0.708333333333 0.599479166667 0.0555555555556 0.08125
0 0.761574074074 0.61640625 0.0842592592593 0.0869791666667
0 0.834722222222 0.637239583333 0.0824074074074 0.0848958333333
0 0.561111111111 0.66953125 0.0537037037037 0.0869791666667
0 0.614351851852 0.68828125 0.075 0.0828125
0 0.685648148148 0.718489583333 0.0805555555556 0.0963541666667
0 0.749537037037 0.755989583333 0.0768518518519 0.0973958333333
0 0.802777777778 0.775520833333 0.0759259259259 0.111458333333
0 0.549537037037 0.788802083333 0.0472222222222 0.0848958333333
0 0.591666666667 0.80625 0.0666666666667 0.084375
0 0.639351851852 0.82890625 0.0657407407407 0.0838541666667
0 0.683333333333 0.863541666667 0.0648148148148 0.0791666666667
0 0.743055555556 0.8890625 0.0768518518519 0.0854166666667
0 0.800462962963 0.919270833333 0.0768518518519 0.090625
0 0.46712962963 0.8578125 0.0601851851852 0.0854166666667
0 0.506481481481 0.88984375 0.0648148148148 0.0869791666667
0 0.548611111111 0.909895833333 0.0657407407407 0.090625
