6 0.01953125 0.1875 0.0276041666667 0.0990740740741
6 0.04140625 0.186574074074 0.0265625 0.0990740740741
6 0.0619791666667 0.182407407407 0.0260416666667 0.0907407407407
6 0.08671875 0.18287037037 0.0338541666667 0.0953703703704
6 0.107552083333 0.183333333333 0.0286458333333 0.0888888888889
6 0.128645833333 0.181018518519 0.0291666666667 0.0861111111111
6 0.148958333333 0.175462962963 0.028125 0.0935185185185
6 0.170052083333 0.174537037037 0.0234375 0.0953703703704
6 0.0166666666667 0.32962962963 0.034375 0.0648148148148
6 0.01640625 0.387962962963 0.0338541666667 0.0611111111111
6 0.0606770833333 0.533796296296 0.0348958333333 0.128703703704
6 0.090625 0.526388888889 0.03125 0.125
6 0.01796875 0.72962962963 0.0307291666667 0.0981481481481
6 0.0440104166667 0.727777777778 0.0255208333333 0.101851851852
6 0.169791666667 0.927777777778 0.0416666666667 0.0462962962963
1 0.327864583333 0.920833333333 0.0473958333333 0.0490740740741
1 0.298177083333 0.16712962963 0.0234375 0.0935185185185
1 0.31640625 0.1625 0.0234375 0.0972222222222
1 0.33671875 0.160648148148 0.0244791666667 0.0935185185185
1 0.355208333333 0.15787037037 0.0208333333333 0.0916666666667
1 0.373177083333 0.158796296296 0.0234375 0.0953703703704
1 0.393489583333 0.156481481481 0.0296875 0.1
1 0.31796875 0.338888888889 0.0265625 0.1
1 0.3390625 0.3375 0.025 0.0972222222222
1 0.361458333333 0.336574074074 0.0229166666667 0.0990740740741
1 0.379947916667 0.336111111111 0.0213541666667 0.0981481481481
1 0.4 0.335648148148 0.0260416666667 0.0935185185185
1 0.410677083333 0.520833333333 0.0223958333333 0.0953703703704
1 0.3921875 0.522222222222 0.0229166666667 0.0944444444444
1 0.446614583333 0.151388888889 0.0213541666667 0.10462962963
1 0.42890625 0.152777777778 0.0223958333333 0.107407407407
1 0.47421875 0.149537037037 0.0286458333333 0.10462962963
1 0.503125 0.144444444444 0.0270833333333 0.103703703704
1 0.531510416667 0.140740740741 0.0276041666667 0.111111111111
1 0.562239583333 0.137037037037 0.0265625 0.105555555556
1 0.590104166667 0.138888888889 0.0239583333333 0.109259259259
6 0.638020833333 0.132407407407 0.028125 0.112962962963
6 0.0653645833333 0.737037037037 0.0286458333333 0.0777777777778
6 0.09453125 0.737962962963 0.0338541666667 0.0759259259259
6 0.92421875 0.471296296296 0.0328125 0.0425925925926
6 0.908333333333 0.435648148148 0.0270833333333 0.0490740740741
1 0.460416666667 0.30462962963 0.025 0.107407407407
1 0.506770833333 0.297685185185 0.0302083333333 0.0990740740741
1 0.53359375 0.300462962963 0.0255208333333 0.0972222222222
1 0.5765625 0.29212962963 0.028125 0.0990740740741
1 0.602604166667 0.290277777778 0.0260416666667 0.102777777778
1 0.636458333333 0.2875 0.028125 0.0990740740741
1 0.658854166667 0.286111111111 0.028125 0.0962962962963
1 0.690625 0.287962962963 0.0291666666667 0.103703703704
1 0.71328125 0.288888888889 0.0265625 0.101851851852
1 0.740364583333 0.282407407407 0.0255208333333 0.116666666667
1 0.760677083333 0.279166666667 0.0317708333333 0.112037037037
1 0.788020833333 0.280092592593 0.025 0.113888888889
1 0.81015625 0.274074074074 0.0223958333333 0.116666666667
1 0.831510416667 0.272222222222 0.0265625 0.114814814815
1 0.856510416667 0.274537037037 0.0244791666667 0.110185185185
1 0.8796875 0.268055555556 0.0270833333333 0.113888888889
1 0.434635416667 0.475 0.0265625 0.087037037037
1 0.473958333333 0.494444444444 0.025 0.109259259259
1 0.511979166667 0.493981481481 0.021875 0.108333333333
1 0.582291666667 0.47962962963 0.0197916666667 0.101851851852
1 0.6046875 0.481481481481 0.021875 0.101851851852
1 0.65234375 0.477314814815 0.0213541666667 0.0935185185185
1 0.675260416667 0.472222222222 0.0276041666667 0.087037037037
1 0.707291666667 0.478240740741 0.0229166666667 0.110185185185
1 0.727083333333 0.475 0.025 0.111111111111
1 0.748958333333 0.473611111111 0.025 0.113888888889
1 0.76875 0.474074074074 0.025 0.107407407407
1 0.791145833333 0.470833333333 0.0208333333333 0.119444444444
1 0.812760416667 0.469444444444 0.0255208333333 0.116666666667
1 0.834635416667 0.46712962963 0.0244791666667 0.110185185185
1 0.854166666667 0.464814814815 0.025 0.114814814815
1 0.87734375 0.462962962963 0.0234375 0.118518518519
1 0.546614583333 0.47962962963 0.0265625 0.0851851851852
1 0.4390625 0.70462962963 0.0291666666667 0.109259259259
1 0.46484375 0.705092592593 0.0296875 0.102777777778
1 0.498958333333 0.701388888889 0.025 0.102777777778
1 0.53984375 0.691666666667 0.0244791666667 0.105555555556
1 0.556770833333 0.67037037037 0.0239583333333 0.0944444444444
1 0.58046875 0.690277777778 0.0255208333333 0.102777777778
1 0.601041666667 0.693981481481 0.0270833333333 0.110185185185
1 0.660416666667 0.648611111111 0.0260416666667 0.0787037037037
1 0.639322916667 0.646296296296 0.0255208333333 0.0814814814815
1 0.620052083333 0.644444444444 0.0192708333333 0.0851851851852
1 0.644270833333 0.712037037037 0.065625 0.0462962962963
1 0.687760416667 0.682407407407 0.0255208333333 0.111111111111
1 0.70546875 0.673611111111 0.0192708333333 0.110185185185
1 0.730729166667 0.679166666667 0.0260416666667 0.117592592593
1 0.75625 0.675 0.0270833333333 0.12037037037
1 0.777864583333 0.674537037037 0.0276041666667 0.125
1 0.801822916667 0.67037037037 0.0276041666667 0.118518518519
1 0.827864583333 0.669907407407 0.0276041666667 0.123148148148
1 0.851041666667 0.669907407407 0.0239583333333 0.119444444444
1 0.8765625 0.667592592593 0.0270833333333 0.124074074074
1 0.505208333333 0.895833333333 0.0291666666667 0.136111111111
1 0.525520833333 0.904166666667 0.0385416666667 0.117592592593
1 0.55859375 0.898148148148 0.0338541666667 0.111111111111
1 0.607552083333 0.909259259259 0.0630208333333 0.0907407407407
1 0.619270833333 0.87962962963 0.0489583333333 0.12037037037
1 0.661458333333 0.889814814815 0.040625 0.118518518519
1 0.7109375 0.892592592593 0.0354166666667 0.124074074074
1 0.74609375 0.886574074074 0.0359375 0.121296296296
1 0.779427083333 0.860185185185 0.0369791666667 0.164814814815
1 0.81640625 0.863425925926 0.0411458333333 0.169444444444
1 0.852604166667 0.857407407407 0.0427083333333 0.164814814815
1 0.890104166667 0.85462962963 0.0375 0.17037037037
1 0.0424479166667 0.353240740741 0.0296875 0.110185185185
1 0.06640625 0.35 0.0276041666667 0.116666666667
1 0.09375 0.346759259259 0.0322916666667 0.113888888889
1 0.11953125 0.346296296296 0.0307291666667 0.118518518519
1 0.144270833333 0.34537037037 0.0354166666667 0.116666666667
1 0.170572916667 0.343981481481 0.0348958333333 0.110185185185
1 0.117447916667 0.535648148148 0.0296875 0.115740740741
1 0.144010416667 0.534259259259 0.0317708333333 0.1
1 0.16875 0.537037037037 0.0291666666667 0.116666666667
1 0.196875 0.536111111111 0.0302083333333 0.111111111111
1 0.220052083333 0.52962962963 0.0307291666667 0.109259259259
1 0.245833333333 0.524537037037 0.0322916666667 0.10462962963
1 0.128645833333 0.696759259259 0.0458333333333 0.147222222222
1 0.21484375 0.689814814815 0.0348958333333 0.148148148148
1 0.245572916667 0.687037037037 0.0348958333333 0.142592592593
1 0.2765625 0.687962962963 0.0375 0.146296296296
1 0.316927083333 0.683796296296 0.0390625 0.14537037037
