4 0.0791666666667 0.12578125 0.160185185185 0.0932291666667
4 0.225 0.121354166667 0.168518518519 0.1
1 0.625462962963 0.734635416667 0.075 0.106770833333
1 0.703703703704 0.7359375 0.0666666666667 0.109375
1 0.752314814815 0.720572916667 0.0583333333333 0.1015625
1 0.831944444444 0.727083333333 0.0694444444444 0.105208333333
1 0.902777777778 0.725260416667 0.0759259259259 0.1140625
1 0.965277777778 0.725 0.0675925925926 0.0979166666667
4 0.381944444444 0.13359375 0.134259259259 0.0682291666667
4 0.525925925926 0.125260416667 0.151851851852 0.0942708333333
4 0.727314814815 0.108072916667 0.180555555556 0.0359375
4 0.885185185185 0.10703125 0.17037037037 0.0338541666667
4 0.725925925926 0.135416666667 0.17037037037 0.0291666666667
4 0.883796296296 0.135416666667 0.160185185185 0.0291666666667
4 0.0740740740741 0.275260416667 0.15 0.0942708333333
4 0.206481481481 0.28828125 0.159259259259 0.0734375
4 0.361111111111 0.26875 0.172222222222 0.109375
4 0.530092592593 0.265104166667 0.147222222222 0.105208333333
4 0.758796296296 0.262760416667 0.167592592593 0.105729166667
4 0.65 0.27109375 0.0851851851852 0.0932291666667
4 0.930092592593 0.270572916667 0.137962962963 0.0921875
4 0.0518518518519 0.440625 0.105555555556 0.10625
4 0.162037037037 0.441927083333 0.142592592593 0.108854166667
4 0.29212962963 0.440625 0.149074074074 0.104166666667
4 0.445833333333 0.440104166667 0.125 0.107291666667
4 0.543055555556 0.434635416667 0.108333333333 0.1015625
4 0.690277777778 0.390104166667 0.19537037037 0.0645833333333
4 0.868981481481 0.389322916667 0.197222222222 0.0588541666667
4 0.694444444444 0.45625 0.196296296296 0.0729166666667
4 0.866666666667 0.447395833333 0.188888888889 0.0625
4 0.718518518519 0.585416666667 0.0666666666667 0.0697916666667
4 0.791666666667 0.596614583333 0.0907407407407 0.0776041666667
4 0.888888888889 0.60078125 0.0851851851852 0.0651041666667
4 0.951388888889 0.582291666667 0.075 0.0635416666667
4 0.237037037037 0.925260416667 0.153703703704 0.108854166667
4 0.400925925926 0.899739583333 0.155555555556 0.1484375
4 0.568055555556 0.89921875 0.147222222222 0.149479166667
4 0.749074074074 0.92109375 0.127777777778 0.109895833333
4 0.861111111111 0.91640625 0.12962962963 0.111979166667
