1 0.0425925925926 0.0330729166667 0.087037037037 0.0640625
1 0.124537037037 0.0380208333333 0.0990740740741 0.0770833333333
1 0.218518518519 0.0403645833333 0.0888888888889 0.0817708333333
1 0.29537037037 0.0421875 0.0703703703704 0.0854166666667
1 0.378703703704 0.0450520833333 0.105555555556 0.0911458333333
1 0.444907407407 0.046875 0.0638888888889 0.0947916666667
1 0.498148148148 0.0473958333333 0.0555555555556 0.0958333333333
1 0.556018518519 0.0497395833333 0.0805555555556 0.100520833333
1 0.634259259259 0.053125 0.0925925925926 0.107291666667
1 0.70787037037 0.0536458333333 0.0638888888889 0.108333333333
1 0.766666666667 0.0565104166667 0.0666666666667 0.1140625
1 0.834722222222 0.0588541666667 0.0824074074074 0.11875
1 0.891666666667 0.06015625 0.0555555555556 0.121354166667
1 0.94212962963 0.0588541666667 0.0657407407407 0.11875
1 0.0569444444444 0.223697916667 0.112037037037 0.178645833333
1 0.137037037037 0.2265625 0.103703703704 0.184375
1 0.208333333333 0.227083333333 0.0851851851852 0.180208333333
1 0.280555555556 0.229427083333 0.0888888888889 0.1734375
1 0.336574074074 0.222916666667 0.0824074074074 0.182291666667
1 0.39537037037 0.2265625 0.0759259259259 0.175
1 0.462962962963 0.22578125 0.0722222222222 0.178645833333
1 0.525925925926 0.224739583333 0.0740740740741 0.169270833333
1 0.593981481481 0.227083333333 0.0861111111111 0.1625
1 0.660185185185 0.22578125 0.0703703703704 0.169270833333
1 0.70787037037 0.226041666667 0.0768518518519 0.153125
1 0.764351851852 0.229427083333 0.0787037037037 0.1578125
1 0.838888888889 0.227864583333 0.0703703703704 0.1515625
1 0.885185185185 0.227083333333 0.0648148148148 0.153125
1 0.933333333333 0.2265625 0.0574074074074 0.139583333333
1 0.974537037037 0.229947916667 0.0490740740741 0.1421875
1 0.0324074074074 0.452083333333 0.0666666666667 0.167708333333
1 0.105555555556 0.443489583333 0.0925925925926 0.1640625
1 0.188888888889 0.437239583333 0.0907407407407 0.158854166667
1 0.265740740741 0.438802083333 0.0962962962963 0.161979166667
1 0.3375 0.4265625 0.0805555555556 0.15625
1 0.393518518519 0.42265625 0.0796296296296 0.1484375
1 0.450925925926 0.4203125 0.0685185185185 0.147916666667
1 0.51712962963 0.415104166667 0.0805555555556 0.144791666667
1 0.57962962963 0.41328125 0.0574074074074 0.141145833333
1 0.633796296296 0.40859375 0.0638888888889 0.1390625
1 0.680555555556 0.405208333333 0.0666666666667 0.136458333333
1 0.738425925926 0.402604166667 0.0657407407407 0.133333333333
1 0.784259259259 0.392708333333 0.0481481481481 0.132291666667
1 0.825462962963 0.390364583333 0.0601851851852 0.131770833333
1 0.875 0.3890625 0.0481481481481 0.125
1 0.90787037037 0.388020833333 0.0601851851852 0.115625
1 0.953240740741 0.388020833333 0.0509259259259 0.115625
1 0.97962962963 0.383854166667 0.0388888888889 0.1125
1 0.0189814814815 0.642447916667 0.0398148148148 0.141145833333
1 0.0726851851852 0.63203125 0.0805555555556 0.141145833333
1 0.138888888889 0.626822916667 0.087037037037 0.1359375
1 0.198148148148 0.618489583333 0.0759259259259 0.131770833333
1 0.263888888889 0.607291666667 0.0722222222222 0.133333333333
1 0.318518518519 0.598697916667 0.0703703703704 0.131770833333
1 0.369444444444 0.592708333333 0.05 0.122916666667
1 0.421296296296 0.583333333333 0.0666666666667 0.122916666667
1 0.48287037037 0.580208333333 0.0657407407407 0.125
1 0.536574074074 0.57578125 0.062037037037 0.1171875
1 0.586574074074 0.5703125 0.0564814814815 0.114583333333
1 0.636111111111 0.566927083333 0.0592592592593 0.1171875
1 0.681481481481 0.561979166667 0.0555555555556 0.114583333333
1 0.73287037037 0.536197916667 0.0472222222222 0.0921875
1 0.773148148148 0.533854166667 0.05 0.0854166666667
1 0.808796296296 0.525520833333 0.0564814814815 0.0833333333333
1 0.849074074074 0.52265625 0.0666666666667 0.0869791666667
1 0.887962962963 0.52734375 0.0666666666667 0.105729166667
1 0.932407407407 0.51953125 0.0592592592593 0.100520833333
1 0.97962962963 0.517708333333 0.0388888888889 0.111458333333
1 0.0240740740741 0.791927083333 0.05 0.106770833333
1 0.0638888888889 0.781510416667 0.0722222222222 0.0880208333333
1 0.130092592593 0.776302083333 0.0768518518519 0.1078125
1 0.180555555556 0.76953125 0.0666666666667 0.0984375
1 0.247222222222 0.753645833333 0.0759259259259 0.1
1 0.299537037037 0.74609375 0.0657407407407 0.0890625
1 0.355092592593 0.733333333333 0.0583333333333 0.09375
1 0.406944444444 0.725260416667 0.062037037037 0.0984375
1 0.47962962963 0.71953125 0.0722222222222 0.109895833333
1 0.528240740741 0.710416666667 0.0527777777778 0.105208333333
1 0.56712962963 0.700520833333 0.0546296296296 0.102083333333
1 0.611574074074 0.689322916667 0.0472222222222 0.0963541666667
1 0.646759259259 0.686979166667 0.0601851851852 0.09375
1 0.680092592593 0.679427083333 0.0416666666667 0.0859375
1 0.747222222222 0.667447916667 0.0592592592593 0.0984375
1 0.793518518519 0.661197916667 0.0574074074074 0.0953125
1 0.831481481481 0.660416666667 0.0481481481481 0.09375
1 0.872685185185 0.64609375 0.0472222222222 0.0901041666667
1 0.900925925926 0.64375 0.0537037037037 0.0927083333333
1 0.940740740741 0.640885416667 0.0518518518519 0.0848958333333
1 0.980555555556 0.634895833333 0.037037037037 0.101041666667
