5 0.0273148148148 0.153125 0.0564814814815 0.127083333333
5 0.0935185185185 0.149739583333 0.105555555556 0.141145833333
5 0.191666666667 0.152083333333 0.1 0.129166666667
5 0.293055555556 0.162239583333 0.100925925926 0.118229166667
5 0.375925925926 0.162760416667 0.0796296296296 0.109895833333
5 0.430092592593 0.165104166667 0.0601851851852 0.101041666667
5 0.48287037037 0.1609375 0.0731481481481 0.10625
5 0.583333333333 0.16015625 0.0796296296296 0.100520833333
5 0.64212962963 0.157291666667 0.075 0.10625
5 0.714814814815 0.154166666667 0.0666666666667 0.1125
5 0.777777777778 0.1484375 0.0833333333333 0.119791666667
5 0.850925925926 0.140104166667 0.0851851851852 0.140625
5 0.916666666667 0.13515625 0.0777777777778 0.141145833333
5 0.97037037037 0.136197916667 0.0574074074074 0.144270833333
5 0.0305555555556 0.355729166667 0.062962962963 0.155208333333
5 0.0912037037037 0.354427083333 0.0694444444444 0.1484375
5 0.156481481481 0.353125 0.0814814814815 0.155208333333
5 0.231944444444 0.353645833333 0.087962962963 0.15625
5 0.304166666667 0.351822916667 0.087962962963 0.1578125
5 0.353703703704 0.350260416667 0.0814814814815 0.147395833333
5 0.43287037037 0.345833333333 0.075 0.145833333333
5 0.497222222222 0.347135416667 0.0814814814815 0.143229166667
5 0.563425925926 0.3453125 0.0731481481481 0.1375
5 0.627314814815 0.34609375 0.075 0.143229166667
5 0.694444444444 0.3453125 0.0851851851852 0.146875
5 0.767592592593 0.353125 0.0611111111111 0.121875
5 0.835185185185 0.350260416667 0.0703703703704 0.118229166667
5 0.946296296296 0.336458333333 0.0851851851852 0.147916666667
5 0.0263888888889 0.554427083333 0.0546296296296 0.143229166667
5 0.102777777778 0.544791666667 0.1 0.145833333333
5 0.165277777778 0.531770833333 0.0694444444444 0.127083333333
5 0.227777777778 0.532291666667 0.0796296296296 0.144791666667
5 0.291203703704 0.539583333333 0.0787037037037 0.152083333333
5 0.359722222222 0.537760416667 0.0768518518519 0.141145833333
5 0.421296296296 0.529427083333 0.0777777777778 0.1359375
5 0.471296296296 0.5234375 0.0796296296296 0.123958333333
5 0.558796296296 0.524479166667 0.0861111111111 0.138541666667
5 0.614351851852 0.527083333333 0.0509259259259 0.142708333333
5 0.665740740741 0.534635416667 0.0833333333333 0.1421875
5 0.724074074074 0.535416666667 0.0592592592593 0.116666666667
5 0.801388888889 0.5390625 0.0916666666667 0.129166666667
5 0.887962962963 0.521614583333 0.0796296296296 0.1421875
5 0.956018518519 0.520052083333 0.075 0.141145833333
5 0.0708333333333 0.75390625 0.143518518519 0.199479166667
5 0.1875 0.73203125 0.167592592593 0.1671875
5 0.30787037037 0.74609375 0.117592592593 0.1984375
5 0.393981481481 0.742447916667 0.106481481481 0.1859375
5 0.506018518519 0.744791666667 0.106481481481 0.195833333333
5 0.665740740741 0.704947916667 0.155555555556 0.125520833333
5 0.860648148148 0.7375 0.180555555556 0.195833333333
5 0.969444444444 0.7515625 0.0592592592593 0.163541666667
