1 0.0652777777778 0.0692708333333 0.132407407407 0.139583333333
1 0.291666666667 0.07265625 0.144444444444 0.119270833333
1 0.45 0.0731770833333 0.0740740740741 0.1109375
1 0.504166666667 0.0713541666667 0.0805555555556 0.105208333333
1 0.571296296296 0.0669270833333 0.0777777777778 0.1171875
1 0.63287037037 0.0627604166667 0.075 0.118229166667
1 0.691666666667 0.0604166666667 0.0592592592593 0.109375
1 0.745833333333 0.0614583333333 0.0787037037037 0.109375
1 0.815277777778 0.0565104166667 0.0768518518519 0.1140625
1 0.883333333333 0.05546875 0.0685185185185 0.111979166667
1 0.954166666667 0.0578125 0.0898148148148 0.116666666667
1 0.0689814814815 0.314322916667 0.136111111111 0.149479166667
1 0.189351851852 0.313802083333 0.134259259259 0.150520833333
1 0.361574074074 0.30625 0.152777777778 0.163541666667
1 0.507407407407 0.309114583333 0.111111111111 0.1578125
1 0.604166666667 0.303645833333 0.128703703704 0.164583333333
1 0.723611111111 0.2984375 0.0916666666667 0.175
1 0.806944444444 0.298697916667 0.0972222222222 0.1671875
1 0.889351851852 0.294270833333 0.0935185185185 0.166666666667
1 0.965277777778 0.294791666667 0.0675925925926 0.177083333333
1 0.0467592592593 0.56796875 0.0953703703704 0.130729166667
1 0.126851851852 0.560416666667 0.140740740741 0.136458333333
1 0.227777777778 0.561979166667 0.127777777778 0.142708333333
1 0.339814814815 0.5765625 0.12962962963 0.151041666667
1 0.239351851852 0.465885416667 0.117592592593 0.0546875
1 0.365740740741 0.4671875 0.148148148148 0.06875
1 0.478703703704 0.56328125 0.137037037037 0.147395833333
1 0.611111111111 0.559895833333 0.142592592593 0.163541666667
1 0.714351851852 0.551041666667 0.110185185185 0.14375
1 0.794444444444 0.561458333333 0.105555555556 0.145833333333
1 0.861574074074 0.5453125 0.062037037037 0.136458333333
1 0.925925925926 0.559895833333 0.0888888888889 0.154166666667
1 0.0560185185185 0.759375 0.113888888889 0.145833333333
1 0.141203703704 0.769270833333 0.119444444444 0.152083333333
1 0.242592592593 0.763802083333 0.164814814815 0.1609375
1 0.384259259259 0.746875 0.107407407407 0.134375
1 0.483796296296 0.762239583333 0.137962962963 0.1515625
1 0.596296296296 0.759635416667 0.131481481481 0.159895833333
1 0.704166666667 0.738541666667 0.0972222222222 0.125
1 0.789351851852 0.725260416667 0.0861111111111 0.0963541666667
1 0.874074074074 0.73359375 0.114814814815 0.121354166667
1 0.964351851852 0.736197916667 0.0694444444444 0.1296875
1 0.16712962963 0.937760416667 0.134259259259 0.1234375
1 0.261574074074 0.92890625 0.121296296296 0.1171875
1 0.431481481481 0.945572916667 0.151851851852 0.1078125
1 0.623611111111 0.909895833333 0.121296296296 0.0833333333333
1 0.718518518519 0.950520833333 0.0888888888889 0.0697916666667
1 0.79537037037 0.9515625 0.0907407407407 0.0677083333333
1 0.881944444444 0.955729166667 0.0916666666667 0.06875
1 0.958333333333 0.957552083333 0.0814814814815 0.0692708333333
