1 0.176851851852 0.161979166667 0.114814814815 0.101041666667
1 0.0722222222222 0.16953125 0.0981481481481 0.0994791666667
1 0.254166666667 0.163802083333 0.0805555555556 0.108854166667
1 0.37962962963 0.1546875 0.087037037037 0.110416666667
1 0.469444444444 0.15625 0.0759259259259 0.116666666667
1 0.535185185185 0.146875 0.0833333333333 0.111458333333
1 0.606018518519 0.158333333333 0.0712962962963 0.111458333333
1 0.681481481481 0.153385416667 0.0925925925926 0.115104166667
1 0.768518518519 0.1671875 0.0796296296296 0.0979166666667
1 0.843518518519 0.162760416667 0.0777777777778 0.0963541666667
1 0.900925925926 0.168229166667 0.0740740740741 0.0854166666667
1 0.0444444444444 0.31015625 0.0907407407407 0.1203125
1 0.138425925926 0.311458333333 0.106481481481 0.128125
1 0.24537037037 0.3125 0.114814814815 0.134375
1 0.343518518519 0.30859375 0.0962962962963 0.131770833333
1 0.449074074074 0.307552083333 0.125925925926 0.140104166667
1 0.55 0.3125 0.101851851852 0.130208333333
1 0.65 0.313802083333 0.12037037037 0.131770833333
1 0.748148148148 0.3140625 0.101851851852 0.133333333333
1 0.849074074074 0.3140625 0.12962962963 0.141666666667
1 0.951851851852 0.312760416667 0.0944444444444 0.1359375
1 0.909722222222 0.460677083333 0.10462962963 0.125520833333
1 0.798148148148 0.458333333333 0.101851851852 0.123958333333
1 0.70462962963 0.465885416667 0.12037037037 0.1359375
1 0.6 0.459635416667 0.101851851852 0.1234375
1 0.506944444444 0.46875 0.0898148148148 0.130208333333
1 0.418055555556 0.461979166667 0.108333333333 0.129166666667
1 0.323148148148 0.461197916667 0.111111111111 0.130729166667
1 0.227777777778 0.460416666667 0.112962962963 0.127083333333
1 0.0611111111111 0.459114583333 0.124074074074 0.111979166667
1 0.135185185185 0.602083333333 0.116666666667 0.117708333333
1 0.963425925926 0.169270833333 0.0712962962963 0.0875
1 0.974537037037 0.458072916667 0.0490740740741 0.111979166667
1 0.0453703703704 0.596875 0.0925925925926 0.1125
1 0.255092592593 0.59140625 0.117592592593 0.106770833333
1 0.353240740741 0.59453125 0.0953703703704 0.100520833333
1 0.440740740741 0.594010416667 0.109259259259 0.1046875
1 0.536111111111 0.595052083333 0.103703703704 0.108854166667
1 0.628703703704 0.59453125 0.107407407407 0.105729166667
1 0.724537037037 0.590885416667 0.100925925926 0.105729166667
1 0.82037037037 0.589322916667 0.103703703704 0.1046875
1 0.910648148148 0.589322916667 0.0990740740741 0.106770833333
1 0.975462962963 0.590625 0.0472222222222 0.10625
1 0.0291666666667 0.7421875 0.0601851851852 0.111458333333
1 0.100462962963 0.73984375 0.0990740740741 0.108854166667
1 0.186574074074 0.738020833333 0.0953703703704 0.116666666667
1 0.285648148148 0.731770833333 0.106481481481 0.117708333333
1 0.390277777778 0.730989583333 0.0953703703704 0.1171875
1 0.484722222222 0.728125 0.0953703703704 0.111458333333
1 0.575462962963 0.727604166667 0.102777777778 0.110416666667
1 0.667592592593 0.72578125 0.107407407407 0.106770833333
1 0.741203703704 0.727083333333 0.0768518518519 0.113541666667
1 0.811111111111 0.72421875 0.0722222222222 0.109895833333
1 0.881944444444 0.723958333333 0.0787037037037 0.1125
1 0.958333333333 0.727083333333 0.0814814814815 0.113541666667
1 0.32962962963 0.901822916667 0.12962962963 0.1390625
1 0.435648148148 0.90546875 0.123148148148 0.1390625
1 0.547685185185 0.904166666667 0.10462962963 0.145833333333
1 0.656944444444 0.905729166667 0.117592592593 0.144791666667
1 0.773148148148 0.908333333333 0.127777777778 0.142708333333
1 0.886111111111 0.903125 0.107407407407 0.14375
1 0.961111111111 0.905989583333 0.0759259259259 0.1234375
