1 0.0384259259259 0.163541666667 0.0787037037037 0.0947916666667
1 0.237037037037 0.173177083333 0.0851851851852 0.0755208333333
1 0.143518518519 0.180208333333 0.0740740740741 0.059375
1 0.341666666667 0.168489583333 0.0925925925926 0.0848958333333
1 0.418055555556 0.15546875 0.0638888888889 0.106770833333
1 0.477314814815 0.1546875 0.0805555555556 0.110416666667
1 0.546759259259 0.155208333333 0.0657407407407 0.102083333333
1 0.613425925926 0.15390625 0.0731481481481 0.106770833333
1 0.676388888889 0.1546875 0.0657407407407 0.105208333333
1 0.744444444444 0.156510416667 0.0703703703704 0.108854166667
1 0.807407407407 0.154947916667 0.0722222222222 0.1078125
1 0.881018518519 0.1546875 0.0768518518519 0.108333333333
1 0.960185185185 0.15703125 0.0777777777778 0.1078125
1 0.0333333333333 0.562760416667 0.0685185185185 0.127604166667
1 0.115740740741 0.561979166667 0.0796296296296 0.135416666667
1 0.189351851852 0.563802083333 0.0805555555556 0.1296875
1 0.258333333333 0.553125 0.0740740740741 0.123958333333
1 0.312037037037 0.548697916667 0.0833333333333 0.127604166667
1 0.375 0.548958333333 0.062962962963 0.122916666667
1 0.436574074074 0.542447916667 0.0768518518519 0.128645833333
1 0.532407407407 0.549479166667 0.0814814814815 0.142708333333
1 0.638425925926 0.54765625 0.0675925925926 0.1390625
1 0.695833333333 0.55625 0.0731481481481 0.144791666667
1 0.763888888889 0.5546875 0.0722222222222 0.141666666667
1 0.816203703704 0.546354166667 0.0583333333333 0.134375
1 0.903703703704 0.548177083333 0.0888888888889 0.140104166667
1 0.969444444444 0.5484375 0.0592592592593 0.1375
1 0.0240740740741 0.707552083333 0.05 0.0973958333333
1 0.0611111111111 0.716666666667 0.0611111111111 0.122916666667
1 0.115740740741 0.721354166667 0.0759259259259 0.125
1 0.171296296296 0.716145833333 0.0555555555556 0.114583333333
1 0.218518518519 0.7171875 0.0592592592593 0.116666666667
1 0.270833333333 0.729427083333 0.0657407407407 0.141145833333
1 0.341203703704 0.735677083333 0.0787037037037 0.140104166667
1 0.401851851852 0.739583333333 0.0685185185185 0.134375
1 0.472685185185 0.736979166667 0.0787037037037 0.135416666667
1 0.539351851852 0.735677083333 0.0731481481481 0.138020833333
1 0.595833333333 0.702864583333 0.0657407407407 0.0880208333333
1 0.803703703704 0.720833333333 0.0703703703704 0.121875
1 0.868981481481 0.72890625 0.0638888888889 0.128645833333
1 0.909722222222 0.740364583333 0.0805555555556 0.138020833333
1 0.967592592593 0.747395833333 0.062962962963 0.1375
1 0.0240740740741 0.871614583333 0.05 0.0880208333333
1 0.148611111111 0.884895833333 0.100925925926 0.114583333333
1 0.411111111111 0.8640625 0.0907407407407 0.06875
1 0.473611111111 0.868229166667 0.0731481481481 0.0791666666667
1 0.556018518519 0.86875 0.0768518518519 0.0802083333333
1 0.625925925926 0.952604166667 0.0759259259259 0.090625
1 0.6875 0.9546875 0.0638888888889 0.0895833333333
1 0.75 0.952864583333 0.05 0.0932291666667
1 0.8 0.954947916667 0.0703703703704 0.0880208333333
1 0.851851851852 0.8984375 0.109259259259 0.134375
1 0.947685185185 0.902604166667 0.102777777778 0.135416666667
