1 0.162037037037 0.359114583333 0.0907407407407 0.159895833333
1 0.227314814815 0.3578125 0.0787037037037 0.1625
1 0.294907407407 0.355729166667 0.0842592592593 0.178125
1 0.260185185185 0.551822916667 0.0925925925926 0.153645833333
5 0.334722222222 0.152604166667 0.0731481481481 0.132291666667
5 0.409722222222 0.151302083333 0.0787037037037 0.134895833333
5 0.487037037037 0.151041666667 0.0722222222222 0.140625
5 0.561111111111 0.1484375 0.0777777777778 0.136458333333
5 0.63287037037 0.14296875 0.0768518518519 0.1328125
5 0.709259259259 0.144270833333 0.0777777777778 0.132291666667
5 0.785185185185 0.14140625 0.0777777777778 0.143229166667
5 0.867592592593 0.136979166667 0.0814814814815 0.1375
5 0.950462962963 0.1359375 0.0768518518519 0.142708333333
5 0.442592592593 0.352604166667 0.0944444444444 0.148958333333
5 0.57037037037 0.347916666667 0.0796296296296 0.152083333333
5 0.648611111111 0.347135416667 0.0712962962963 0.1484375
5 0.799074074074 0.345833333333 0.0833333333333 0.145833333333
5 0.866666666667 0.343489583333 0.0666666666667 0.150520833333
5 0.932407407407 0.342447916667 0.0666666666667 0.150520833333
5 0.973611111111 0.344791666667 0.0509259259259 0.164583333333
5 0.349537037037 0.538541666667 0.0601851851852 0.1375
5 0.394907407407 0.548958333333 0.100925925926 0.148958333333
5 0.475462962963 0.548958333333 0.087962962963 0.144791666667
5 0.547222222222 0.545833333333 0.0833333333333 0.145833333333
5 0.599074074074 0.5359375 0.0722222222222 0.135416666667
5 0.672222222222 0.532291666667 0.0796296296296 0.139583333333
5 0.747222222222 0.536458333333 0.0722222222222 0.138541666667
5 0.837037037037 0.523958333333 0.0666666666667 0.130208333333
5 0.901851851852 0.526041666667 0.0685185185185 0.121875
5 0.95462962963 0.529166666667 0.0685185185185 0.138541666667
5 0.122685185185 0.768229166667 0.132407407407 0.144791666667
5 0.236111111111 0.7484375 0.109259259259 0.171875
5 0.36712962963 0.741927083333 0.100925925926 0.158854166667
5 0.433796296296 0.728645833333 0.0861111111111 0.144791666667
5 0.498611111111 0.73671875 0.100925925926 0.1578125
5 0.598148148148 0.726041666667 0.0925925925926 0.145833333333
5 0.684722222222 0.757291666667 0.167592592593 0.189583333333
5 0.857407407407 0.749479166667 0.166666666667 0.205208333333
1 0.96712962963 0.75390625 0.0638888888889 0.1921875
1 0.525462962963 0.389583333333 0.0805555555556 0.084375
