2 0.0601851851852 0.29296875 0.122222222222 0.1203125
2 0.0837962962963 0.38203125 0.169444444444 0.1203125
2 0.236111111111 0.275520833333 0.218518518519 0.113541666667
2 0.258796296296 0.3625 0.206481481481 0.090625
2 0.0990740740741 0.53828125 0.192592592593 0.125520833333
2 0.104166666667 0.623177083333 0.210185185185 0.108854166667
2 0.270833333333 0.5203125 0.173148148148 0.1125
2 0.273148148148 0.60078125 0.181481481481 0.0786458333333
2 0.414351851852 0.495572916667 0.158333333333 0.0994791666667
2 0.559259259259 0.474739583333 0.164814814815 0.0932291666667
2 0.4375 0.565625 0.160185185185 0.0802083333333
2 0.55787037037 0.5453125 0.137962962963 0.0697916666667
2 0.0527777777778 0.8671875 0.107407407407 0.0927083333333
2 0.15 0.828385416667 0.205555555556 0.1234375
2 0.308796296296 0.778645833333 0.171296296296 0.1125
2 0.466666666667 0.72890625 0.198148148148 0.0963541666667
2 0.487962962963 0.77734375 0.187037037037 0.0828125
2 0.623611111111 0.687239583333 0.191666666667 0.0984375
2 0.65462962963 0.733333333333 0.15 0.0635416666667
2 0.75787037037 0.60546875 0.15462962963 0.0651041666667
2 0.914814814815 0.572916666667 0.164814814815 0.0697916666667
2 0.888425925926 0.618229166667 0.156481481481 0.0677083333333
2 0.765740740741 0.6484375 0.162962962963 0.0697916666667
2 0.785185185185 0.68828125 0.161111111111 0.0682291666667
2 0.91712962963 0.651302083333 0.163888888889 0.0661458333333
2 0.863425925926 0.756510416667 0.165740740741 0.0755208333333
2 0.753703703704 0.798177083333 0.17962962963 0.0942708333333
2 0.591666666667 0.8640625 0.201851851852 0.101041666667
2 0.502314814815 0.90703125 0.215740740741 0.0776041666667
4 0.868518518519 0.461458333333 0.166666666667 0.13125
4 0.717592592593 0.48515625 0.151851851852 0.1484375
4 0.403703703704 0.291145833333 0.142592592593 0.0729166666667
4 0.433333333333 0.363020833333 0.148148148148 0.0822916666667
4 0.547685185185 0.345052083333 0.110185185185 0.0744791666667
4 0.65462962963 0.345572916667 0.125925925926 0.0776041666667
4 0.768055555556 0.330989583333 0.0972222222222 0.0651041666667
4 0.542592592593 0.2796875 0.12037037037 0.0635416666667
4 0.656481481481 0.270572916667 0.146296296296 0.0640625
4 0.753240740741 0.265625 0.0805555555556 0.0614583333333
4 0.893518518519 0.285416666667 0.17962962963 0.135416666667
4 0.0560185185185 0.0794270833333 0.113888888889 0.1171875
4 0.186574074074 0.0736979166667 0.173148148148 0.115104166667
4 0.328240740741 0.0794270833333 0.132407407407 0.115104166667
4 0.529166666667 0.0317708333333 0.167592592593 0.0645833333333
4 0.653240740741 0.0364583333333 0.136111111111 0.0739583333333
4 0.784259259259 0.03515625 0.15 0.0713541666667
4 0.931481481481 0.0854166666667 0.124074074074 0.101041666667
4 0.783333333333 0.101041666667 0.144444444444 0.071875
4 0.485648148148 0.09453125 0.171296296296 0.0776041666667
2 0.637037037037 0.09609375 0.201851851852 0.0859375
