1 0.0300925925926 0.176041666667 0.062037037037 0.113541666667
1 0.0782407407407 0.17734375 0.0805555555556 0.108854166667
1 0.14537037037 0.180208333333 0.0740740740741 0.110416666667
1 0.211574074074 0.1765625 0.0787037037037 0.110416666667
1 0.285185185185 0.180729166667 0.0703703703704 0.10625
1 0.344907407407 0.17890625 0.0787037037037 0.105729166667
1 0.40462962963 0.177864583333 0.0777777777778 0.100520833333
1 0.469444444444 0.177864583333 0.0814814814815 0.103645833333
1 0.520833333333 0.18203125 0.0472222222222 0.0973958333333
1 0.573611111111 0.177604166667 0.0787037037037 0.104166666667
1 0.637962962963 0.18125 0.0722222222222 0.0989583333333
1 0.702314814815 0.179427083333 0.0805555555556 0.0953125
1 0.756481481481 0.184895833333 0.0537037037037 0.0864583333333
1 0.809722222222 0.171875 0.0787037037037 0.1125
1 0.880092592593 0.169270833333 0.075 0.104166666667
1 0.94212962963 0.17265625 0.0861111111111 0.1109375
1 0.0509259259259 0.559895833333 0.103703703704 0.135416666667
1 0.140277777778 0.55234375 0.0638888888889 0.1390625
1 0.183796296296 0.567447916667 0.0805555555556 0.133854166667
1 0.246296296296 0.566666666667 0.087037037037 0.135416666667
1 0.312962962963 0.559375 0.0555555555556 0.132291666667
1 0.398611111111 0.555208333333 0.075 0.135416666667
1 0.47037037037 0.555729166667 0.0907407407407 0.136458333333
1 0.539351851852 0.549479166667 0.0601851851852 0.13125
1 0.591203703704 0.555208333333 0.0805555555556 0.133333333333
1 0.64537037037 0.554427083333 0.0703703703704 0.127604166667
1 0.698148148148 0.536458333333 0.0518518518519 0.101041666667
1 0.755555555556 0.541145833333 0.0851851851852 0.114583333333
1 0.837962962963 0.55 0.0888888888889 0.134375
1 0.931944444444 0.550520833333 0.0824074074074 0.144791666667
1 0.969444444444 0.560416666667 0.0592592592593 0.145833333333
1 0.0578703703704 0.738541666667 0.0935185185185 0.134375
1 0.175 0.710416666667 0.0925925925926 0.0864583333333
1 0.261574074074 0.703385416667 0.0805555555556 0.0776041666667
1 0.334722222222 0.730729166667 0.0861111111111 0.122916666667
1 0.409722222222 0.750260416667 0.0675925925926 0.127604166667
1 0.463425925926 0.75078125 0.0675925925926 0.128645833333
1 0.505555555556 0.74375 0.0537037037037 0.114583333333
1 0.573611111111 0.73515625 0.0657407407407 0.122395833333
1 0.624074074074 0.730208333333 0.0592592592593 0.135416666667
1 0.685648148148 0.740625 0.0675925925926 0.135416666667
1 0.75787037037 0.74453125 0.0805555555556 0.143229166667
1 0.830555555556 0.743229166667 0.0703703703704 0.139583333333
1 0.897685185185 0.740364583333 0.0675925925926 0.130729166667
1 0.961111111111 0.74453125 0.0759259259259 0.136979166667
1 0.0259259259259 0.865885416667 0.0537037037037 0.0671875
1 0.0787037037037 0.871875 0.0685185185185 0.0854166666667
1 0.140277777778 0.873177083333 0.0675925925926 0.0786458333333
1 0.147222222222 0.95390625 0.0703703703704 0.0901041666667
1 0.204166666667 0.954427083333 0.0768518518519 0.0869791666667
1 0.256481481481 0.95 0.0740740740741 0.0989583333333
1 0.318055555556 0.95859375 0.075 0.0817708333333
1 0.398611111111 0.90546875 0.106481481481 0.1390625
1 0.49212962963 0.908333333333 0.0935185185185 0.142708333333
1 0.585185185185 0.909375 0.109259259259 0.135416666667
1 0.681481481481 0.91171875 0.101851851852 0.138020833333
1 0.779166666667 0.877604166667 0.0861111111111 0.0697916666667
1 0.855555555556 0.895572916667 0.0981481481481 0.105729166667
1 0.956018518519 0.8796875 0.0861111111111 0.071875
