6 0.0296296296296 0.370833333333 0.0611111111111 0.0958333333333
6 0.106944444444 0.370572916667 0.0916666666667 0.0921875
6 0.05 0.2484375 0.0833333333333 0.0979166666667
6 0.131018518519 0.252083333333 0.0898148148148 0.0979166666667
6 0.0467592592593 0.462239583333 0.0861111111111 0.0921875
6 0.125925925926 0.46328125 0.0833333333333 0.0942708333333
6 0.0402777777778 0.65078125 0.0824074074074 0.133854166667
6 0.118518518519 0.650260416667 0.0851851851852 0.1328125
6 0.0611111111111 0.928125 0.124074074074 0.071875
6 0.226851851852 0.932291666667 0.2 0.0708333333333
6 0.431944444444 0.92578125 0.208333333333 0.0671875
6 0.635185185185 0.923958333333 0.196296296296 0.0614583333333
6 0.831944444444 0.924479166667 0.20462962963 0.0625
6 0.831481481481 0.97890625 0.2 0.0421875
6 0.641203703704 0.979427083333 0.20462962963 0.0411458333333
1 0.433333333333 0.978385416667 0.205555555556 0.0432291666667
1 0.205092592593 0.252604166667 0.0731481481481 0.102083333333
1 0.288888888889 0.253125 0.0796296296296 0.103125
1 0.362037037037 0.254947916667 0.0907407407407 0.1015625
1 0.450925925926 0.25625 0.0722222222222 0.0947916666667
1 0.524074074074 0.256510416667 0.0796296296296 0.100520833333
1 0.595833333333 0.257291666667 0.0712962962963 0.096875
1 0.663888888889 0.256770833333 0.0666666666667 0.0979166666667
1 0.733333333333 0.25859375 0.0666666666667 0.1015625
1 0.803240740741 0.2609375 0.062037037037 0.0989583333333
1 0.873611111111 0.259375 0.0657407407407 0.0979166666667
1 0.950462962963 0.259114583333 0.0861111111111 0.0984375
1 0.223611111111 0.449479166667 0.0712962962963 0.0958333333333
1 0.34212962963 0.447395833333 0.075 0.0958333333333
1 0.455092592593 0.452083333333 0.0861111111111 0.0958333333333
1 0.573611111111 0.449479166667 0.0731481481481 0.0885416666667
1 0.69212962963 0.459375 0.0731481481481 0.0958333333333
1 0.81712962963 0.453125 0.0768518518519 0.0885416666667
1 0.958796296296 0.449479166667 0.0805555555556 0.0958333333333
1 0.198148148148 0.67265625 0.0833333333333 0.0921875
1 0.328240740741 0.666927083333 0.0898148148148 0.0942708333333
1 0.461574074074 0.666927083333 0.0768518518519 0.0901041666667
1 0.566203703704 0.673958333333 0.087962962963 0.0854166666667
1 0.698611111111 0.673958333333 0.0935185185185 0.0854166666667
1 0.826388888889 0.670572916667 0.0787037037037 0.0869791666667
6 0.944444444444 0.670833333333 0.0814814814815 0.0885416666667
6 0.431018518519 0.817447916667 0.206481481481 0.0817708333333
6 0.622685185185 0.81328125 0.191666666667 0.0776041666667
