5 0.0708333333333 0.13359375 0.100925925926 0.149479166667
5 0.15462962963 0.128645833333 0.0944444444444 0.146875
5 0.673148148148 0.128125 0.0851851851852 0.144791666667
5 0.747222222222 0.126302083333 0.0907407407407 0.1421875
5 0.823611111111 0.124739583333 0.0898148148148 0.138020833333
5 0.905092592593 0.124739583333 0.087962962963 0.133854166667
5 0.966203703704 0.119270833333 0.0657407407407 0.139583333333
5 0.0731481481481 0.346614583333 0.105555555556 0.1734375
5 0.758333333333 0.335677083333 0.101851851852 0.159895833333
5 0.883796296296 0.331770833333 0.0916666666667 0.164583333333
5 0.961111111111 0.33203125 0.0759259259259 0.159895833333
5 0.0884259259259 0.552864583333 0.125 0.1609375
5 0.194907407407 0.545833333333 0.0990740740741 0.155208333333
5 0.966203703704 0.522916666667 0.0657407407407 0.144791666667
5 0.646759259259 0.5265625 0.0787037037037 0.141666666667
5 0.715277777778 0.53359375 0.0768518518519 0.149479166667
5 0.789814814815 0.535416666667 0.0944444444444 0.147916666667
5 0.863425925926 0.53046875 0.0861111111111 0.150520833333
5 0.0486111111111 0.777083333333 0.0990740740741 0.188541666667
5 0.143981481481 0.78828125 0.136111111111 0.1609375
5 0.243518518519 0.752604166667 0.101851851852 0.148958333333
5 0.399074074074 0.76875 0.125925925926 0.153125
5 0.519444444444 0.745572916667 0.112962962963 0.1828125
5 0.643981481481 0.73203125 0.110185185185 0.169270833333
5 0.775925925926 0.72578125 0.109259259259 0.165104166667
5 0.87037037037 0.71640625 0.101851851852 0.1546875
1 0.94212962963 0.74140625 0.113888888889 0.188020833333
1 0.466666666667 0.336979166667 0.0833333333333 0.163541666667
1 0.542592592593 0.339583333333 0.0962962962963 0.16875
1 0.621296296296 0.337760416667 0.0833333333333 0.169270833333
1 0.567592592593 0.540885416667 0.0944444444444 0.158854166667
