2 0.0822916666667 0.0444444444444 0.101041666667 0.0907407407407
2 0.170833333333 0.0439814814815 0.0885416666667 0.0805555555556
2 0.257291666667 0.0416666666667 0.0989583333333 0.0851851851852
2 0.41875 0.0361111111111 0.090625 0.0740740740741
2 0.5 0.0388888888889 0.0822916666667 0.0796296296296
2 0.569791666667 0.0361111111111 0.0739583333333 0.0740740740741
2 0.796875 0.0305555555556 0.0927083333333 0.062962962963
2 0.946875 0.116203703704 0.0822916666667 0.106481481481
2 0.871875 0.119907407407 0.0822916666667 0.106481481481
2 0.794791666667 0.117592592593 0.0802083333333 0.0962962962963
2 0.721354166667 0.119907407407 0.0729166666667 0.110185185185
2 0.6515625 0.131944444444 0.0791666666667 0.10462962963
2 0.5734375 0.124074074074 0.08125 0.105555555556
2 0.5015625 0.126388888889 0.09375 0.0972222222222
2 0.421354166667 0.120833333333 0.075 0.0972222222222
2 0.343229166667 0.127314814815 0.0895833333333 0.0990740740741
2 0.259375 0.130092592593 0.0822916666667 0.100925925926
2 0.183854166667 0.133796296296 0.0895833333333 0.100925925926
2 0.0994791666667 0.133796296296 0.0791666666667 0.100925925926
2 0.106770833333 0.2625 0.0916666666667 0.106481481481
2 0.196354166667 0.254166666667 0.0854166666667 0.0824074074074
2 0.345052083333 0.257407407407 0.0869791666667 0.087037037037
2 0.1140625 0.351388888889 0.0854166666667 0.0842592592593
2 0.191145833333 0.354166666667 0.0770833333333 0.0898148148148
2 0.263541666667 0.35 0.0864583333333 0.0981481481481
2 0.351041666667 0.347685185185 0.0739583333333 0.0990740740741
2 0.434375 0.329166666667 0.0822916666667 0.117592592593
2 0.502083333333 0.245833333333 0.0760416666667 0.0842592592593
2 0.497395833333 0.345833333333 0.075 0.110185185185
2 0.567708333333 0.240277777778 0.0739583333333 0.0990740740741
2 0.56875 0.331018518519 0.0864583333333 0.0953703703704
2 0.641666666667 0.240277777778 0.078125 0.0916666666667
2 0.638541666667 0.331944444444 0.0885416666667 0.0898148148148
2 0.71875 0.327314814815 0.071875 0.117592592593
2 0.788020833333 0.233796296296 0.075 0.100925925926
2 0.786979166667 0.328240740741 0.0770833333333 0.0861111111111
2 0.866666666667 0.236111111111 0.084375 0.111111111111
2 0.8625 0.332407407407 0.078125 0.0851851851852
2 0.940625 0.310648148148 0.0677083333333 0.0916666666667
2 0.940104166667 0.223611111111 0.0791666666667 0.0805555555556
2 0.0395833333333 0.546759259259 0.0802083333333 0.123148148148
2 0.1109375 0.473611111111 0.075 0.087962962963
2 0.115104166667 0.565277777778 0.0729166666667 0.0898148148148
2 0.1921875 0.470833333333 0.0875 0.10462962963
2 0.195833333333 0.564351851852 0.0927083333333 0.0842592592593
2 0.277083333333 0.462037037037 0.084375 0.118518518519
2 0.275520833333 0.561574074074 0.0729166666667 0.0638888888889
2 0.352083333333 0.547685185185 0.0760416666667 0.0768518518519
2 0.349479166667 0.458796296296 0.0729166666667 0.0842592592593
2 0.420833333333 0.45787037037 0.0760416666667 0.0898148148148
2 0.423958333333 0.543981481481 0.071875 0.0731481481481
2 0.498958333333 0.531481481481 0.0822916666667 0.0981481481481
2 0.567708333333 0.443055555556 0.0739583333333 0.0787037037037
2 0.572395833333 0.534722222222 0.0666666666667 0.0990740740741
2 0.642708333333 0.518981481481 0.0739583333333 0.119444444444
2 0.7109375 0.431018518519 0.0770833333333 0.0768518518519
2 0.719270833333 0.518055555556 0.0666666666667 0.106481481481
2 0.7765625 0.508796296296 0.0458333333333 0.102777777778
2 0.841145833333 0.431018518519 0.0833333333333 0.0805555555556
2 0.846875 0.508796296296 0.0760416666667 0.0916666666667
2 0.916666666667 0.493055555556 0.0697916666667 0.100925925926
2 0.0625 0.781944444444 0.090625 0.10462962963
2 0.13671875 0.690740740741 0.0817708333333 0.101851851852
2 0.138541666667 0.788425925926 0.0760416666667 0.0916666666667
2 0.210416666667 0.686574074074 0.0739583333333 0.125
2 0.2046875 0.789814814815 0.0875 0.0851851851852
2 0.278645833333 0.677314814815 0.0770833333333 0.121296296296
2 0.281770833333 0.783796296296 0.0770833333333 0.0824074074074
2 0.3515625 0.668055555556 0.06875 0.110185185185
2 0.354166666667 0.763425925926 0.0739583333333 0.075
2 0.423958333333 0.663425925926 0.0760416666667 0.112037037037
2 0.423958333333 0.765277777778 0.0802083333333 0.0935185185185
2 0.499479166667 0.664351851852 0.0770833333333 0.102777777778
2 0.497916666667 0.760648148148 0.071875 0.0768518518519
2 0.569791666667 0.656944444444 0.0635416666667 0.110185185185
2 0.568229166667 0.758796296296 0.0708333333333 0.0768518518519
2 0.6390625 0.652314814815 0.0708333333333 0.112037037037
2 0.634375 0.748611111111 0.0802083333333 0.0787037037037
2 0.7125 0.643981481481 0.078125 0.110185185185
2 0.705729166667 0.746759259259 0.075 0.0787037037037
2 0.786458333333 0.64212962963 0.0635416666667 0.121296296296
2 0.846875 0.626388888889 0.059375 0.100925925926
2 0.776041666667 0.728240740741 0.059375 0.0861111111111
2 0.838020833333 0.729166666667 0.06875 0.0990740740741
2 0.9109375 0.718981481481 0.06875 0.0861111111111
2 0.9125 0.619907407407 0.0677083333333 0.113888888889
2 0.845572916667 0.914814814815 0.0776041666667 0.0944444444444
2 0.7890625 0.842592592593 0.0854166666667 0.107407407407
2 0.715625 0.8625 0.096875 0.106481481481
2 0.504947916667 0.913888888889 0.0723958333333 0.0851851851852
2 0.442708333333 0.871759259259 0.071875 0.0953703703704
2 0.3734375 0.884722222222 0.0854166666667 0.087962962963
2 0.297395833333 0.885648148148 0.0770833333333 0.087962962963
2 0.227604166667 0.901388888889 0.09375 0.087962962963
2 0.146354166667 0.903240740741 0.0875 0.0953703703704
2 0.0723958333333 0.916203703704 0.09375 0.0805555555556
2 0.03046875 0.106018518519 0.0619791666667 0.162037037037
2 0.0338541666667 0.341203703704 0.06875 0.125
2 0.0684895833333 0.681018518519 0.0588541666667 0.087962962963
2 0.432291666667 0.960185185185 0.0697916666667 0.0777777777778
2 0.363020833333 0.96712962963 0.0666666666667 0.0638888888889
2 0.292447916667 0.965740740741 0.0682291666667 0.0666666666667
2 0.223177083333 0.973148148148 0.0682291666667 0.0518518518519
2 0.15 0.976851851852 0.071875 0.0444444444444
2 0.075 0.981018518519 0.0739583333333 0.0361111111111
2 0.558072916667 0.873148148148 0.0588541666667 0.0962962962963
2 0.6203125 0.865740740741 0.0552083333333 0.0740740740741
2 0.706770833333 0.939351851852 0.0770833333333 0.0694444444444
2 0.781770833333 0.937037037037 0.06875 0.0685185185185
2 0.971875 0.701388888889 0.05625 0.0953703703704
2 0.973177083333 0.608333333333 0.0515625 0.0851851851852
2 0.973958333333 0.497222222222 0.0520833333333 0.0962962962963
2 0.970052083333 0.407407407407 0.0515625 0.0555555555556
2 0.87890625 0.0328703703704 0.0776041666667 0.0638888888889
2 0.949479166667 0.0273148148148 0.0666666666667 0.0564814814815
2 0.70859375 0.0324074074074 0.0817708333333 0.0666666666667
2 0.6421875 0.0361111111111 0.0677083333333 0.0740740740741
2 0.7140625 0.234722222222 0.065625 0.0731481481481
2 0.341927083333 0.0398148148148 0.0744791666667 0.0814814814815
2 0.267708333333 0.256481481481 0.0666666666667 0.0925925925926
2 0.42109375 0.236111111111 0.0734375 0.0740740740741
2 0.493229166667 0.447685185185 0.0677083333333 0.0731481481481
