4 0.156944444444 0.05859375 0.221296296296 0.118229166667
4 0.517592592593 0.0497395833333 0.175925925926 0.100520833333
4 0.683333333333 0.0473958333333 0.17037037037 0.0958333333333
4 0.861574074074 0.0450520833333 0.187962962963 0.0911458333333
4 0.127314814815 0.263802083333 0.208333333333 0.0984375
4 0.289814814815 0.234114583333 0.183333333333 0.1390625
4 0.456018518519 0.203645833333 0.219444444444 0.096875
4 0.456944444444 0.2734375 0.178703703704 0.0479166666667
4 0.646759259259 0.181770833333 0.167592592593 0.0291666666667
4 0.654166666667 0.209375 0.208333333333 0.0385416666667
4 0.879166666667 0.18359375 0.239814814815 0.0640625
4 0.881481481481 0.254427083333 0.235185185185 0.0765625
4 0.650925925926 0.2609375 0.227777777778 0.0729166666667
4 0.175925925926 0.410416666667 0.166666666667 0.138541666667
4 0.0578703703704 0.419791666667 0.117592592593 0.138541666667
4 0.308333333333 0.415364583333 0.12962962963 0.128645833333
4 0.423148148148 0.403125 0.187037037037 0.147916666667
4 0.593981481481 0.396614583333 0.167592592593 0.144270833333
4 0.74212962963 0.396614583333 0.163888888889 0.144270833333
4 0.909722222222 0.39140625 0.178703703704 0.165104166667
4 0.0486111111111 0.581770833333 0.0990740740741 0.114583333333
4 0.135648148148 0.57109375 0.0768518518519 0.102604166667
4 0.2375 0.572916666667 0.132407407407 0.120833333333
4 0.35787037037 0.565104166667 0.110185185185 0.105208333333
4 0.47962962963 0.563541666667 0.142592592593 0.104166666667
4 0.603240740741 0.561458333333 0.136111111111 0.114583333333
4 0.74537037037 0.555729166667 0.157407407407 0.109375
4 0.908796296296 0.556770833333 0.180555555556 0.119791666667
4 0.13287037037 0.7359375 0.197222222222 0.130208333333
4 0.256481481481 0.731770833333 0.124074074074 0.105208333333
4 0.380092592593 0.729427083333 0.150925925926 0.115104166667
4 0.547222222222 0.72890625 0.159259259259 0.113020833333
4 0.652314814815 0.709635416667 0.102777777778 0.0942708333333
4 0.774537037037 0.7390625 0.165740740741 0.0885416666667
4 0.89212962963 0.70546875 0.160185185185 0.115104166667
4 0.947222222222 0.72421875 0.103703703704 0.113020833333
4 0.100462962963 0.909635416667 0.134259259259 0.140104166667
4 0.226851851852 0.91015625 0.127777777778 0.141145833333
4 0.376851851852 0.918229166667 0.127777777778 0.120833333333
4 0.497685185185 0.914583333333 0.149074074074 0.128125
4 0.64212962963 0.908072916667 0.193518518519 0.1265625
4 0.828703703704 0.907552083333 0.181481481481 0.116145833333
