6 0.0200520833333 0.140740740741 0.0276041666667 0.0777777777778
6 0.04375 0.138888888889 0.0260416666667 0.0777777777778
6 0.0677083333333 0.139814814815 0.0291666666667 0.0814814814815
6 0.0916666666667 0.136111111111 0.03125 0.087037037037
6 0.117447916667 0.138425925926 0.0317708333333 0.0898148148148
6 0.148958333333 0.140277777778 0.025 0.0935185185185
6 0.173697916667 0.1375 0.0286458333333 0.0935185185185
6 0.204166666667 0.131018518519 0.0354166666667 0.10462962963
6 0.191927083333 0.30462962963 0.0453125 0.103703703704
6 0.22734375 0.306481481481 0.0359375 0.103703703704
6 0.16171875 0.318055555556 0.0276041666667 0.0824074074074
6 0.0302083333333 0.496296296296 0.0354166666667 0.087037037037
6 0.0549479166667 0.489351851852 0.0307291666667 0.087962962963
6 0.197135416667 0.489814814815 0.0348958333333 0.109259259259
6 0.2296875 0.488888888889 0.0375 0.101851851852
6 0.24921875 0.106018518519 0.0359375 0.0712962962963
6 0.293489583333 0.0722222222222 0.0369791666667 0.0518518518519
6 0.334114583333 0.0777777777778 0.0421875 0.0574074074074
6 0.294791666667 0.121759259259 0.0395833333333 0.0583333333333
6 0.33359375 0.126388888889 0.0359375 0.0546296296296
6 0.334375 0.162962962963 0.04375 0.037037037037
6 0.361197916667 0.119444444444 0.0307291666667 0.122222222222
6 0.386197916667 0.122222222222 0.0255208333333 0.118518518519
6 0.40859375 0.122685185185 0.0286458333333 0.117592592593
6 0.430729166667 0.120833333333 0.0260416666667 0.119444444444
6 0.45390625 0.118981481481 0.0286458333333 0.121296296296
6 0.48046875 0.121296296296 0.0286458333333 0.116666666667
6 0.520572916667 0.100925925926 0.0421875 0.0666666666667
6 0.55390625 0.099537037037 0.0359375 0.0657407407407
6 0.590364583333 0.105092592593 0.0401041666667 0.0675925925926
6 0.519010416667 0.154166666667 0.0390625 0.0546296296296
6 0.555989583333 0.154166666667 0.0380208333333 0.0527777777778
6 0.59140625 0.153240740741 0.0411458333333 0.0490740740741
6 0.6390625 0.126851851852 0.0416666666667 0.0666666666667
6 0.686458333333 0.0708333333333 0.040625 0.0712962962963
6 0.682552083333 0.128240740741 0.0390625 0.062037037037
6 0.727083333333 0.0657407407407 0.0385416666667 0.0740740740741
6 0.723958333333 0.128240740741 0.0385416666667 0.0638888888889
6 0.771875 0.0625 0.04375 0.0694444444444
6 0.813020833333 0.0587962962963 0.040625 0.0712962962963
6 0.769010416667 0.124537037037 0.0390625 0.0694444444444
6 0.809895833333 0.123611111111 0.0447916666667 0.0657407407407
6 0.696875 0.248611111111 0.04375 0.0731481481481
6 0.694270833333 0.30787037037 0.0427083333333 0.0675925925926
6 0.740885416667 0.255092592593 0.0359375 0.0546296296296
6 0.7390625 0.308796296296 0.0416666666667 0.0583333333333
6 0.789322916667 0.252314814815 0.0411458333333 0.0694444444444
6 0.784635416667 0.309259259259 0.0401041666667 0.0648148148148
6 0.01484375 0.662962962963 0.0296875 0.12037037037
6 0.0424479166667 0.662037037037 0.0296875 0.116666666667
6 0.065625 0.659722222222 0.025 0.126851851852
6 0.0880208333333 0.662962962963 0.0208333333333 0.125925925926
6 0.1078125 0.663888888889 0.028125 0.124074074074
6 0.1296875 0.664814814815 0.025 0.12037037037
6 0.15703125 0.6625 0.0317708333333 0.125
6 0.0559895833333 0.892592592593 0.0505208333333 0.0518518518519
6 0.10625 0.8875 0.0479166666667 0.0490740740741
6 0.6875 0.863425925926 0.05625 0.0564814814815
6 0.69296875 0.912962962963 0.0546875 0.0518518518519
6 0.761458333333 0.84537037037 0.05625 0.062962962963
6 0.752083333333 0.883796296296 0.059375 0.0583333333333
6 0.2578125 0.288888888889 0.040625 0.062962962963
6 0.29296875 0.288425925926 0.0401041666667 0.0638888888889
6 0.261197916667 0.33287037037 0.0369791666667 0.0509259259259
6 0.295833333333 0.335185185185 0.0354166666667 0.0462962962963
6 0.396614583333 0.278703703704 0.0244791666667 0.0759259259259
6 0.46484375 0.299537037037 0.0234375 0.113888888889
6 0.488020833333 0.297685185185 0.025 0.115740740741
6 0.378385416667 0.490277777778 0.0234375 0.110185185185
6 0.417447916667 0.275925925926 0.0244791666667 0.0777777777778
6 0.441145833333 0.278703703704 0.025 0.0759259259259
6 0.39765625 0.492592592593 0.0223958333333 0.105555555556
6 0.419791666667 0.493518518519 0.025 0.107407407407
6 0.439583333333 0.490277777778 0.0239583333333 0.110185185185
6 0.463020833333 0.491203703704 0.0270833333333 0.108333333333
6 0.490364583333 0.488425925926 0.0255208333333 0.112037037037
6 0.619010416667 0.47037037037 0.0401041666667 0.0648148148148
6 0.65703125 0.478703703704 0.0359375 0.0611111111111
6 0.695833333333 0.482407407407 0.0395833333333 0.0444444444444
6 0.697135416667 0.435648148148 0.0421875 0.0546296296296
6 0.655989583333 0.428703703704 0.0411458333333 0.05
6 0.61796875 0.519444444444 0.0380208333333 0.0407407407407
6 0.655729166667 0.522222222222 0.0385416666667 0.0407407407407
6 0.69453125 0.518518518519 0.0411458333333 0.0425925925926
6 0.736197916667 0.453240740741 0.0369791666667 0.0657407407407
6 0.774739583333 0.46712962963 0.0380208333333 0.0657407407407
6 0.815625 0.463425925926 0.0385416666667 0.075
6 0.740364583333 0.510648148148 0.0390625 0.0583333333333
6 0.7765625 0.517592592593 0.034375 0.0537037037037
6 0.81640625 0.518518518519 0.0380208333333 0.0518518518519
6 0.8515625 0.437962962963 0.040625 0.0833333333333
6 0.89140625 0.4375 0.0411458333333 0.0787037037037
6 0.85234375 0.509722222222 0.0359375 0.0694444444444
6 0.89140625 0.506481481481 0.0411458333333 0.0722222222222
6 0.613802083333 0.637962962963 0.0390625 0.062962962963
6 0.65234375 0.638888888889 0.0369791666667 0.0574074074074
6 0.69453125 0.638425925926 0.0390625 0.0564814814815
6 0.728645833333 0.651851851852 0.0385416666667 0.0777777777778
6 0.763802083333 0.649074074074 0.0432291666667 0.0833333333333
6 0.802083333333 0.661574074074 0.0385416666667 0.0805555555556
6 0.723958333333 0.71712962963 0.0416666666667 0.0638888888889
6 0.763541666667 0.7125 0.040625 0.0546296296296
6 0.801041666667 0.718055555556 0.04375 0.0472222222222
6 0.83828125 0.639351851852 0.0411458333333 0.0842592592593
6 0.87578125 0.638888888889 0.0421875 0.0833333333333
6 0.914583333333 0.638425925926 0.040625 0.087962962963
6 0.839322916667 0.711111111111 0.0380208333333 0.0703703703704
6 0.875260416667 0.70787037037 0.0390625 0.0712962962963
6 0.913541666667 0.709259259259 0.04375 0.0703703703704
6 0.363020833333 0.261574074074 0.040625 0.0509259259259
6 0.365885416667 0.302777777778 0.0359375 0.0462962962963
6 0.324479166667 0.260648148148 0.034375 0.0601851851852
6 0.32578125 0.3 0.0359375 0.0462962962963
6 0.329427083333 0.336111111111 0.0369791666667 0.05
6 0.284635416667 0.473148148148 0.0380208333333 0.0611111111111
6 0.325260416667 0.437962962963 0.0359375 0.0481481481481
6 0.315625 0.484722222222 0.0333333333333 0.0490740740741
6 0.352083333333 0.490277777778 0.0427083333333 0.0546296296296
6 0.0953125 0.485185185185 0.021875 0.0962962962963
6 0.132552083333 0.464351851852 0.0276041666667 0.0916666666667
6 0.153125 0.4625 0.0197916666667 0.087962962963
6 0.173697916667 0.460185185185 0.0203125 0.0944444444444
1 0.111979166667 0.490277777778 0.021875 0.087962962963
1 0.21015625 0.676388888889 0.0276041666667 0.110185185185
1 0.244270833333 0.657407407407 0.0354166666667 0.148148148148
1 0.278125 0.65462962963 0.0364583333333 0.146296296296
1 0.311979166667 0.658796296296 0.0322916666667 0.150925925926
1 0.34375 0.656481481481 0.0354166666667 0.146296296296
1 0.37578125 0.65787037037 0.0348958333333 0.149074074074
1 0.41015625 0.678240740741 0.0276041666667 0.119444444444
1 0.43203125 0.654166666667 0.0286458333333 0.141666666667
1 0.4609375 0.651388888889 0.0354166666667 0.136111111111
1 0.491927083333 0.653703703704 0.0338541666667 0.137037037037
1 0.847135416667 0.100925925926 0.0255208333333 0.101851851852
1 0.86875 0.102314814815 0.0229166666667 0.10462962963
1 0.888020833333 0.1 0.0208333333333 0.103703703704
1 0.909635416667 0.0958333333333 0.0234375 0.0990740740741
1 0.82890625 0.288888888889 0.0255208333333 0.103703703704
1 0.850260416667 0.286574074074 0.0223958333333 0.100925925926
1 0.8640625 0.278240740741 0.0197916666667 0.100925925926
1 0.8875 0.286574074074 0.0229166666667 0.100925925926
1 0.908854166667 0.287037037037 0.0270833333333 0.1
6 0.614322916667 0.680555555556 0.0338541666667 0.037037037037
6 0.652083333333 0.680555555556 0.0322916666667 0.037037037037
6 0.68984375 0.681944444444 0.0338541666667 0.0453703703704
6 0.6125 0.712037037037 0.0322916666667 0.0462962962963
6 0.649739583333 0.7125 0.0369791666667 0.0453703703704
6 0.687760416667 0.72037037037 0.0369791666667 0.0388888888889
