4 0.160185185185 0.24140625 0.227777777778 0.0317708333333
4 0.17037037037 0.2859375 0.248148148148 0.059375
4 0.302777777778 0.118489583333 0.166666666667 0.0578125
4 0.464814814815 0.119791666667 0.172222222222 0.0604166666667
4 0.626851851852 0.1234375 0.17037037037 0.0552083333333
4 0.818055555556 0.124739583333 0.173148148148 0.0411458333333
4 0.953240740741 0.1234375 0.0916666666667 0.0510416666667
4 0.368518518519 0.2515625 0.140740740741 0.128125
4 0.497685185185 0.251822916667 0.136111111111 0.133854166667
4 0.619444444444 0.251822916667 0.125925925926 0.124479166667
4 0.750462962963 0.254947916667 0.130555555556 0.127604166667
4 0.868981481481 0.255729166667 0.113888888889 0.121875
4 0.958796296296 0.259114583333 0.0805555555556 0.119270833333
4 0.050462962963 0.41171875 0.102777777778 0.141145833333
4 0.195833333333 0.408072916667 0.219444444444 0.133854166667
4 0.374537037037 0.40625 0.136111111111 0.113541666667
4 0.499537037037 0.4109375 0.152777777778 0.11875
4 0.636111111111 0.407291666667 0.135185185185 0.11875
4 0.768518518519 0.405729166667 0.140740740741 0.121875
4 0.929166666667 0.406770833333 0.139814814815 0.0572916666667
4 0.92037037037 0.457291666667 0.157407407407 0.05625
4 0.0564814814815 0.562760416667 0.109259259259 0.105729166667
4 0.188425925926 0.562760416667 0.14537037037 0.1078125
4 0.318518518519 0.559114583333 0.0796296296296 0.1078125
4 0.415277777778 0.5640625 0.132407407407 0.1125
4 0.528240740741 0.5609375 0.117592592593 0.104166666667
4 0.65 0.56640625 0.127777777778 0.1171875
4 0.775925925926 0.565104166667 0.125925925926 0.107291666667
4 0.898611111111 0.565625 0.117592592593 0.111458333333
4 0.0578703703704 0.702604166667 0.117592592593 0.102083333333
4 0.131481481481 0.709114583333 0.137037037037 0.111979166667
4 0.252314814815 0.718489583333 0.149074074074 0.1078125
4 0.423148148148 0.707291666667 0.127777777778 0.10625
4 0.552314814815 0.7125 0.165740740741 0.1125
4 0.7 0.711979166667 0.125925925926 0.111458333333
4 0.827777777778 0.712239583333 0.144444444444 0.1203125
4 0.938888888889 0.707552083333 0.103703703704 0.108854166667
4 0.0935185185185 0.88359375 0.153703703704 0.125520833333
4 0.259722222222 0.87421875 0.167592592593 0.146354166667
4 0.403240740741 0.867447916667 0.10462962963 0.150520833333
4 0.513425925926 0.866145833333 0.143518518519 0.145833333333
4 0.61712962963 0.866145833333 0.134259259259 0.145833333333
4 0.744907407407 0.874739583333 0.115740740741 0.133854166667
4 0.860185185185 0.87109375 0.112962962963 0.1578125
4 0.953703703704 0.870052083333 0.0907407407407 0.152604166667
4 0.101388888889 0.0786458333333 0.20462962963 0.0802083333333
