6 0.123148148148 0.20625 0.124074074074 0.0875
6 0.265740740741 0.20625 0.146296296296 0.0895833333333
6 0.403703703704 0.205729166667 0.133333333333 0.0885416666667
6 0.538888888889 0.20625 0.122222222222 0.0854166666667
6 0.150462962963 0.349479166667 0.132407407407 0.0864583333333
6 0.283796296296 0.34609375 0.119444444444 0.0932291666667
6 0.407407407407 0.342447916667 0.138888888889 0.0911458333333
6 0.555092592593 0.340885416667 0.119444444444 0.0848958333333
6 0.170833333333 0.429427083333 0.117592592593 0.0744791666667
6 0.302777777778 0.42578125 0.127777777778 0.0744791666667
6 0.418981481481 0.417447916667 0.132407407407 0.0692708333333
6 0.555555555556 0.41796875 0.109259259259 0.0734375
6 0.667592592593 0.393229166667 0.0833333333333 0.130208333333
6 0.740740740741 0.394270833333 0.0851851851852 0.132291666667
6 0.819907407407 0.39375 0.075 0.13125
6 0.905092592593 0.387239583333 0.0916666666667 0.125520833333
6 0.0611111111111 0.397135416667 0.111111111111 0.0651041666667
6 0.0550925925926 0.567447916667 0.112037037037 0.0817708333333
6 0.075462962963 0.6359375 0.130555555556 0.065625
6 0.673148148148 0.578645833333 0.101851851852 0.161458333333
6 0.779166666667 0.58125 0.115740740741 0.15625
6 0.874537037037 0.57109375 0.102777777778 0.155729166667
6 0.956481481481 0.573958333333 0.0851851851852 0.161458333333
6 0.732407407407 0.891145833333 0.187037037037 0.0458333333333
6 0.921759259259 0.876302083333 0.15462962963 0.0494791666667
6 0.736574074074 0.930729166667 0.19537037037 0.0479166666667
6 0.924537037037 0.925260416667 0.149074074074 0.0473958333333
