6 0.162037037037 0.25625 0.0962962962963 0.078125
6 0.0402777777778 0.2578125 0.0824074074074 0.0625
6 0.277314814815 0.2484375 0.0601851851852 0.0958333333333
6 0.330092592593 0.2515625 0.0601851851852 0.0947916666667
6 0.389351851852 0.250260416667 0.0601851851852 0.0921875
6 0.455092592593 0.250260416667 0.0564814814815 0.0942708333333
6 0.508796296296 0.249739583333 0.0583333333333 0.0984375
6 0.57037037037 0.253125 0.0537037037037 0.0979166666667
6 0.819907407407 0.255989583333 0.075 0.0994791666667
6 0.908333333333 0.263020833333 0.0851851851852 0.0979166666667
6 0.976388888889 0.262239583333 0.0453703703704 0.0921875
6 0.167592592593 0.415104166667 0.0518518518519 0.0885416666667
6 0.21712962963 0.423958333333 0.0546296296296 0.0854166666667
6 0.267592592593 0.423958333333 0.0537037037037 0.0895833333333
6 0.319907407407 0.42578125 0.0601851851852 0.0890625
6 0.378240740741 0.426302083333 0.0583333333333 0.0901041666667
6 0.43287037037 0.427604166667 0.0583333333333 0.0927083333333
6 0.506018518519 0.429427083333 0.0731481481481 0.0932291666667
6 0.581018518519 0.43046875 0.0712962962963 0.0911458333333
6 0.662962962963 0.429947916667 0.0814814814815 0.0942708333333
6 0.739814814815 0.434114583333 0.0796296296296 0.0911458333333
6 0.818055555556 0.4328125 0.087962962963 0.0885416666667
6 0.928240740741 0.3734375 0.117592592593 0.0625
6 0.905092592593 0.45859375 0.0916666666667 0.0442708333333
6 0.906944444444 0.416927083333 0.0916666666667 0.0421875
6 0.155555555556 0.56796875 0.062962962963 0.1234375
6 0.218981481481 0.5765625 0.075 0.113541666667
6 0.313425925926 0.579427083333 0.0694444444444 0.119270833333
6 0.382407407407 0.582552083333 0.0666666666667 0.1203125
6 0.441666666667 0.584895833333 0.0740740740741 0.117708333333
6 0.518055555556 0.602604166667 0.0953703703704 0.0822916666667
6 0.590740740741 0.60390625 0.0981481481481 0.0901041666667
6 0.680555555556 0.60625 0.0796296296296 0.0895833333333
6 0.760185185185 0.606770833333 0.0814814814815 0.090625
6 0.843518518519 0.609635416667 0.087037037037 0.0901041666667
6 0.916666666667 0.610416666667 0.0814814814815 0.0885416666667
1 0.973611111111 0.6078125 0.0509259259259 0.08125
1 0.627777777778 0.254427083333 0.05 0.0932291666667
1 0.679166666667 0.254427083333 0.0601851851852 0.0890625
1 0.743055555556 0.258072916667 0.0564814814815 0.0932291666667
