0 0.193518518519 0.0822916666667 0.17962962963 0.125
0 0.0587962962963 0.194791666667 0.0787037037037 0.102083333333
0 0.183333333333 0.199739583333 0.196296296296 0.115104166667
0 0.314351851852 0.20078125 0.0953703703704 0.128645833333
0 0.493055555556 0.0765625 0.230555555556 0.139583333333
0 0.478703703704 0.202083333333 0.201851851852 0.146875
0 0.717592592593 0.0776041666667 0.140740740741 0.14375
0 0.826388888889 0.0921875 0.128703703704 0.142708333333
0 0.930555555556 0.08125 0.137037037037 0.145833333333
0 0.694907407407 0.209114583333 0.152777777778 0.138020833333
0 0.888888888889 0.21953125 0.183333333333 0.128645833333
0 0.267592592593 0.358854166667 0.122222222222 0.1
0 0.371759259259 0.36875 0.128703703704 0.119791666667
0 0.474537037037 0.376822916667 0.119444444444 0.109895833333
0 0.568055555556 0.38671875 0.130555555556 0.1109375
0 0.740740740741 0.398958333333 0.105555555556 0.0802083333333
0 0.694444444444 0.504166666667 0.087037037037 0.0729166666667
0 0.238888888889 0.659635416667 0.109259259259 0.140104166667
0 0.327777777778 0.669270833333 0.105555555556 0.134375
0 0.412037037037 0.675 0.112962962963 0.138541666667
0 0.493055555556 0.696354166667 0.123148148148 0.142708333333
0 0.306018518519 0.836979166667 0.0953703703704 0.115625
0 0.468518518519 0.867708333333 0.0907407407407 0.119791666667
0 0.559259259259 0.89140625 0.0907407407407 0.116145833333
0 0.638425925926 0.911197916667 0.0972222222222 0.118229166667
0 0.731018518519 0.9296875 0.100925925926 0.132291666667
0 0.84212962963 0.943489583333 0.100925925926 0.108854166667
0 0.942592592593 0.955989583333 0.112962962963 0.0869791666667
0 0.106944444444 0.446354166667 0.0972222222222 0.101041666667
0 0.0375 0.344010416667 0.0768518518519 0.0994791666667
0 0.025 0.442447916667 0.0518518518519 0.0953125
0 0.193518518519 0.455729166667 0.0888888888889 0.101041666667
0 0.263888888889 0.459635416667 0.0925925925926 0.1046875
0 0.349074074074 0.471875 0.114814814815 0.0989583333333
0 0.441666666667 0.477604166667 0.1 0.0989583333333
0 0.539351851852 0.488541666667 0.110185185185 0.115625
0 0.160185185185 0.647135416667 0.107407407407 0.1390625
0 0.0939814814815 0.634375 0.0861111111111 0.136458333333
0 0.0351851851852 0.626822916667 0.0685185185185 0.130729166667
0 0.221296296296 0.817447916667 0.0740740740741 0.118229166667
