4 0.325 0.0734375 0.181481481481 0.147916666667
4 0.461574074074 0.07578125 0.14537037037 0.152604166667
4 0.618518518519 0.07890625 0.17037037037 0.158854166667
4 0.118518518519 0.221614583333 0.203703703704 0.149479166667
4 0.257407407407 0.249739583333 0.172222222222 0.100520833333
4 0.25 0.165364583333 0.187037037037 0.0765625
4 0.40462962963 0.243229166667 0.187037037037 0.151041666667
4 0.558333333333 0.245052083333 0.218518518519 0.174479166667
4 0.760185185185 0.271614583333 0.242592592593 0.1609375
4 0.927777777778 0.276302083333 0.142592592593 0.125520833333
4 0.184259259259 0.391927083333 0.22037037037 0.1328125
4 0.337962962963 0.413802083333 0.198148148148 0.133854166667
4 0.49537037037 0.419270833333 0.2 0.1375
4 0.691203703704 0.437760416667 0.193518518519 0.150520833333
4 0.877314814815 0.481770833333 0.243518518519 0.134375
4 0.148148148148 0.571614583333 0.203703703704 0.0994791666667
4 0.287962962963 0.586979166667 0.166666666667 0.104166666667
4 0.436111111111 0.609114583333 0.187037037037 0.115104166667
4 0.608333333333 0.647916666667 0.198148148148 0.111458333333
4 0.818518518519 0.671354166667 0.205555555556 0.121875
4 0.949074074074 0.6953125 0.1 0.120833333333
4 0.0527777777778 0.659635416667 0.107407407407 0.125520833333
4 0.162037037037 0.678385416667 0.185185185185 0.141145833333
4 0.30787037037 0.712239583333 0.160185185185 0.1328125
4 0.444444444444 0.73125 0.144444444444 0.135416666667
4 0.550462962963 0.772395833333 0.132407407407 0.105208333333
4 0.664814814815 0.797916666667 0.157407407407 0.096875
4 0.795833333333 0.840104166667 0.152777777778 0.1125
4 0.935185185185 0.863802083333 0.127777777778 0.100520833333
4 0.0444444444444 0.790885416667 0.0907407407407 0.127604166667
4 0.14212962963 0.82734375 0.169444444444 0.109895833333
4 0.283796296296 0.847135416667 0.136111111111 0.131770833333
4 0.402314814815 0.868229166667 0.19537037037 0.151041666667
4 0.513425925926 0.9375 0.150925925926 0.1125
4 0.643518518519 0.962239583333 0.153703703704 0.0755208333333
4 0.789814814815 0.975520833333 0.164814814815 0.0489583333333
