0 0.843518518519 0.10546875 0.151851851852 0.209895833333
0 0.702777777778 0.112760416667 0.148148148148 0.193229166667
0 0.564814814815 0.102604166667 0.153703703704 0.201041666667
0 0.436111111111 0.103125 0.125925925926 0.188541666667
0 0.302777777778 0.105208333333 0.161111111111 0.184375
0 0.168981481481 0.1046875 0.160185185185 0.184375
0 0.119444444444 0.337760416667 0.12962962963 0.1703125
0 0.235185185185 0.3484375 0.107407407407 0.158333333333
0 0.348148148148 0.35234375 0.116666666667 0.161979166667
0 0.452777777778 0.3609375 0.12962962963 0.179166666667
0 0.58287037037 0.360416666667 0.143518518519 0.167708333333
0 0.687962962963 0.36484375 0.122222222222 0.161979166667
0 0.8125 0.376041666667 0.139814814815 0.161458333333
0 0.919444444444 0.3765625 0.140740740741 0.175
0 0.75 0.578385416667 0.114814814815 0.140104166667
0 0.608796296296 0.5796875 0.113888888889 0.147916666667
0 0.499074074074 0.569791666667 0.124074074074 0.163541666667
0 0.395833333333 0.563020833333 0.0898148148148 0.173958333333
0 0.303240740741 0.554427083333 0.121296296296 0.159895833333
0 0.209259259259 0.553645833333 0.105555555556 0.158333333333
0 0.106944444444 0.543489583333 0.117592592593 0.141145833333
0 0.35787037037 0.741927083333 0.117592592593 0.0692708333333
0 0.382407407407 0.941666666667 0.122222222222 0.0635416666667
0 0.951388888889 0.795833333333 0.0953703703704 0.121875
0 0.0328703703704 0.544010416667 0.0675925925926 0.143229166667
0 0.0324074074074 0.340885416667 0.0666666666667 0.1703125
0 0.0601851851852 0.0890625 0.122222222222 0.179166666667
