6 0.393229166667 0.0675925925926 0.0375 0.0722222222222
6 0.436197916667 0.0657407407407 0.0369791666667 0.0703703703704
6 0.470572916667 0.0592592592593 0.0359375 0.0722222222222
6 0.511458333333 0.0583333333333 0.0375 0.0777777777778
6 0.354166666667 0.131481481481 0.0395833333333 0.062962962963
6 0.39609375 0.131944444444 0.0411458333333 0.0601851851852
6 0.43515625 0.127314814815 0.0390625 0.0546296296296
6 0.472135416667 0.125925925926 0.0421875 0.0574074074074
6 0.511979166667 0.127314814815 0.0427083333333 0.0583333333333
6 0.41953125 0.248148148148 0.0411458333333 0.0648148148148
6 0.419010416667 0.305555555556 0.0432291666667 0.0518518518519
6 0.45703125 0.25 0.0359375 0.062962962963
6 0.462239583333 0.301388888889 0.0390625 0.0601851851852
6 0.500260416667 0.248611111111 0.0390625 0.0712962962963
6 0.50234375 0.307407407407 0.0390625 0.0537037037037
6 0.0346354166667 0.0842592592593 0.0369791666667 0.0518518518519
6 0.0705729166667 0.0805555555556 0.0328125 0.05
6 0.0364583333333 0.130092592593 0.034375 0.0416666666667
6 0.0682291666667 0.126388888889 0.034375 0.0490740740741
6 0.09609375 0.128240740741 0.0276041666667 0.10462962963
6 0.117447916667 0.125925925926 0.0223958333333 0.111111111111
6 0.13828125 0.125462962963 0.0265625 0.110185185185
6 0.157552083333 0.125 0.0286458333333 0.116666666667
6 0.18203125 0.124537037037 0.0317708333333 0.119444444444
6 0.2078125 0.126851851852 0.0302083333333 0.112962962963
6 0.84609375 0.0407407407407 0.0421875 0.0611111111111
6 0.8875 0.0375 0.0395833333333 0.0712962962963
6 0.888020833333 0.099537037037 0.040625 0.0601851851852
6 0.84296875 0.104166666667 0.0411458333333 0.0638888888889
6 0.226041666667 0.301388888889 0.0270833333333 0.102777777778
6 0.202604166667 0.299537037037 0.0239583333333 0.110185185185
6 0.184635416667 0.301851851852 0.0244791666667 0.107407407407
6 0.34921875 0.462962962963 0.0390625 0.0574074074074
6 0.385677083333 0.464814814815 0.0328125 0.0537037037037
6 0.423958333333 0.466203703704 0.0333333333333 0.0472222222222
6 0.351302083333 0.506018518519 0.0338541666667 0.0435185185185
6 0.386197916667 0.508333333333 0.0369791666667 0.037037037037
6 0.4234375 0.50462962963 0.0375 0.0444444444444
6 0.84453125 0.236574074074 0.0411458333333 0.0657407407407
6 0.882291666667 0.239814814815 0.0395833333333 0.0611111111111
6 0.81171875 0.236111111111 0.0411458333333 0.0611111111111
6 0.836197916667 0.297222222222 0.0442708333333 0.0648148148148
6 0.878385416667 0.298148148148 0.0494791666667 0.0611111111111
6 0.610416666667 0.420833333333 0.0385416666667 0.0787037037037
6 0.610677083333 0.497222222222 0.0348958333333 0.0666666666667
6 0.573177083333 0.426851851852 0.0380208333333 0.0722222222222
6 0.576822916667 0.493518518519 0.0390625 0.0722222222222
6 0.559895833333 0.623148148148 0.0364583333333 0.087037037037
6 0.597135416667 0.618055555556 0.0359375 0.0842592592593
6 0.634895833333 0.621296296296 0.0364583333333 0.0907407407407
6 0.636458333333 0.693055555556 0.0333333333333 0.0657407407407
6 0.599739583333 0.694907407407 0.0369791666667 0.0694444444444
6 0.563802083333 0.69212962963 0.0390625 0.0601851851852
6 0.456510416667 0.639351851852 0.0380208333333 0.0731481481481
6 0.46171875 0.699074074074 0.0369791666667 0.0537037037037
6 0.49765625 0.633796296296 0.0338541666667 0.0731481481481
6 0.524739583333 0.64212962963 0.0348958333333 0.0731481481481
6 0.524739583333 0.700462962963 0.0348958333333 0.0583333333333
6 0.496875 0.700925925926 0.0395833333333 0.0666666666667
1 0.973177083333 0.65 0.0348958333333 0.164814814815
1 0.817447916667 0.672222222222 0.0276041666667 0.111111111111
1 0.770052083333 0.615740740741 0.0244791666667 0.0888888888889
1 0.7953125 0.627314814815 0.0291666666667 0.100925925926
1 0.846354166667 0.668518518519 0.0270833333333 0.107407407407
1 0.871875 0.668518518519 0.0270833333333 0.107407407407
1 0.920572916667 0.0699074074074 0.0255208333333 0.108333333333
1 0.94453125 0.0726851851852 0.0286458333333 0.110185185185
1 0.972395833333 0.0671296296296 0.03125 0.102777777778
1 0.915364583333 0.258333333333 0.0286458333333 0.135185185185
1 0.946354166667 0.259722222222 0.034375 0.126851851852
1 0.9765625 0.255555555556 0.03125 0.12962962963
1 0.015625 0.643055555556 0.0322916666667 0.143518518519
1 0.0421875 0.640740740741 0.0354166666667 0.138888888889
1 0.07265625 0.642592592593 0.0359375 0.138888888889
1 0.102083333333 0.64537037037 0.0322916666667 0.142592592593
1 0.1328125 0.642592592593 0.034375 0.148148148148
1 0.166145833333 0.658333333333 0.0322916666667 0.105555555556
1 0.193489583333 0.640277777778 0.0296875 0.125
1 0.220572916667 0.635185185185 0.0296875 0.127777777778
1 0.24609375 0.634722222222 0.0307291666667 0.128703703704
6 0.46171875 0.440740740741 0.0338541666667 0.0592592592593
6 0.500260416667 0.498611111111 0.0338541666667 0.062037037037
6 0.535677083333 0.5 0.0359375 0.0611111111111
6 0.470052083333 0.494444444444 0.0369791666667 0.0611111111111
6 0.3546875 0.622222222222 0.0364583333333 0.0574074074074
6 0.353125 0.662037037037 0.0375 0.0462962962963
6 0.355208333333 0.694444444444 0.0354166666667 0.0444444444444
6 0.3921875 0.62037037037 0.0354166666667 0.0518518518519
6 0.427083333333 0.625 0.0333333333333 0.0592592592593
6 0.20546875 0.484259259259 0.0255208333333 0.0981481481481
6 0.242447916667 0.480555555556 0.0244791666667 0.1
6 0.165885416667 0.482407407407 0.0244791666667 0.103703703704
6 0.147395833333 0.47962962963 0.025 0.109259259259
6 0.1859375 0.481944444444 0.0239583333333 0.110185185185
6 0.12890625 0.482407407407 0.0223958333333 0.107407407407
6 0.450520833333 0.822685185185 0.0552083333333 0.0546296296296
6 0.44921875 0.864351851852 0.0526041666667 0.0416666666667
6 0.446875 0.904166666667 0.04375 0.0453703703704
6 0.390104166667 0.846759259259 0.0489583333333 0.0546296296296
6 0.392708333333 0.896296296296 0.0572916666667 0.0462962962963
6 0.309114583333 0.106481481481 0.0359375 0.0555555555556
6 0.271875 0.108333333333 0.0322916666667 0.0611111111111
6 0.903385416667 0.690277777778 0.0380208333333 0.087962962963
6 0.93671875 0.687962962963 0.0338541666667 0.087037037037
6 0.308854166667 0.156018518519 0.0364583333333 0.0472222222222
6 0.276822916667 0.153240740741 0.0369791666667 0.0546296296296
6 0.244791666667 0.106481481481 0.034375 0.0611111111111
6 0.25 0.158333333333 0.0375 0.0518518518519
6 0.0427083333333 0.289351851852 0.0375 0.0490740740741
1 0.541927083333 0.278703703704 0.0203125 0.1
1 0.561458333333 0.278703703704 0.0229166666667 0.0944444444444
1 0.54453125 0.0962962962963 0.0203125 0.0962962962963
1 0.565364583333 0.0972222222222 0.0223958333333 0.101851851852
1 0.586458333333 0.0925925925926 0.0208333333333 0.0925925925926
1 0.608854166667 0.0949074074074 0.021875 0.0935185185185
1 0.601302083333 0.276851851852 0.0234375 0.0925925925926
1 0.62109375 0.275 0.0223958333333 0.0907407407407
6 0.984114583333 0.465740740741 0.0307291666667 0.124074074074
6 0.9171875 0.460648148148 0.0291666666667 0.143518518519
6 0.944010416667 0.456944444444 0.0286458333333 0.136111111111
6 0.108854166667 0.260648148148 0.0416666666667 0.0435185185185
6 0.0697916666667 0.262962962963 0.034375 0.0444444444444
6 0.108854166667 0.299074074074 0.0395833333333 0.0425925925926
6 0.078125 0.334722222222 0.0395833333333 0.0361111111111
6 0.08984375 0.42962962963 0.0380208333333 0.0425925925926
6 0.0419270833333 0.472222222222 0.0338541666667 0.0444444444444
6 0.0716145833333 0.478240740741 0.0369791666667 0.0564814814815
6 0.104947916667 0.480555555556 0.0380208333333 0.0537037037037
