4 0.114351851852 0.102604166667 0.221296296296 0.128125
4 0.336574074074 0.100260416667 0.20462962963 0.144270833333
4 0.584259259259 0.0971354166667 0.216666666667 0.1578125
4 0.769444444444 0.144270833333 0.164814814815 0.0729166666667
4 0.926851851852 0.140625 0.144444444444 0.0854166666667
4 0.131481481481 0.28515625 0.22962962963 0.1171875
4 0.331481481481 0.287760416667 0.188888888889 0.109895833333
4 0.55462962963 0.29296875 0.22962962963 0.118229166667
4 0.77037037037 0.291927083333 0.187037037037 0.106770833333
4 0.9375 0.297135416667 0.123148148148 0.102604166667
4 0.0847222222222 0.44375 0.171296296296 0.1
4 0.238425925926 0.440885416667 0.163888888889 0.0921875
4 0.402314814815 0.439322916667 0.158333333333 0.0994791666667
4 0.533333333333 0.443229166667 0.144444444444 0.0947916666667
4 0.675462962963 0.442447916667 0.136111111111 0.0932291666667
4 0.819444444444 0.44453125 0.148148148148 0.0921875
4 0.939814814815 0.441927083333 0.114814814815 0.0921875
4 0.205092592593 0.584114583333 0.191666666667 0.0744791666667
4 0.0935185185185 0.5828125 0.111111111111 0.071875
4 0.412962962963 0.582291666667 0.153703703704 0.078125
4 0.556944444444 0.58125 0.14537037037 0.0729166666667
4 0.693981481481 0.578125 0.132407407407 0.0770833333333
4 0.834259259259 0.576302083333 0.140740740741 0.0734375
4 0.946296296296 0.57421875 0.105555555556 0.0703125
4 0.1 0.710416666667 0.17037037037 0.0697916666667
4 0.25 0.7109375 0.17037037037 0.0802083333333
4 0.391666666667 0.703645833333 0.15 0.078125
4 0.528240740741 0.7015625 0.134259259259 0.0802083333333
4 0.663888888889 0.7015625 0.125925925926 0.0802083333333
4 0.798148148148 0.69609375 0.137037037037 0.0765625
4 0.9125 0.689583333333 0.115740740741 0.0614583333333
4 0.0537037037037 0.8234375 0.109259259259 0.0677083333333
4 0.187037037037 0.823958333333 0.185185185185 0.0875
4 0.362037037037 0.830729166667 0.174074074074 0.1125
4 0.526851851852 0.827083333333 0.153703703704 0.105208333333
4 0.674537037037 0.813020833333 0.141666666667 0.0885416666667
4 0.824537037037 0.8109375 0.150925925926 0.096875
4 0.948148148148 0.80390625 0.101851851852 0.0869791666667
