4 0.0634259259259 0.0489583333333 0.128703703704 0.0989583333333
4 0.258333333333 0.05625 0.2 0.113541666667
4 0.454166666667 0.0640625 0.189814814815 0.121875
4 0.647685185185 0.0864583333333 0.19537037037 0.0885416666667
4 0.819907407407 0.101302083333 0.163888888889 0.0755208333333
4 0.948148148148 0.0736979166667 0.101851851852 0.1265625
4 0.0773148148148 0.228125 0.156481481481 0.155208333333
4 0.241203703704 0.23359375 0.178703703704 0.1609375
4 0.413888888889 0.239583333333 0.181481481481 0.152083333333
4 0.587962962963 0.245052083333 0.172222222222 0.1453125
4 0.724074074074 0.253125 0.153703703704 0.138541666667
4 0.888888888889 0.19140625 0.22037037037 0.0505208333333
4 0.864814814815 0.2640625 0.125925925926 0.103125
4 0.95787037037 0.26640625 0.0824074074074 0.102604166667
4 0.075 0.376041666667 0.151851851852 0.0572916666667
4 0.0759259259259 0.4515625 0.153703703704 0.104166666667
4 0.246759259259 0.43359375 0.173148148148 0.130729166667
4 0.412037037037 0.430729166667 0.172222222222 0.129166666667
4 0.92037037037 0.428645833333 0.142592592593 0.110416666667
4 0.0921296296296 0.614322916667 0.186111111111 0.0994791666667
4 0.270833333333 0.620572916667 0.136111111111 0.0901041666667
4 0.391666666667 0.6234375 0.111111111111 0.084375
4 0.562962962963 0.616927083333 0.137037037037 0.0828125
4 0.674074074074 0.616145833333 0.112962962963 0.0697916666667
4 0.745833333333 0.601302083333 0.117592592593 0.0848958333333
4 0.894444444444 0.597395833333 0.159259259259 0.114583333333
4 0.111111111111 0.789583333333 0.224074074074 0.096875
4 0.112962962963 0.72109375 0.227777777778 0.0432291666667
4 0.32962962963 0.74765625 0.214814814815 0.0994791666667
4 0.533333333333 0.742708333333 0.212962962963 0.0958333333333
4 0.725 0.732552083333 0.188888888889 0.0776041666667
4 0.122222222222 0.945052083333 0.185185185185 0.109895833333
4 0.322685185185 0.93359375 0.219444444444 0.1328125
4 0.525462962963 0.932552083333 0.199074074074 0.134895833333
4 0.736111111111 0.930208333333 0.205555555556 0.139583333333
4 0.909259259259 0.901041666667 0.17962962963 0.105208333333
4 0.80787037037 0.3984375 0.10462962963 0.0645833333333
4 0.698611111111 0.396614583333 0.128703703704 0.0567708333333
4 0.741203703704 0.461458333333 0.191666666667 0.08125
4 0.558796296296 0.436458333333 0.14537037037 0.121875
