1 0.0351851851852 0.136197916667 0.0722222222222 0.103645833333
1 0.0930555555556 0.138541666667 0.0842592592593 0.09375
1 0.158796296296 0.1390625 0.0768518518519 0.0927083333333
1 0.218518518519 0.140364583333 0.0648148148148 0.0880208333333
1 0.275925925926 0.1390625 0.0685185185185 0.0885416666667
1 0.32037037037 0.134114583333 0.05 0.100520833333
1 0.377777777778 0.129166666667 0.087037037037 0.105208333333
1 0.465277777778 0.129166666667 0.0805555555556 0.110416666667
1 0.533333333333 0.129166666667 0.0851851851852 0.110416666667
1 0.595833333333 0.131510416667 0.0787037037037 0.105729166667
1 0.651388888889 0.130208333333 0.0657407407407 0.103125
1 0.721759259259 0.133854166667 0.0787037037037 0.0989583333333
1 0.797685185185 0.134375 0.0787037037037 0.1
1 0.877777777778 0.127083333333 0.0907407407407 0.1125
1 0.0611111111111 0.519791666667 0.087037037037 0.141666666667
1 0.134722222222 0.523958333333 0.0787037037037 0.135416666667
1 0.194907407407 0.522916666667 0.0787037037037 0.144791666667
1 0.263425925926 0.5234375 0.0768518518519 0.14375
1 0.333333333333 0.525 0.0722222222222 0.144791666667
1 0.405555555556 0.520052083333 0.0722222222222 0.1390625
1 0.466203703704 0.5234375 0.0657407407407 0.141666666667
1 0.541666666667 0.523958333333 0.0888888888889 0.144791666667
1 0.65462962963 0.5421875 0.105555555556 0.0916666666667
1 0.699074074074 0.504427083333 0.0574074074074 0.1328125
1 0.751388888889 0.504947916667 0.0601851851852 0.1296875
1 0.806944444444 0.5046875 0.0638888888889 0.132291666667
1 0.868981481481 0.510677083333 0.0675925925926 0.136979166667
1 0.936574074074 0.511197916667 0.0768518518519 0.140104166667
1 0.976388888889 0.515885416667 0.0453703703704 0.1515625
1 0.200925925926 0.68984375 0.103703703704 0.136979166667
1 0.313425925926 0.68984375 0.0972222222222 0.1296875
1 0.37962962963 0.681510416667 0.0703703703704 0.1171875
1 0.44212962963 0.68671875 0.0861111111111 0.118229166667
1 0.506481481481 0.6859375 0.0814814814815 0.101041666667
1 0.576388888889 0.678385416667 0.0731481481481 0.0994791666667
1 0.692592592593 0.691666666667 0.0944444444444 0.1125
1 0.803703703704 0.685416666667 0.0907407407407 0.102083333333
1 0.889351851852 0.693489583333 0.0972222222222 0.106770833333
1 0.0444444444444 0.847395833333 0.0907407407407 0.11875
1 0.123611111111 0.8375 0.0972222222222 0.101041666667
1 0.22962962963 0.834114583333 0.103703703704 0.0942708333333
1 0.437037037037 0.875260416667 0.112962962963 0.1546875
