2 0.923958333333 0.05 0.08125 0.0907407407407
2 0.85 0.0449074074074 0.06875 0.0787037037037
2 0.773958333333 0.0458333333333 0.09375 0.0842592592593
2 0.6890625 0.0472222222222 0.0885416666667 0.0851851851852
2 0.621354166667 0.049537037037 0.0739583333333 0.087962962963
2 0.546875 0.049537037037 0.0875 0.0916666666667
2 0.466666666667 0.0449074074074 0.0770833333333 0.0824074074074
2 0.3875 0.0486111111111 0.0958333333333 0.0935185185185
2 0.3046875 0.0486111111111 0.071875 0.0787037037037
2 0.217708333333 0.0407407407407 0.0927083333333 0.0833333333333
2 0.13125 0.0458333333333 0.0864583333333 0.0935185185185
2 0.0479166666667 0.0398148148148 0.0927083333333 0.0814814814815
2 0.969270833333 0.140740740741 0.0583333333333 0.0796296296296
2 0.916666666667 0.144907407407 0.0729166666667 0.0861111111111
2 0.842708333333 0.138425925926 0.0833333333333 0.0916666666667
2 0.766145833333 0.135648148148 0.0697916666667 0.0861111111111
2 0.69375 0.146759259259 0.0854166666667 0.0972222222222
2 0.622916666667 0.145833333333 0.0770833333333 0.0805555555556
2 0.845833333333 0.249537037037 0.0635416666667 0.110185185185
2 0.765104166667 0.246759259259 0.0708333333333 0.0787037037037
2 0.6921875 0.252314814815 0.0645833333333 0.0787037037037
2 0.6171875 0.246759259259 0.0729166666667 0.0935185185185
2 0.544791666667 0.252314814815 0.078125 0.075
2 0.471875 0.25787037037 0.0677083333333 0.0824074074074
2 0.310416666667 0.256944444444 0.0885416666667 0.0842592592593
2 0.158854166667 0.256018518519 0.0916666666667 0.0824074074074
2 0.0588541666667 0.261111111111 0.104166666667 0.0944444444444
2 0.071875 0.362962962963 0.084375 0.105555555556
2 0.153645833333 0.352777777778 0.0770833333333 0.0888888888889
2 0.2328125 0.353703703704 0.0770833333333 0.087037037037
2 0.315625 0.352314814815 0.084375 0.0675925925926
2 0.393229166667 0.341666666667 0.08125 0.107407407407
2 0.467708333333 0.343981481481 0.0739583333333 0.0768518518519
2 0.544270833333 0.343055555556 0.075 0.0861111111111
2 0.617708333333 0.344907407407 0.0697916666667 0.0712962962963
2 0.6875 0.339351851852 0.0822916666667 0.0898148148148
2 0.7609375 0.33287037037 0.0875 0.087962962963
2 0.835416666667 0.348611111111 0.0802083333333 0.0675925925926
2 0.908854166667 0.331944444444 0.06875 0.0861111111111
2 0.911979166667 0.239351851852 0.06875 0.0824074074074
2 0.974479166667 0.241203703704 0.05 0.0861111111111
2 0.972395833333 0.338425925926 0.0541666666667 0.0768518518519
2 0.9546875 0.433796296296 0.08125 0.0787037037037
2 0.07265625 0.475462962963 0.0848958333333 0.0990740740741
2 0.0799479166667 0.562962962963 0.0817708333333 0.087037037037
2 0.155989583333 0.479166666667 0.0880208333333 0.102777777778
2 0.237760416667 0.467592592593 0.0796875 0.0777777777778
2 0.3171875 0.465277777778 0.08125 0.0898148148148
2 0.39375 0.466203703704 0.0802083333333 0.0768518518519
2 0.5421875 0.458333333333 0.0895833333333 0.0740740740741
2 0.688020833333 0.445833333333 0.0791666666667 0.0805555555556
2 0.817708333333 0.435648148148 0.103125 0.0824074074074
2 0.820833333333 0.515740740741 0.0885416666667 0.0888888888889
2 0.755208333333 0.51712962963 0.0510416666667 0.075
2 0.690104166667 0.527314814815 0.0645833333333 0.0805555555556
2 0.619270833333 0.526388888889 0.0708333333333 0.0787037037037
2 0.5484375 0.538425925926 0.08125 0.0916666666667
2 0.46875 0.542592592593 0.071875 0.0907407407407
2 0.396354166667 0.548611111111 0.0895833333333 0.0787037037037
2 0.3171875 0.553240740741 0.0875 0.0805555555556
2 0.2453125 0.552314814815 0.0833333333333 0.0712962962963
2 0.096875 0.693055555556 0.0864583333333 0.0953703703704
2 0.1 0.785185185185 0.0822916666667 0.0833333333333
2 0.172395833333 0.689351851852 0.0708333333333 0.0972222222222
2 0.175520833333 0.786574074074 0.0729166666667 0.087962962963
2 0.245833333333 0.690277777778 0.084375 0.112037037037
2 0.247395833333 0.781018518519 0.0833333333333 0.0657407407407
2 0.322916666667 0.680092592593 0.071875 0.0972222222222
2 0.325 0.775462962963 0.0697916666667 0.0842592592593
2 0.396354166667 0.671759259259 0.075 0.0990740740741
2 0.398958333333 0.771759259259 0.0760416666667 0.0768518518519
2 0.471354166667 0.677777777778 0.06875 0.101851851852
2 0.4734375 0.770833333333 0.0770833333333 0.0712962962963
2 0.539583333333 0.668055555556 0.0697916666667 0.0990740740741
2 0.541666666667 0.755092592593 0.065625 0.0731481481481
2 0.613541666667 0.664814814815 0.0822916666667 0.112962962963
2 0.6140625 0.758796296296 0.08125 0.087962962963
2 0.6890625 0.656944444444 0.0791666666667 0.102777777778
2 0.680729166667 0.755555555556 0.0666666666667 0.0833333333333
2 0.759895833333 0.647685185185 0.0708333333333 0.0916666666667
2 0.7515625 0.74537037037 0.0729166666667 0.0925925925926
2 0.820572916667 0.648148148148 0.0578125 0.101851851852
2 0.8171875 0.736574074074 0.0604166666667 0.0842592592593
2 0.888541666667 0.637962962963 0.084375 0.0962962962963
2 0.959114583333 0.634722222222 0.0640625 0.0916666666667
2 0.883333333333 0.730092592593 0.0802083333333 0.0861111111111
2 0.952083333333 0.71712962963 0.065625 0.0861111111111
2 0.76171875 0.868055555556 0.0765625 0.112037037037
2 0.68515625 0.878240740741 0.0755208333333 0.117592592593
2 0.678645833333 0.969444444444 0.0729166666667 0.0592592592593
2 0.821354166667 0.933333333333 0.075 0.112962962963
2 0.478125 0.92037037037 0.0677083333333 0.112962962963
2 0.4046875 0.89537037037 0.0729166666667 0.103703703704
2 0.331770833333 0.895833333333 0.0791666666667 0.106481481481
2 0.257291666667 0.90787037037 0.0802083333333 0.108333333333
2 0.1796875 0.91712962963 0.08125 0.0990740740741
2 0.10390625 0.932407407407 0.0786458333333 0.0740740740741
2 0.942708333333 0.860648148148 0.0427083333333 0.087962962963
2 0.59375 0.884259259259 0.0677083333333 0.0962962962963
2 0.534375 0.886111111111 0.0552083333333 0.0981481481481
2 0.403385416667 0.975 0.0776041666667 0.0481481481481
2 0.328385416667 0.972222222222 0.0776041666667 0.0537037037037
2 0.2515625 0.974074074074 0.0677083333333 0.05
2 0.0276041666667 0.781018518519 0.05625 0.106481481481
2 0.0291666666667 0.680555555556 0.059375 0.0888888888889
2 0.021875 0.558333333333 0.0447916666667 0.107407407407
2 0.0578125 0.128703703704 0.0916666666667 0.101851851852
2 0.142708333333 0.131481481481 0.0822916666667 0.0944444444444
2 0.221875 0.131018518519 0.0885416666667 0.0972222222222
2 0.30703125 0.131018518519 0.0911458333333 0.100925925926
2 0.38984375 0.135185185185 0.0828125 0.0833333333333
2 0.470833333333 0.12962962963 0.0729166666667 0.0925925925926
2 0.54921875 0.13287037037 0.0828125 0.0972222222222
2 0.8921875 0.506018518519 0.06875 0.0990740740741
2 0.957291666667 0.505555555556 0.0729166666667 0.0796296296296
2 0.977083333333 0.906481481481 0.0447916666667 0.1
2 0.981770833333 0.825 0.0364583333333 0.0703703703704
2 0.815104166667 0.842592592593 0.034375 0.0777777777778
2 0.236197916667 0.253703703704 0.0682291666667 0.0981481481481
2 0.39296875 0.250462962963 0.0776041666667 0.0787037037037
2 0.98125 0.0462962962963 0.0375 0.0925925925926
2 0.62109375 0.449074074074 0.0651041666667 0.0685185185185
2 0.46796875 0.456481481481 0.0651041666667 0.0777777777778
2 0.03359375 0.927314814815 0.0640625 0.102777777778
2 0.749739583333 0.960185185185 0.0661458333333 0.0722222222222
2 0.160416666667 0.564351851852 0.0833333333333 0.0657407407407
2 0.0145833333333 0.471296296296 0.0270833333333 0.0759259259259
2 0.0145833333333 0.347222222222 0.0302083333333 0.114814814815
