2 0.503703703704 0.116927083333 0.262962962963 0.1078125
2 0.267592592593 0.1140625 0.266666666667 0.10625
2 0.709259259259 0.202864583333 0.235185185185 0.113020833333
2 0.488425925926 0.216666666667 0.225 0.0854166666667
2 0.284722222222 0.219270833333 0.232407407407 0.090625
2 0.102777777778 0.334895833333 0.207407407407 0.0916666666667
2 0.309722222222 0.33125 0.237962962963 0.071875
2 0.678240740741 0.39375 0.191666666667 0.116666666667
2 0.900462962963 0.4015625 0.197222222222 0.09375
2 0.500925925926 0.397395833333 0.231481481481 0.0958333333333
2 0.308333333333 0.39921875 0.203703703704 0.0817708333333
2 0.107407407407 0.412760416667 0.203703703704 0.0786458333333
2 0.508796296296 0.516145833333 0.210185185185 0.0802083333333
2 0.30462962963 0.522135416667 0.198148148148 0.0890625
2 0.127314814815 0.525520833333 0.19537037037 0.0854166666667
2 0.134722222222 0.6046875 0.191666666667 0.0770833333333
2 0.326388888889 0.59609375 0.167592592593 0.0765625
2 0.510185185185 0.602083333333 0.207407407407 0.075
2 0.690740740741 0.60390625 0.185185185185 0.0817708333333
2 0.866666666667 0.595833333333 0.17962962963 0.0802083333333
2 0.883333333333 0.516927083333 0.188888888889 0.0786458333333
2 0.725925925926 0.700260416667 0.194444444444 0.0734375
2 0.54537037037 0.710677083333 0.216666666667 0.0734375
2 0.368055555556 0.711458333333 0.232407407407 0.0645833333333
2 0.165740740741 0.716666666667 0.222222222222 0.0677083333333
2 0.164351851852 0.781770833333 0.213888888889 0.0625
2 0.354166666667 0.78828125 0.202777777778 0.0692708333333
2 0.54212962963 0.781770833333 0.210185185185 0.0697916666667
2 0.69212962963 0.779947916667 0.206481481481 0.0557291666667
2 0.901851851852 0.76015625 0.175925925926 0.0994791666667
2 0.0763888888889 0.1234375 0.15462962963 0.0989583333333
2 0.0833333333333 0.221354166667 0.164814814815 0.0833333333333
2 0.906481481481 0.108333333333 0.185185185185 0.103125
2 0.90787037037 0.203385416667 0.182407407407 0.0911458333333
2 0.884259259259 0.315625 0.214814814815 0.078125
