4 0.099537037037 0.229947916667 0.200925925926 0.125520833333
4 0.374074074074 0.2484375 0.214814814815 0.123958333333
4 0.540740740741 0.255729166667 0.198148148148 0.121875
4 0.724074074074 0.25 0.196296296296 0.1375
4 0.899537037037 0.25625 0.199074074074 0.158333333333
4 0.0666666666667 0.3859375 0.135185185185 0.0822916666667
4 0.171759259259 0.396614583333 0.178703703704 0.0994791666667
4 0.306018518519 0.406770833333 0.197222222222 0.0979166666667
4 0.435185185185 0.397135416667 0.109259259259 0.159895833333
4 0.61712962963 0.428385416667 0.180555555556 0.133854166667
4 0.794907407407 0.43828125 0.232407407407 0.147395833333
4 0.938425925926 0.4609375 0.121296296296 0.126041666667
4 0.0634259259259 0.522916666667 0.128703703704 0.104166666667
4 0.290740740741 0.559114583333 0.185185185185 0.100520833333
4 0.416203703704 0.579947916667 0.193518518519 0.0848958333333
4 0.575 0.6078125 0.185185185185 0.105208333333
4 0.54212962963 0.530729166667 0.165740740741 0.0625
4 0.763425925926 0.605989583333 0.163888888889 0.125520833333
4 0.924537037037 0.66328125 0.149074074074 0.1015625
4 0.118981481481 0.68828125 0.162037037037 0.1140625
4 0.321759259259 0.72578125 0.165740740741 0.0786458333333
4 0.253703703704 0.690625 0.17037037037 0.0854166666667
4 0.589814814815 0.778385416667 0.17962962963 0.109895833333
4 0.501851851852 0.743229166667 0.216666666667 0.0802083333333
4 0.732407407407 0.77109375 0.233333333333 0.1765625
4 0.902314814815 0.798958333333 0.193518518519 0.161458333333
4 0.674074074074 0.909114583333 0.159259259259 0.152604166667
4 0.899537037037 0.952604166667 0.199074074074 0.0947916666667
4 0.347222222222 0.863802083333 0.161111111111 0.0817708333333
4 0.527314814815 0.8859375 0.165740740741 0.102083333333
4 0.24212962963 0.827604166667 0.147222222222 0.0854166666667
