1 0.0351851851852 0.15 0.0722222222222 0.09375
1 0.0939814814815 0.151822916667 0.075 0.0973958333333
1 0.183796296296 0.191666666667 0.0805555555556 0.140625
1 0.257407407407 0.19921875 0.0888888888889 0.1390625
1 0.323148148148 0.202083333333 0.0722222222222 0.135416666667
1 0.406018518519 0.218489583333 0.0601851851852 0.1078125
1 0.462037037037 0.229947916667 0.0703703703704 0.0963541666667
1 0.513425925926 0.2109375 0.0824074074074 0.132291666667
1 0.54212962963 0.214322916667 0.0787037037037 0.1109375
1 0.593981481481 0.215885416667 0.0787037037037 0.128645833333
1 0.674074074074 0.215364583333 0.087037037037 0.1296875
1 0.72962962963 0.21484375 0.0666666666667 0.124479166667
1 0.772685185185 0.222916666667 0.0824074074074 0.123958333333
1 0.89537037037 0.225260416667 0.0925925925926 0.1265625
1 0.961111111111 0.23046875 0.0759259259259 0.127604166667
1 0.0425925925926 0.291666666667 0.087037037037 0.0697916666667
1 0.122685185185 0.29296875 0.0787037037037 0.0651041666667
1 0.215277777778 0.38046875 0.0824074074074 0.1234375
1 0.318981481481 0.380989583333 0.0805555555556 0.1140625
1 0.399537037037 0.383854166667 0.0768518518519 0.119791666667
1 0.502777777778 0.377604166667 0.0759259259259 0.132291666667
1 0.55787037037 0.378645833333 0.0805555555556 0.14375
1 0.624074074074 0.377604166667 0.0722222222222 0.141666666667
1 0.687962962963 0.384114583333 0.0925925925926 0.1515625
1 0.737962962963 0.385677083333 0.0666666666667 0.141145833333
1 0.798611111111 0.388020833333 0.0805555555556 0.14375
1 0.869444444444 0.390104166667 0.0907407407407 0.132291666667
1 0.949074074074 0.391145833333 0.0888888888889 0.135416666667
1 0.0587962962963 0.60078125 0.0787037037037 0.0651041666667
1 0.116666666667 0.546614583333 0.0740740740741 0.0651041666667
1 0.120833333333 0.596354166667 0.075 0.0583333333333
1 0.191666666667 0.540104166667 0.0814814814815 0.116666666667
1 0.266666666667 0.550520833333 0.107407407407 0.121875
1 0.358333333333 0.555729166667 0.0851851851852 0.125
1 0.47037037037 0.537239583333 0.0833333333333 0.125520833333
1 0.518981481481 0.549479166667 0.0842592592593 0.13125
1 0.594907407407 0.548177083333 0.0805555555556 0.1359375
1 0.661574074074 0.549479166667 0.0787037037037 0.135416666667
1 0.712037037037 0.54453125 0.0685185185185 0.128645833333
1 0.769907407407 0.55 0.0731481481481 0.130208333333
1 0.855092592593 0.557552083333 0.0953703703704 0.130729166667
1 0.947685185185 0.5609375 0.0824074074074 0.135416666667
1 0.207407407407 0.692447916667 0.087037037037 0.108854166667
1 0.2625 0.691927083333 0.0657407407407 0.1078125
1 0.318518518519 0.6921875 0.0703703703704 0.104166666667
1 0.37962962963 0.691666666667 0.0703703703704 0.101041666667
1 0.434722222222 0.692708333333 0.0805555555556 0.101041666667
1 0.490277777778 0.705729166667 0.100925925926 0.114583333333
1 0.572222222222 0.687760416667 0.0722222222222 0.0786458333333
1 0.662037037037 0.70859375 0.0740740740741 0.127604166667
1 0.722685185185 0.702604166667 0.0768518518519 0.113541666667
1 0.797685185185 0.713802083333 0.075 0.119270833333
1 0.87037037037 0.7125 0.0722222222222 0.119791666667
1 0.952777777778 0.707552083333 0.0925925925926 0.0994791666667
1 0.973148148148 0.729947916667 0.0518518518519 0.0942708333333
1 0.262962962963 0.901302083333 0.114814814815 0.111979166667
1 0.473611111111 0.9046875 0.113888888889 0.1125
1 0.681018518519 0.907552083333 0.117592592593 0.116145833333
1 0.883796296296 0.9046875 0.0990740740741 0.114583333333
