4 0.0759259259259 0.115625 0.153703703704 0.144791666667
4 0.273148148148 0.131770833333 0.225925925926 0.147916666667
4 0.476388888889 0.127083333333 0.187962962963 0.136458333333
4 0.716666666667 0.121614583333 0.185185185185 0.144270833333
4 0.881944444444 0.127083333333 0.163888888889 0.14375
4 0.0814814814815 0.297916666667 0.164814814815 0.11875
4 0.277314814815 0.302604166667 0.208333333333 0.104166666667
4 0.461574074074 0.30078125 0.191666666667 0.0953125
4 0.6625 0.303385416667 0.191666666667 0.100520833333
4 0.841666666667 0.301041666667 0.185185185185 0.0979166666667
4 0.956944444444 0.298177083333 0.0842592592593 0.0942708333333
4 0.139814814815 0.474739583333 0.216666666667 0.0505208333333
4 0.0763888888889 0.449739583333 0.136111111111 0.0838541666667
4 0.24537037037 0.4640625 0.127777777778 0.0552083333333
4 0.393981481481 0.449739583333 0.175 0.0765625
4 0.560185185185 0.444791666667 0.155555555556 0.0791666666667
4 0.725 0.457552083333 0.211111111111 0.0494791666667
4 0.893981481481 0.4375 0.163888888889 0.0791666666667
4 0.1125 0.58828125 0.165740740741 0.0776041666667
4 0.263425925926 0.58125 0.150925925926 0.078125
4 0.406481481481 0.577604166667 0.137037037037 0.0760416666667
4 0.566666666667 0.572395833333 0.146296296296 0.0791666666667
4 0.719907407407 0.568229166667 0.156481481481 0.0729166666667
4 0.896296296296 0.561979166667 0.168518518519 0.078125
4 0.0347222222222 0.712239583333 0.0712962962963 0.0661458333333
4 0.125925925926 0.712239583333 0.142592592593 0.0755208333333
4 0.285648148148 0.70078125 0.14537037037 0.0723958333333
4 0.430092592593 0.697916666667 0.152777777778 0.0708333333333
4 0.574074074074 0.691927083333 0.148148148148 0.0682291666667
4 0.710648148148 0.68671875 0.163888888889 0.0692708333333
4 0.857407407407 0.680729166667 0.161111111111 0.0645833333333
4 0.961111111111 0.676041666667 0.0759259259259 0.071875
4 0.109722222222 0.841145833333 0.221296296296 0.0864583333333
4 0.281481481481 0.827083333333 0.157407407407 0.09375
4 0.423611111111 0.815104166667 0.119444444444 0.084375
4 0.528240740741 0.799739583333 0.10462962963 0.0671875
4 0.659722222222 0.797916666667 0.163888888889 0.0708333333333
4 0.819444444444 0.801302083333 0.153703703704 0.0921875
4 0.943981481481 0.79375 0.110185185185 0.0958333333333
