4 0.209722222222 0.053125 0.162037037037 0.107291666667
4 0.34212962963 0.053125 0.176851851852 0.107291666667
4 0.484722222222 0.0580729166667 0.178703703704 0.1171875
4 0.0592592592593 0.189322916667 0.12037037037 0.1421875
4 0.149537037037 0.2109375 0.176851851852 0.104166666667
4 0.293518518519 0.20078125 0.172222222222 0.143229166667
4 0.435185185185 0.196614583333 0.181481481481 0.166145833333
4 0.61712962963 0.219270833333 0.249074074074 0.161458333333
4 0.821296296296 0.22578125 0.212962962963 0.133854166667
4 0.930092592593 0.222395833333 0.137962962963 0.155208333333
4 0.103703703704 0.354947916667 0.209259259259 0.127604166667
4 0.236111111111 0.370052083333 0.211111111111 0.133854166667
4 0.377777777778 0.370572916667 0.211111111111 0.149479166667
4 0.560648148148 0.392447916667 0.237962962963 0.1484375
4 0.726388888889 0.4265625 0.208333333333 0.120833333333
4 0.913425925926 0.425520833333 0.171296296296 0.165625
4 0.0759259259259 0.527083333333 0.153703703704 0.08125
4 0.203703703704 0.538802083333 0.17037037037 0.0984375
4 0.350462962963 0.56328125 0.210185185185 0.1109375
4 0.496296296296 0.60390625 0.188888888889 0.116145833333
4 0.686111111111 0.626041666667 0.194444444444 0.121875
4 0.844907407407 0.64765625 0.162037037037 0.134895833333
4 0.0861111111111 0.629166666667 0.155555555556 0.129166666667
4 0.2375 0.659895833333 0.191666666667 0.132291666667
4 0.349537037037 0.692447916667 0.119444444444 0.150520833333
4 0.440740740741 0.71875 0.111111111111 0.105208333333
4 0.553703703704 0.744791666667 0.142592592593 0.110416666667
4 0.673148148148 0.788802083333 0.157407407407 0.109895833333
4 0.827314814815 0.811979166667 0.162037037037 0.113541666667
4 0.946296296296 0.829427083333 0.105555555556 0.1265625
4 0.0833333333333 0.782552083333 0.168518518519 0.1109375
4 0.209722222222 0.794270833333 0.115740740741 0.122916666667
4 0.351851851852 0.821614583333 0.2 0.136979166667
4 0.412962962963 0.876822916667 0.144444444444 0.0911458333333
4 0.547222222222 0.922395833333 0.12962962963 0.0958333333333
4 0.663888888889 0.9390625 0.138888888889 0.0864583333333
4 0.82037037037 0.960416666667 0.151851851852 0.0791666666667
4 0.922685185185 0.974739583333 0.152777777778 0.0505208333333
