4 0.218055555556 0.0640625 0.19537037037 0.0791666666667
4 0.405555555556 0.104427083333 0.181481481481 0.0578125
4 0.575925925926 0.105729166667 0.183333333333 0.0625
4 0.74212962963 0.10859375 0.176851851852 0.0588541666667
4 0.926851851852 0.11328125 0.144444444444 0.0515625
4 0.0856481481481 0.26875 0.173148148148 0.0625
4 0.0837962962963 0.211979166667 0.167592592593 0.0614583333333
4 0.268981481481 0.230729166667 0.234259259259 0.0364583333333
4 0.277314814815 0.274479166667 0.234259259259 0.0625
4 0.46712962963 0.238802083333 0.134259259259 0.1265625
4 0.602314814815 0.240104166667 0.137962962963 0.129166666667
4 0.727777777778 0.243489583333 0.140740740741 0.1265625
4 0.856018518519 0.2453125 0.150925925926 0.128125
4 0.958796296296 0.25078125 0.0805555555556 0.1265625
4 0.0981481481481 0.392447916667 0.198148148148 0.141145833333
4 0.287962962963 0.397916666667 0.216666666667 0.130208333333
4 0.450925925926 0.389583333333 0.166666666667 0.10625
4 0.593518518519 0.402604166667 0.155555555556 0.113541666667
4 0.734722222222 0.4015625 0.136111111111 0.128125
4 0.861574074074 0.399739583333 0.132407407407 0.115104166667
4 0.0486111111111 0.5421875 0.0990740740741 0.0989583333333
4 0.1375 0.54765625 0.119444444444 0.0994791666667
4 0.26712962963 0.547916666667 0.149074074074 0.10625
4 0.401388888889 0.54765625 0.087962962963 0.108854166667
4 0.496296296296 0.555729166667 0.12962962963 0.105208333333
4 0.605555555556 0.553645833333 0.107407407407 0.104166666667
4 0.725925925926 0.561979166667 0.127777777778 0.113541666667
4 0.851851851852 0.562239583333 0.138888888889 0.106770833333
4 0.956481481481 0.565104166667 0.0851851851852 0.1125
4 0.037037037037 0.703125 0.0759259259259 0.0770833333333
4 0.124074074074 0.678645833333 0.151851851852 0.0895833333333
4 0.200462962963 0.697395833333 0.125 0.105208333333
4 0.320833333333 0.7 0.160185185185 0.104166666667
4 0.491203703704 0.694791666667 0.115740740741 0.114583333333
4 0.624537037037 0.702083333333 0.14537037037 0.119791666667
4 0.764351851852 0.706770833333 0.136111111111 0.105208333333
4 0.921759259259 0.709114583333 0.15462962963 0.111979166667
4 0.0388888888889 0.86640625 0.0796296296296 0.1078125
4 0.166666666667 0.859895833333 0.155555555556 0.130208333333
4 0.325 0.854427083333 0.172222222222 0.1359375
4 0.457407407407 0.85546875 0.107407407407 0.141145833333
4 0.567592592593 0.854427083333 0.127777777778 0.143229166667
4 0.674074074074 0.854947916667 0.122222222222 0.140104166667
4 0.803240740741 0.86640625 0.113888888889 0.143229166667
4 0.921759259259 0.870572916667 0.121296296296 0.156770833333
