1 0.0333333333333 0.0940104166667 0.0685185185185 0.1046875
1 0.0875 0.0864583333333 0.0824074074074 0.119791666667
1 0.146296296296 0.0817708333333 0.0851851851852 0.108333333333
1 0.210185185185 0.0799479166667 0.0685185185185 0.1046875
1 0.259722222222 0.0822916666667 0.0601851851852 0.109375
1 0.311111111111 0.0778645833333 0.0685185185185 0.116145833333
1 0.371759259259 0.0783854166667 0.0787037037037 0.119270833333
1 0.438888888889 0.0739583333333 0.0722222222222 0.114583333333
1 0.502777777778 0.071875 0.0888888888889 0.115625
1 0.693055555556 0.0736979166667 0.0787037037037 0.100520833333
1 0.75 0.07265625 0.0703703703704 0.0984375
1 0.813888888889 0.0708333333333 0.0703703703704 0.102083333333
1 0.863425925926 0.06953125 0.0657407407407 0.0953125
1 0.924537037037 0.0661458333333 0.0842592592593 0.104166666667
1 0.977777777778 0.0627604166667 0.0425925925926 0.106770833333
1 0.0560185185185 0.312760416667 0.113888888889 0.1640625
1 0.14537037037 0.314322916667 0.137037037037 0.1609375
1 0.281481481481 0.30859375 0.107407407407 0.1609375
1 0.372685185185 0.309114583333 0.100925925926 0.161979166667
1 0.453703703704 0.305729166667 0.0907407407407 0.160416666667
1 0.531944444444 0.306770833333 0.0953703703704 0.166666666667
1 0.6125 0.301041666667 0.0824074074074 0.1625
1 0.690740740741 0.3015625 0.0944444444444 0.163541666667
1 0.776851851852 0.306770833333 0.0907407407407 0.164583333333
1 0.860648148148 0.308854166667 0.108333333333 0.167708333333
1 0.965277777778 0.305729166667 0.0675925925926 0.160416666667
1 0.0722222222222 0.559375 0.146296296296 0.155208333333
1 0.193981481481 0.562760416667 0.137962962963 0.161979166667
1 0.299537037037 0.550520833333 0.0990740740741 0.142708333333
1 0.376851851852 0.5640625 0.112962962963 0.145833333333
1 0.439351851852 0.54609375 0.0787037037037 0.138020833333
1 0.506481481481 0.563541666667 0.0925925925926 0.144791666667
1 0.578703703704 0.5609375 0.0925925925926 0.140625
1 0.663888888889 0.562239583333 0.0944444444444 0.140104166667
1 0.746296296296 0.559635416667 0.0740740740741 0.140104166667
1 0.815277777778 0.559114583333 0.0842592592593 0.1484375
1 0.893981481481 0.542447916667 0.0787037037037 0.138020833333
1 0.972222222222 0.528645833333 0.0537037037037 0.123958333333
1 0.0425925925926 0.74140625 0.087037037037 0.130729166667
1 0.112962962963 0.758333333333 0.148148148148 0.157291666667
1 0.22962962963 0.755989583333 0.144444444444 0.150520833333
1 0.349074074074 0.7375 0.12037037037 0.120833333333
1 0.447222222222 0.720572916667 0.109259259259 0.0984375
1 0.533333333333 0.734114583333 0.105555555556 0.122395833333
1 0.625 0.7328125 0.103703703704 0.122916666667
1 0.72037037037 0.742447916667 0.112962962963 0.138020833333
1 0.809259259259 0.75546875 0.116666666667 0.1609375
1 0.976388888889 0.733333333333 0.0453703703704 0.123958333333
1 0.0930555555556 0.94375 0.158333333333 0.111458333333
1 0.160648148148 0.93125 0.130555555556 0.126041666667
1 0.369907407407 0.943489583333 0.0787037037037 0.0744791666667
1 0.45462962963 0.944791666667 0.0888888888889 0.0697916666667
1 0.533333333333 0.950520833333 0.0759259259259 0.08125
1 0.6125 0.948697916667 0.0953703703704 0.0734375
1 0.696759259259 0.953385416667 0.0824074074074 0.0682291666667
1 0.775 0.964583333333 0.1 0.0697916666667
1 0.922222222222 0.92578125 0.116666666667 0.109895833333
1 0.969444444444 0.947135416667 0.0592592592593 0.1046875
1 0.315277777778 0.905208333333 0.117592592593 0.08125
