1 0.0393518518519 0.2375 0.0805555555556 0.1
1 0.192592592593 0.236979166667 0.0944444444444 0.103125
1 0.281481481481 0.23984375 0.0907407407407 0.0994791666667
1 0.365740740741 0.242708333333 0.0907407407407 0.103125
1 0.547685185185 0.25078125 0.0935185185185 0.0848958333333
1 0.625925925926 0.252604166667 0.0888888888889 0.08125
1 0.702314814815 0.254166666667 0.0805555555556 0.0802083333333
1 0.769907407407 0.258072916667 0.0768518518519 0.0765625
1 0.840740740741 0.258072916667 0.0907407407407 0.0765625
1 0.89212962963 0.182291666667 0.0824074074074 0.0802083333333
1 0.958333333333 0.184375 0.0814814814815 0.0854166666667
1 0.909722222222 0.261197916667 0.0768518518519 0.0755208333333
1 0.966203703704 0.263020833333 0.0657407407407 0.0791666666667
1 0.0384259259259 0.394270833333 0.0787037037037 0.140625
1 0.101388888889 0.394270833333 0.0768518518519 0.135416666667
1 0.165740740741 0.394270833333 0.0703703703704 0.135416666667
1 0.22962962963 0.395572916667 0.087037037037 0.138020833333
1 0.294907407407 0.399479166667 0.0972222222222 0.139583333333
1 0.361574074074 0.401822916667 0.0787037037037 0.1390625
1 0.446759259259 0.406510416667 0.110185185185 0.1484375
1 0.605092592593 0.3734375 0.0768518518519 0.078125
1 0.599074074074 0.4453125 0.0685185185185 0.06875
1 0.812037037037 0.450520833333 0.0703703703704 0.0697916666667
1 0.946759259259 0.420833333333 0.0972222222222 0.140625
1 0.0208333333333 0.596614583333 0.0435185185185 0.128645833333
1 0.0662037037037 0.59609375 0.0842592592593 0.1296875
1 0.147222222222 0.588802083333 0.0740740740741 0.1171875
1 0.192592592593 0.595572916667 0.0703703703704 0.1265625
1 0.246296296296 0.603645833333 0.0703703703704 0.133333333333
1 0.310185185185 0.599739583333 0.0740740740741 0.1296875
1 0.371759259259 0.603125 0.075 0.130208333333
1 0.441666666667 0.60390625 0.0907407407407 0.1265625
1 0.502777777778 0.574739583333 0.0888888888889 0.128645833333
1 0.588888888889 0.577604166667 0.0851851851852 0.132291666667
1 0.691666666667 0.577864583333 0.0888888888889 0.1296875
1 0.762037037037 0.586458333333 0.0888888888889 0.140625
1 0.922222222222 0.589322916667 0.101851851852 0.125520833333
1 0.973148148148 0.588020833333 0.0518518518519 0.132291666667
1 0.0310185185185 0.767447916667 0.0638888888889 0.127604166667
1 0.0930555555556 0.769270833333 0.0842592592593 0.129166666667
1 0.14212962963 0.769791666667 0.0805555555556 0.122916666667
1 0.206018518519 0.770833333333 0.0768518518519 0.122916666667
1 0.264814814815 0.772916666667 0.0944444444444 0.123958333333
1 0.328703703704 0.77578125 0.0814814814815 0.1203125
1 0.393981481481 0.776822916667 0.0787037037037 0.125520833333
1 0.471759259259 0.745052083333 0.100925925926 0.138020833333
1 0.607407407407 0.7484375 0.0925925925926 0.116666666667
1 0.683333333333 0.75078125 0.0888888888889 0.124479166667
1 0.758333333333 0.76015625 0.0907407407407 0.1265625
1 0.82962962963 0.762239583333 0.0888888888889 0.128645833333
1 0.90787037037 0.774479166667 0.0972222222222 0.122916666667
1 0.962962962963 0.75546875 0.0722222222222 0.1265625
1 0.0157407407407 0.933072916667 0.0333333333333 0.1203125
1 0.0527777777778 0.929427083333 0.062962962963 0.116145833333
1 0.106481481481 0.933072916667 0.0740740740741 0.116145833333
1 0.16712962963 0.929427083333 0.0768518518519 0.116145833333
1 0.214351851852 0.936197916667 0.0638888888889 0.119270833333
1 0.269444444444 0.9390625 0.0740740740741 0.120833333333
1 0.329166666667 0.94140625 0.0805555555556 0.116145833333
1 0.400462962963 0.940104166667 0.0787037037037 0.11875
1 0.502314814815 0.92109375 0.10462962963 0.156770833333
1 0.588888888889 0.926302083333 0.105555555556 0.146354166667
1 0.678240740741 0.928645833333 0.115740740741 0.141666666667
1 0.775 0.930989583333 0.107407407407 0.136979166667
1 0.857407407407 0.933854166667 0.124074074074 0.13125
1 0.946759259259 0.929166666667 0.10462962963 0.140625
