6 0.0153645833333 0.480555555556 0.0317708333333 0.0592592592593
6 0.0447916666667 0.482407407407 0.03125 0.0555555555556
6 0.01640625 0.526851851852 0.0338541666667 0.0481481481481
6 0.0481770833333 0.52962962963 0.0348958333333 0.05
6 0.07578125 0.458796296296 0.0390625 0.0768518518519
6 0.110416666667 0.460185185185 0.0354166666667 0.0740740740741
6 0.147135416667 0.442592592593 0.0328125 0.0703703703704
6 0.0791666666667 0.525462962963 0.0385416666667 0.062037037037
6 0.111979166667 0.525 0.0364583333333 0.0648148148148
6 0.03828125 0.659722222222 0.0380208333333 0.0675925925926
6 0.0419270833333 0.714351851852 0.0390625 0.0546296296296
6 0.06875 0.642592592593 0.0385416666667 0.0777777777778
6 0.103125 0.640740740741 0.0375 0.0759259259259
6 0.13359375 0.643981481481 0.0421875 0.0787037037037
6 0.07734375 0.708796296296 0.0348958333333 0.0694444444444
6 0.109114583333 0.706944444444 0.0390625 0.0694444444444
6 0.141927083333 0.705092592593 0.0401041666667 0.0768518518519
6 0.364322916667 0.714351851852 0.0286458333333 0.0694444444444
6 0.396354166667 0.716203703704 0.034375 0.0768518518519
6 0.50078125 0.91712962963 0.0515625 0.0601851851852
6 0.609895833333 0.84212962963 0.046875 0.0527777777778
6 0.668229166667 0.942592592593 0.0572916666667 0.0518518518519
6 0.495833333333 0.955092592593 0.059375 0.0472222222222
6 0.29375 0.29537037037 0.0427083333333 0.0648148148148
6 0.331770833333 0.293518518519 0.0375 0.0685185185185
6 0.297395833333 0.35 0.0385416666667 0.062962962963
6 0.333072916667 0.350925925926 0.0380208333333 0.0574074074074
6 0.2875 0.113425925926 0.0395833333333 0.062037037037
6 0.32421875 0.114814814815 0.0390625 0.0666666666667
6 0.28984375 0.168055555556 0.0369791666667 0.0601851851852
1 0.324739583333 0.166203703704 0.0369791666667 0.0546296296296
1 0.0299479166667 0.153240740741 0.0234375 0.0916666666667
1 0.0497395833333 0.15462962963 0.0234375 0.0944444444444
1 0.0716145833333 0.152314814815 0.0213541666667 0.0990740740741
1 0.0921875 0.151851851852 0.025 0.0944444444444
1 0.11328125 0.15462962963 0.0203125 0.087037037037
1 0.04453125 0.324074074074 0.0234375 0.0944444444444
1 0.06484375 0.322685185185 0.0265625 0.0953703703704
1 0.0989583333333 0.323148148148 0.0197916666667 0.0962962962963
1 0.120833333333 0.323148148148 0.0229166666667 0.0925925925926
1 0.140625 0.318055555556 0.0260416666667 0.0990740740741
1 0.351041666667 0.144444444444 0.0239583333333 0.103703703704
1 0.372395833333 0.146296296296 0.025 0.1
1 0.391666666667 0.143518518519 0.0239583333333 0.0981481481481
1 0.4140625 0.143981481481 0.028125 0.102777777778
1 0.436979166667 0.142592592593 0.0260416666667 0.0981481481481
1 0.458854166667 0.144907407407 0.0229166666667 0.0972222222222
1 0.48046875 0.142592592593 0.0255208333333 0.1
1 0.500260416667 0.143981481481 0.0255208333333 0.0990740740741
1 0.6390625 0.134259259259 0.0229166666667 0.105555555556
1 0.661197916667 0.134259259259 0.0234375 0.109259259259
1 0.682291666667 0.13287037037 0.0260416666667 0.102777777778
1 0.702083333333 0.131018518519 0.021875 0.106481481481
1 0.723177083333 0.13287037037 0.0244791666667 0.108333333333
1 0.747135416667 0.132407407407 0.0296875 0.109259259259
1 0.770833333333 0.134722222222 0.01875 0.113888888889
1 0.79765625 0.127314814815 0.0255208333333 0.113888888889
1 0.8375 0.126388888889 0.0291666666667 0.113888888889
1 0.866927083333 0.124537037037 0.0276041666667 0.119444444444
1 0.906510416667 0.122685185185 0.0348958333333 0.123148148148
1 0.941666666667 0.118981481481 0.0333333333333 0.128703703704
1 0.973958333333 0.120833333333 0.03125 0.121296296296
1 0.648177083333 0.324537037037 0.0244791666667 0.108333333333
1 0.672395833333 0.323611111111 0.0229166666667 0.106481481481
1 0.694791666667 0.322222222222 0.0239583333333 0.107407407407
1 0.715625 0.322222222222 0.0229166666667 0.107407407407
1 0.7390625 0.323611111111 0.0229166666667 0.106481481481
1 0.808072916667 0.302777777778 0.0276041666667 0.124074074074
1 0.8546875 0.281481481481 0.025 0.087037037037
1 0.883072916667 0.2875 0.0317708333333 0.0953703703704
1 0.940885416667 0.287962962963 0.0328125 0.1
1 0.807552083333 0.504166666667 0.0317708333333 0.115740740741
1 0.854947916667 0.507407407407 0.0234375 0.122222222222
1 0.8875 0.489814814815 0.0291666666667 0.0944444444444
1 0.932552083333 0.487037037037 0.0348958333333 0.1
1 0.961979166667 0.493981481481 0.0239583333333 0.0972222222222
1 0.73828125 0.525462962963 0.0234375 0.10462962963
1 0.715104166667 0.523611111111 0.0208333333333 0.106481481481
1 0.759895833333 0.727314814815 0.0270833333333 0.113888888889
1 0.78828125 0.725 0.0276041666667 0.12037037037
1 0.829427083333 0.728703703704 0.0307291666667 0.118518518519
1 0.871614583333 0.726388888889 0.0265625 0.123148148148
1 0.917708333333 0.725 0.0375 0.131481481481
1 0.94765625 0.735648148148 0.0286458333333 0.128703703704
1 0.976302083333 0.759259259259 0.0463541666667 0.062962962963
1 0.884895833333 0.945833333333 0.0447916666667 0.106481481481
1 0.926041666667 0.947222222222 0.0385416666667 0.103703703704
1 0.972135416667 0.959259259259 0.0546875 0.0796296296296
1 0.36171875 0.318981481481 0.0276041666667 0.119444444444
1 0.385416666667 0.32037037037 0.0291666666667 0.116666666667
1 0.410677083333 0.318055555556 0.0286458333333 0.117592592593
1 0.4390625 0.318518518519 0.0260416666667 0.122222222222
1 0.464322916667 0.31712962963 0.0317708333333 0.123148148148
1 0.490364583333 0.317592592593 0.0286458333333 0.118518518519
1 0.369270833333 0.500462962963 0.0291666666667 0.126851851852
1 0.396614583333 0.499074074074 0.0307291666667 0.127777777778
1 0.42734375 0.506018518519 0.0265625 0.119444444444
1 0.45390625 0.507407407407 0.0296875 0.118518518519
1 0.479947916667 0.509259259259 0.0276041666667 0.12037037037
1 0.505989583333 0.5125 0.0307291666667 0.119444444444
1 0.533854166667 0.515277777778 0.0260416666667 0.119444444444
1 0.558854166667 0.514814814815 0.028125 0.124074074074
1 0.780729166667 0.47962962963 0.028125 0.0833333333333
1 0.292447916667 0.693981481481 0.0276041666667 0.10462962963
1 0.31640625 0.693981481481 0.0265625 0.106481481481
1 0.33828125 0.696759259259 0.0234375 0.110185185185
1 0.428385416667 0.67962962963 0.0369791666667 0.153703703704
1 0.5171875 0.68287037037 0.0322916666667 0.152777777778
1 0.55 0.686574074074 0.0333333333333 0.156481481481
1 0.582291666667 0.689351851852 0.0354166666667 0.15462962963
6 0.62265625 0.691203703704 0.0359375 0.156481481481
6 0.551822916667 0.960648148148 0.0505208333333 0.0509259259259
6 0.6109375 0.966666666667 0.059375 0.05
