4 0.162962962963 0.234635416667 0.17037037037 0.125520833333
4 0.311111111111 0.220572916667 0.17037037037 0.1421875
4 0.47962962963 0.23125 0.151851851852 0.1375
4 0.648611111111 0.19296875 0.163888888889 0.116145833333
4 0.875 0.189583333333 0.125925925926 0.10625
4 0.0550925925926 0.384114583333 0.112037037037 0.0953125
4 0.195833333333 0.404947916667 0.160185185185 0.118229166667
4 0.332407407407 0.386979166667 0.137037037037 0.113541666667
4 0.498611111111 0.388802083333 0.150925925926 0.109895833333
4 0.641203703704 0.42109375 0.165740740741 0.1359375
4 0.791666666667 0.397395833333 0.140740740741 0.129166666667
4 0.956481481481 0.395833333333 0.0851851851852 0.129166666667
4 0.957407407407 0.570052083333 0.0833333333333 0.124479166667
4 0.959722222222 0.726302083333 0.0787037037037 0.118229166667
4 0.951388888889 0.896354166667 0.0953703703704 0.13125
4 0.0833333333333 0.56328125 0.168518518519 0.1328125
4 0.32962962963 0.580729166667 0.142592592593 0.133333333333
4 0.498611111111 0.5890625 0.137962962963 0.15
4 0.0685185185185 0.765104166667 0.138888888889 0.153125
4 0.2375 0.759635416667 0.178703703704 0.156770833333
4 0.428703703704 0.741927083333 0.146296296296 0.1421875
4 0.585185185185 0.740625 0.185185185185 0.1375
4 0.682407407407 0.570572916667 0.138888888889 0.118229166667
4 0.812037037037 0.556770833333 0.138888888889 0.114583333333
4 0.718981481481 0.709635416667 0.134259259259 0.116145833333
4 0.839351851852 0.70859375 0.130555555556 0.116145833333
4 0.778240740741 0.843229166667 0.134259259259 0.111458333333
4 0.434722222222 0.8640625 0.147222222222 0.121875
4 0.282407407407 0.869270833333 0.138888888889 0.10625
4 0.0851851851852 0.912760416667 0.131481481481 0.111979166667
4 0.631018518519 0.908072916667 0.199074074074 0.0953125
