4 0.0759259259259 0.05625 0.153703703704 0.113541666667
4 0.286574074074 0.0609375 0.223148148148 0.0614583333333
4 0.478703703704 0.0854166666667 0.216666666667 0.0625
4 0.656018518519 0.08046875 0.20462962963 0.0651041666667
4 0.843518518519 0.0794270833333 0.194444444444 0.0598958333333
4 0.105555555556 0.202083333333 0.212962962963 0.0645833333333
4 0.119444444444 0.263802083333 0.240740740741 0.0651041666667
4 0.346296296296 0.220572916667 0.257407407407 0.0348958333333
4 0.35787037037 0.26640625 0.250925925926 0.0651041666667
4 0.562962962963 0.228645833333 0.140740740741 0.1375
4 0.705555555556 0.22578125 0.155555555556 0.1359375
4 0.846759259259 0.227604166667 0.128703703704 0.139583333333
4 0.95 0.229427083333 0.0981481481481 0.141145833333
4 0.15462962963 0.397135416667 0.233333333333 0.1484375
4 0.368518518519 0.396614583333 0.216666666667 0.144270833333
4 0.538888888889 0.39296875 0.159259259259 0.118229166667
4 0.684722222222 0.40078125 0.167592592593 0.119270833333
4 0.818055555556 0.397916666667 0.160185185185 0.11875
4 0.943981481481 0.394270833333 0.110185185185 0.122916666667
4 0.0726851851852 0.560416666667 0.147222222222 0.0979166666667
4 0.2 0.564583333333 0.151851851852 0.104166666667
4 0.34212962963 0.562239583333 0.150925925926 0.106770833333
4 0.483796296296 0.554427083333 0.100925925926 0.105729166667
4 0.589814814815 0.562760416667 0.125925925926 0.109895833333
4 0.702777777778 0.559375 0.127777777778 0.1125
4 0.836111111111 0.5609375 0.15 0.115625
4 0.948148148148 0.559895833333 0.101851851852 0.113541666667
4 0.0782407407407 0.72421875 0.158333333333 0.0755208333333
4 0.1875 0.694270833333 0.176851851852 0.0947916666667
4 0.280555555556 0.70859375 0.151851851852 0.1109375
4 0.400462962963 0.720572916667 0.162037037037 0.106770833333
4 0.5875 0.711979166667 0.134259259259 0.111458333333
4 0.721759259259 0.714322916667 0.152777777778 0.116145833333
4 0.868055555556 0.712239583333 0.132407407407 0.108854166667
4 0.0828703703704 0.897916666667 0.165740740741 0.11875
4 0.260648148148 0.88515625 0.165740740741 0.1171875
4 0.428703703704 0.88203125 0.175925925926 0.133854166667
4 0.560185185185 0.874739583333 0.12037037037 0.143229166667
4 0.67037037037 0.873958333333 0.155555555556 0.135416666667
4 0.778240740741 0.866145833333 0.163888888889 0.136458333333
4 0.923611111111 0.871614583333 0.134259259259 0.144270833333
