1 0.0509259259259 0.122135416667 0.0740740740741 0.1078125
1 0.119444444444 0.122135416667 0.0851851851852 0.105729166667
1 0.311111111111 0.128645833333 0.0685185185185 0.0927083333333
1 0.363425925926 0.130208333333 0.062037037037 0.0916666666667
1 0.416203703704 0.1328125 0.0638888888889 0.09375
1 0.464351851852 0.13203125 0.062037037037 0.0880208333333
1 0.510648148148 0.13046875 0.0731481481481 0.0963541666667
1 0.55787037037 0.129947916667 0.0675925925926 0.0953125
1 0.609259259259 0.127604166667 0.0555555555556 0.1
1 0.668055555556 0.123958333333 0.0824074074074 0.111458333333
1 0.772685185185 0.12578125 0.0953703703704 0.109895833333
1 0.856481481481 0.123958333333 0.0888888888889 0.109375
1 0.927314814815 0.131510416667 0.0916666666667 0.0942708333333
3 0.976851851852 0.13125 0.0444444444444 0.104166666667
1 0.0425925925926 0.328385416667 0.087037037037 0.149479166667
1 0.0976851851852 0.330208333333 0.0787037037037 0.153125
1 0.166666666667 0.330729166667 0.0888888888889 0.154166666667
1 0.226388888889 0.33125 0.0638888888889 0.145833333333
1 0.290740740741 0.338802083333 0.0888888888889 0.147395833333
1 0.369907407407 0.341927083333 0.0898148148148 0.150520833333
1 0.444907407407 0.346354166667 0.0972222222222 0.15
1 0.553703703704 0.3421875 0.0851851851852 0.152083333333
1 0.687962962963 0.339322916667 0.0888888888889 0.155729166667
1 0.786574074074 0.344010416667 0.108333333333 0.1640625
1 0.877314814815 0.34453125 0.10462962963 0.1609375
1 0.958333333333 0.345052083333 0.0814814814815 0.161979166667
1 0.0351851851852 0.565104166667 0.0722222222222 0.134375
1 0.13287037037 0.563802083333 0.0787037037037 0.131770833333
1 0.196759259259 0.56796875 0.075 0.1359375
1 0.273611111111 0.571875 0.0972222222222 0.130208333333
1 0.355555555556 0.571614583333 0.0907407407407 0.130729166667
1 0.422222222222 0.5765625 0.0888888888889 0.127083333333
1 0.499537037037 0.5640625 0.0861111111111 0.127083333333
1 0.566203703704 0.55234375 0.0601851851852 0.106770833333
1 0.622685185185 0.550520833333 0.0953703703704 0.1125
1 0.693518518519 0.573177083333 0.0925925925926 0.127604166667
1 0.774074074074 0.57421875 0.0925925925926 0.136979166667
1 0.863425925926 0.572135416667 0.0787037037037 0.1390625
1 0.935648148148 0.5765625 0.0787037037037 0.145833333333
1 0.969444444444 0.591145833333 0.0592592592593 0.144791666667
1 0.0435185185185 0.727083333333 0.0888888888889 0.117708333333
1 0.131944444444 0.715364583333 0.0768518518519 0.0994791666667
1 0.2125 0.727864583333 0.100925925926 0.119270833333
1 0.283333333333 0.7328125 0.0833333333333 0.120833333333
1 0.345833333333 0.741927083333 0.0972222222222 0.1390625
1 0.432407407407 0.75390625 0.0962962962963 0.150520833333
1 0.635185185185 0.74375 0.0944444444444 0.121875
1 0.767592592593 0.738541666667 0.0925925925926 0.102083333333
1 0.832407407407 0.740885416667 0.0703703703704 0.106770833333
1 0.912962962963 0.758854166667 0.103703703704 0.135416666667
1 0.0375 0.926302083333 0.0768518518519 0.0671875
1 0.101388888889 0.930208333333 0.0805555555556 0.06875
1 0.174074074074 0.934635416667 0.0833333333333 0.0755208333333
1 0.252314814815 0.936979166667 0.075 0.0729166666667
1 0.32037037037 0.947395833333 0.0833333333333 0.0708333333333
1 0.396759259259 0.95859375 0.0861111111111 0.0692708333333
1 0.563888888889 0.923958333333 0.105555555556 0.111458333333
1 0.617592592593 0.942708333333 0.0962962962963 0.113541666667
1 0.7 0.944270833333 0.109259259259 0.110416666667
1 0.772222222222 0.934895833333 0.0888888888889 0.114583333333
1 0.942592592593 0.941927083333 0.112962962963 0.115104166667
