0 0.678240740741 0.105989583333 0.141666666667 0.213020833333
0 0.541203703704 0.109895833333 0.14537037037 0.205208333333
0 0.402314814815 0.106510416667 0.163888888889 0.208854166667
0 0.247685185185 0.106510416667 0.158333333333 0.1984375
0 0.075 0.359895833333 0.118518518519 0.177083333333
0 0.196296296296 0.360416666667 0.133333333333 0.163541666667
0 0.312962962963 0.360416666667 0.112962962963 0.173958333333
0 0.443981481481 0.365364583333 0.128703703704 0.171354166667
0 0.57037037037 0.36953125 0.124074074074 0.1828125
0 0.676388888889 0.372916666667 0.141666666667 0.161458333333
0 0.798611111111 0.3625 0.130555555556 0.182291666667
0 0.926851851852 0.36796875 0.144444444444 0.178645833333
0 0.0407407407407 0.576041666667 0.0833333333333 0.147916666667
0 0.121296296296 0.587239583333 0.101851851852 0.128645833333
0 0.219907407407 0.576822916667 0.0953703703704 0.1359375
0 0.305092592593 0.585677083333 0.0990740740741 0.1390625
0 0.395833333333 0.58203125 0.102777777778 0.146354166667
0 0.497685185185 0.5796875 0.132407407407 0.147916666667
0 0.606944444444 0.58203125 0.117592592593 0.146354166667
0 0.712037037037 0.58125 0.12962962963 0.147916666667
0 0.813888888889 0.58828125 0.148148148148 0.141145833333
0 0.9375 0.591666666667 0.10462962963 0.151041666667
0 0.103240740741 0.0981770833333 0.187962962963 0.197395833333
0 0.832407407407 0.114322916667 0.140740740741 0.202604166667
0 0.946759259259 0.11328125 0.10462962963 0.211979166667
0 0.527777777778 0.773958333333 0.107407407407 0.05
0 0.505555555556 0.967447916667 0.0907407407407 0.0473958333333
0 0.962962962963 0.9671875 0.0722222222222 0.040625
