1 0.730092592593 0.0299479166667 0.106481481481 0.0609375
1 0.815277777778 0.0328125 0.0842592592593 0.0666666666667
1 0.887962962963 0.03515625 0.0907407407407 0.0713541666667
1 0.956018518519 0.034375 0.0787037037037 0.06875
1 0.0703703703704 0.07890625 0.105555555556 0.0901041666667
1 0.164814814815 0.0841145833333 0.0888888888889 0.0890625
1 0.239814814815 0.0828125 0.0907407407407 0.0895833333333
1 0.318055555556 0.0846354166667 0.102777777778 0.0973958333333
1 0.396296296296 0.0875 0.0833333333333 0.0916666666667
1 0.478703703704 0.08984375 0.0944444444444 0.100520833333
1 0.560185185185 0.104427083333 0.0722222222222 0.0744791666667
1 0.649537037037 0.09296875 0.102777777778 0.0973958333333
1 0.73287037037 0.09609375 0.0935185185185 0.0953125
1 0.817592592593 0.0973958333333 0.0888888888889 0.090625
1 0.900462962963 0.0997395833333 0.0787037037037 0.0994791666667
1 0.963888888889 0.104166666667 0.0703703703704 0.102083333333
1 0.0231481481481 0.2765625 0.0481481481481 0.122916666667
1 0.0740740740741 0.279166666667 0.0888888888889 0.122916666667
1 0.152314814815 0.282552083333 0.0972222222222 0.125520833333
1 0.229166666667 0.285677083333 0.0842592592593 0.130729166667
1 0.306944444444 0.2890625 0.0972222222222 0.13125
1 0.403703703704 0.290104166667 0.0925925925926 0.129166666667
1 0.476388888889 0.294270833333 0.0824074074074 0.125
1 0.55787037037 0.296614583333 0.0972222222222 0.127604166667
1 0.631018518519 0.297135416667 0.0990740740741 0.130729166667
1 0.736111111111 0.30390625 0.127777777778 0.1265625
1 0.831944444444 0.306770833333 0.117592592593 0.125
1 0.926851851852 0.3109375 0.107407407407 0.13125
1 0.0402777777778 0.453385416667 0.0824074074074 0.140104166667
1 0.107407407407 0.457291666667 0.0722222222222 0.134375
1 0.173148148148 0.458333333333 0.0888888888889 0.132291666667
1 0.282407407407 0.453385416667 0.0722222222222 0.1265625
1 0.359722222222 0.46484375 0.0787037037037 0.140104166667
1 0.429166666667 0.4671875 0.075 0.133333333333
1 0.496296296296 0.471875 0.0925925925926 0.140625
1 0.559259259259 0.4765625 0.0777777777778 0.135416666667
1 0.627777777778 0.475260416667 0.0851851851852 0.140104166667
1 0.688425925926 0.4828125 0.0824074074074 0.14375
1 0.755555555556 0.486979166667 0.101851851852 0.144791666667
1 0.825462962963 0.486197916667 0.0972222222222 0.146354166667
1 0.898148148148 0.488802083333 0.107407407407 0.1390625
1 0.95462962963 0.566666666667 0.0888888888889 0.0916666666667
1 0.937962962963 0.644270833333 0.107407407407 0.0822916666667
1 0.0569444444444 0.6140625 0.0953703703704 0.13125
1 0.116666666667 0.615885416667 0.0740740740741 0.125520833333
1 0.176388888889 0.624479166667 0.0787037037037 0.133333333333
1 0.237962962963 0.626302083333 0.0703703703704 0.1296875
1 0.3 0.628125 0.0703703703704 0.135416666667
1 0.359259259259 0.633854166667 0.0740740740741 0.123958333333
1 0.419907407407 0.633333333333 0.0805555555556 0.134375
1 0.47962962963 0.636197916667 0.0888888888889 0.128645833333
1 0.548611111111 0.643229166667 0.0861111111111 0.133333333333
1 0.618518518519 0.6453125 0.087037037037 0.133333333333
1 0.731944444444 0.65 0.0953703703704 0.13125
1 0.794444444444 0.65078125 0.0888888888889 0.127604166667
1 0.85787037037 0.656510416667 0.0824074074074 0.1296875
1 0.930555555556 0.7546875 0.105555555556 0.113541666667
1 0.0310185185185 0.773697916667 0.0638888888889 0.1171875
1 0.0856481481481 0.774479166667 0.0657407407407 0.109375
1 0.135185185185 0.778645833333 0.0666666666667 0.121875
1 0.186574074074 0.785677083333 0.0787037037037 0.1171875
1 0.24537037037 0.78828125 0.0722222222222 0.116145833333
1 0.298611111111 0.79296875 0.0638888888889 0.118229166667
1 0.359722222222 0.797135416667 0.0787037037037 0.119270833333
1 0.413888888889 0.798177083333 0.0592592592593 0.115104166667
1 0.46712962963 0.801822916667 0.0805555555556 0.119270833333
1 0.534259259259 0.805208333333 0.0777777777778 0.126041666667
1 0.583796296296 0.807552083333 0.0787037037037 0.119270833333
1 0.648148148148 0.8109375 0.0722222222222 0.119791666667
1 0.705092592593 0.814583333333 0.062037037037 0.116666666667
1 0.7625 0.816145833333 0.0583333333333 0.11875
1 0.827777777778 0.820572916667 0.0722222222222 0.118229166667
1 0.0666666666667 0.934375 0.0759259259259 0.122916666667
1 0.120833333333 0.929947916667 0.0657407407407 0.1078125
1 0.167592592593 0.934635416667 0.0703703703704 0.105729166667
1 0.218518518519 0.939322916667 0.0685185185185 0.105729166667
1 0.2625 0.944270833333 0.062037037037 0.110416666667
1 0.322222222222 0.94765625 0.0703703703704 0.103645833333
1 0.379166666667 0.951822916667 0.0601851851852 0.0953125
1 0.429166666667 0.95234375 0.075 0.0942708333333
