1 0.0375 0.151822916667 0.0768518518519 0.118229166667
1 0.106018518519 0.149479166667 0.0953703703704 0.113541666667
1 0.178240740741 0.145833333333 0.0787037037037 0.113541666667
1 0.248148148148 0.14609375 0.087037037037 0.1203125
1 0.318055555556 0.144270833333 0.0787037037037 0.116666666667
1 0.366666666667 0.148958333333 0.0592592592593 0.105208333333
1 0.422222222222 0.15078125 0.0648148148148 0.106770833333
1 0.485648148148 0.14765625 0.0805555555556 0.109895833333
1 0.594444444444 0.137239583333 0.0907407407407 0.119270833333
1 0.668055555556 0.136979166667 0.0824074074074 0.122916666667
1 0.741203703704 0.138541666667 0.0805555555556 0.123958333333
1 0.797685185185 0.147135416667 0.0583333333333 0.108854166667
1 0.855092592593 0.1484375 0.0657407407407 0.113541666667
1 0.0342592592593 0.537760416667 0.0703703703704 0.140104166667
1 0.0921296296296 0.527864583333 0.062037037037 0.1296875
1 0.178240740741 0.530989583333 0.0916666666667 0.1265625
1 0.296759259259 0.564322916667 0.0805555555556 0.1609375
1 0.239814814815 0.545833333333 0.0740740740741 0.152083333333
1 0.366203703704 0.564322916667 0.0805555555556 0.156770833333
1 0.422222222222 0.558072916667 0.0722222222222 0.150520833333
1 0.464351851852 0.564583333333 0.0824074074074 0.154166666667
1 0.525 0.560416666667 0.0685185185185 0.157291666667
1 0.589814814815 0.564322916667 0.0833333333333 0.156770833333
1 0.658796296296 0.573697916667 0.0805555555556 0.156770833333
1 0.731944444444 0.576041666667 0.0953703703704 0.161458333333
1 0.795833333333 0.569010416667 0.0583333333333 0.1421875
1 0.85 0.56328125 0.0648148148148 0.138020833333
1 0.0259259259259 0.72578125 0.0537037037037 0.1296875
1 0.106018518519 0.745052083333 0.0953703703704 0.147395833333
1 0.1875 0.736979166667 0.0972222222222 0.142708333333
1 0.248148148148 0.746875 0.0703703703704 0.132291666667
1 0.309722222222 0.75 0.0787037037037 0.134375
1 0.370833333333 0.752604166667 0.0768518518519 0.134375
1 0.441666666667 0.755989583333 0.1 0.146354166667
1 0.529166666667 0.763541666667 0.100925925926 0.152083333333
1 0.615740740741 0.761197916667 0.0888888888889 0.147395833333
1 0.697222222222 0.772135416667 0.0944444444444 0.150520833333
1 0.794444444444 0.773177083333 0.105555555556 0.1484375
1 0.0638888888889 0.913541666667 0.122222222222 0.14375
1 0.285648148148 0.902864583333 0.115740740741 0.0973958333333
1 0.49212962963 0.908854166667 0.110185185185 0.090625
1 0.602777777778 0.935416666667 0.125925925926 0.128125
1 0.716203703704 0.938541666667 0.113888888889 0.121875
1 0.847222222222 0.937760416667 0.127777777778 0.1234375
1 0.931481481481 0.933072916667 0.0907407407407 0.1140625
