4 0.111574074074 0.122916666667 0.223148148148 0.144791666667
4 0.325 0.121614583333 0.211111111111 0.1515625
4 0.523148148148 0.120052083333 0.207407407407 0.152604166667
4 0.7125 0.12578125 0.193518518519 0.152604166667
4 0.911111111111 0.11640625 0.175925925926 0.1578125
4 0.14212962963 0.298958333333 0.208333333333 0.104166666667
4 0.296759259259 0.289583333333 0.178703703704 0.102083333333
4 0.481481481481 0.29375 0.188888888889 0.105208333333
4 0.687962962963 0.296614583333 0.22037037037 0.106770833333
4 0.902314814815 0.294270833333 0.193518518519 0.102083333333
4 0.0462962962963 0.433072916667 0.0944444444444 0.0817708333333
4 0.176851851852 0.43125 0.138888888889 0.0854166666667
4 0.298611111111 0.43359375 0.149074074074 0.0869791666667
4 0.431018518519 0.434114583333 0.147222222222 0.0838541666667
4 0.549537037037 0.433333333333 0.117592592593 0.08125
4 0.658333333333 0.43125 0.127777777778 0.0822916666667
4 0.734722222222 0.451822916667 0.225 0.0505208333333
4 0.930092592593 0.4359375 0.137962962963 0.078125
4 0.0486111111111 0.560677083333 0.0990740740741 0.0755208333333
4 0.172685185185 0.5640625 0.160185185185 0.0791666666667
4 0.301851851852 0.565104166667 0.168518518519 0.08125
4 0.448148148148 0.561458333333 0.155555555556 0.0770833333333
4 0.57037037037 0.5625 0.142592592593 0.0791666666667
4 0.701851851852 0.56015625 0.142592592593 0.0765625
4 0.841666666667 0.562239583333 0.12962962963 0.0796875
4 0.956481481481 0.56015625 0.0851851851852 0.0744791666667
4 0.0685185185185 0.68125 0.138888888889 0.0729166666667
4 0.200925925926 0.684114583333 0.157407407407 0.0723958333333
4 0.330092592593 0.678645833333 0.149074074074 0.0708333333333
4 0.461574074074 0.674739583333 0.14537037037 0.0598958333333
4 0.574537037037 0.674479166667 0.117592592593 0.0697916666667
4 0.69537037037 0.680989583333 0.135185185185 0.0755208333333
4 0.82962962963 0.67578125 0.137037037037 0.0723958333333
4 0.952314814815 0.6734375 0.0935185185185 0.0697916666667
4 0.0814814814815 0.791927083333 0.164814814815 0.0776041666667
4 0.29212962963 0.79765625 0.306481481481 0.0828125
4 0.579166666667 0.799479166667 0.308333333333 0.0864583333333
4 0.801388888889 0.797395833333 0.134259259259 0.0958333333333
4 0.928240740741 0.794270833333 0.121296296296 0.0895833333333
