0 0.0527777777778 0.12109375 0.107407407407 0.181770833333
0 0.330555555556 0.12421875 0.140740740741 0.180729166667
0 0.446759259259 0.12578125 0.137962962963 0.181770833333
0 0.552777777778 0.126822916667 0.127777777778 0.1890625
0 0.668055555556 0.128645833333 0.128703703704 0.194791666667
0 0.807407407407 0.1328125 0.146296296296 0.190625
0 0.920833333333 0.13984375 0.156481481481 0.191145833333
0 0.0259259259259 0.32890625 0.0537037037037 0.134895833333
0 0.101851851852 0.33125 0.127777777778 0.134375
0 0.118518518519 0.521614583333 0.107407407407 0.138020833333
0 0.465277777778 0.36015625 0.134259259259 0.150520833333
0 0.678240740741 0.354166666667 0.132407407407 0.132291666667
0 0.85462962963 0.370052083333 0.125925925926 0.1421875
0 0.958796296296 0.579427083333 0.0805555555556 0.138020833333
0 0.797685185185 0.566145833333 0.115740740741 0.122916666667
0 0.680555555556 0.559635416667 0.127777777778 0.119270833333
0 0.535185185185 0.551041666667 0.109259259259 0.130208333333
0 0.353240740741 0.6953125 0.0787037037037 0.0802083333333
0 0.434259259259 0.695833333333 0.0925925925926 0.0697916666667
0 0.510648148148 0.704947916667 0.0972222222222 0.0651041666667
0 0.598148148148 0.713802083333 0.0944444444444 0.0640625
0 0.680092592593 0.71953125 0.0953703703704 0.0682291666667
0 0.770833333333 0.728645833333 0.0953703703704 0.059375
0 0.919907407407 0.755208333333 0.134259259259 0.103125
0 0.502314814815 0.909375 0.0842592592593 0.0572916666667
0 0.572222222222 0.915104166667 0.0888888888889 0.0520833333333
0 0.64212962963 0.916927083333 0.0805555555556 0.0536458333333
0 0.716203703704 0.927864583333 0.0935185185185 0.0526041666667
0 0.797685185185 0.933072916667 0.0787037037037 0.0484375
0 0.883796296296 0.9359375 0.0990740740741 0.059375
