1 0.76712962963 0.158072916667 0.102777777778 0.130729166667
1 0.636574074074 0.151822916667 0.108333333333 0.134895833333
1 0.566203703704 0.149479166667 0.0824074074074 0.1375
1 0.493055555556 0.145572916667 0.0990740740741 0.1515625
1 0.414351851852 0.144791666667 0.0768518518519 0.142708333333
1 0.344444444444 0.1484375 0.101851851852 0.139583333333
1 0.267592592593 0.151041666667 0.0740740740741 0.130208333333
1 0.206481481481 0.155208333333 0.0814814814815 0.107291666667
1 0.134259259259 0.155729166667 0.0777777777778 0.114583333333
1 0.0601851851852 0.155208333333 0.0703703703704 0.101041666667
1 0.83287037037 0.348958333333 0.0861111111111 0.15625
1 0.905092592593 0.353125 0.0712962962963 0.153125
1 0.709259259259 0.340885416667 0.111111111111 0.149479166667
1 0.598611111111 0.346875 0.106481481481 0.151041666667
1 0.469907407407 0.340885416667 0.113888888889 0.1359375
1 0.369444444444 0.334635416667 0.087037037037 0.1546875
1 0.278703703704 0.340104166667 0.0833333333333 0.147916666667
1 0.210648148148 0.341666666667 0.0824074074074 0.151041666667
1 0.135185185185 0.3375 0.087037037037 0.153125
1 0.0425925925926 0.544010416667 0.087037037037 0.1359375
1 0.272685185185 0.566927083333 0.106481481481 0.1359375
1 0.4 0.560677083333 0.101851851852 0.136979166667
1 0.500462962963 0.573697916667 0.0972222222222 0.1390625
1 0.6 0.579427083333 0.101851851852 0.152604166667
1 0.831018518519 0.5640625 0.0712962962963 0.1375
1 0.899074074074 0.55703125 0.0648148148148 0.130729166667
1 0.849537037037 0.746875 0.102777777778 0.153125
1 0.764814814815 0.7296875 0.0925925925926 0.121875
1 0.686111111111 0.731510416667 0.0962962962963 0.1390625
1 0.600925925926 0.745572916667 0.0925925925926 0.159895833333
1 0.518055555556 0.7203125 0.0861111111111 0.122916666667
1 0.35462962963 0.736197916667 0.122222222222 0.150520833333
1 0.44212962963 0.722916666667 0.0824074074074 0.135416666667
1 0.262962962963 0.7296875 0.101851851852 0.145833333333
1 0.17037037037 0.720833333333 0.101851851852 0.136458333333
1 0.0787037037037 0.7171875 0.0962962962963 0.11875
1 0.0518518518519 0.915625 0.105555555556 0.167708333333
1 0.167592592593 0.912239583333 0.0962962962963 0.174479166667
1 0.272685185185 0.915104166667 0.126851851852 0.16875
1 0.380555555556 0.917447916667 0.101851851852 0.1640625
1 0.476851851852 0.919270833333 0.0962962962963 0.160416666667
1 0.568518518519 0.919270833333 0.0962962962963 0.160416666667
1 0.659722222222 0.917447916667 0.0990740740741 0.1640625
1 0.826388888889 0.921875 0.149074074074 0.155208333333
1 0.912962962963 0.910416666667 0.0944444444444 0.121875
1 0.96712962963 0.91796875 0.0638888888889 0.1109375
1 0.0282407407407 0.72578125 0.0583333333333 0.127604166667
1 0.9375 0.725260416667 0.0824074074074 0.105729166667
1 0.119907407407 0.549479166667 0.0805555555556 0.135416666667
1 0.176388888889 0.553125 0.0787037037037 0.126041666667
1 0.685648148148 0.565625 0.0768518518519 0.13125
1 0.962037037037 0.573177083333 0.0740740740741 0.131770833333
1 0.962037037037 0.34921875 0.0740740740741 0.149479166667
1 0.0282407407407 0.336979166667 0.0583333333333 0.136458333333
1 0.0773148148148 0.336458333333 0.0657407407407 0.135416666667
1 0.0231481481481 0.16171875 0.0481481481481 0.1078125
1 0.703240740741 0.16484375 0.0527777777778 0.108854166667
1 0.875925925926 0.178385416667 0.107407407407 0.0786458333333
