1 0.37962962963 0.193489583333 0.124074074074 0.222395833333
1 0.261574074074 0.193489583333 0.128703703704 0.222395833333
1 0.153703703704 0.195052083333 0.111111111111 0.2296875
1 0.049537037037 0.199739583333 0.100925925926 0.258854166667
1 0.504166666667 0.2140625 0.126851851852 0.215625
1 0.603703703704 0.212760416667 0.12037037037 0.209895833333
1 0.709722222222 0.220833333333 0.143518518519 0.207291666667
1 0.823148148148 0.221614583333 0.140740740741 0.208854166667
1 0.936111111111 0.222916666667 0.125925925926 0.201041666667
1 0.909259259259 0.469270833333 0.131481481481 0.170833333333
1 0.811111111111 0.470572916667 0.124074074074 0.1765625
1 0.701388888889 0.469270833333 0.121296296296 0.177083333333
1 0.596296296296 0.467447916667 0.12037037037 0.180729166667
1 0.486574074074 0.46484375 0.117592592593 0.1828125
1 0.386574074074 0.43984375 0.139814814815 0.191145833333
1 0.250925925926 0.430989583333 0.133333333333 0.1984375
1 0.181481481481 0.429427083333 0.142592592593 0.1984375
1 0.0625 0.427083333333 0.126851851852 0.192708333333
1 0.0671296296296 0.632552083333 0.136111111111 0.1703125
1 0.181481481481 0.658072916667 0.142592592593 0.169270833333
1 0.361574074074 0.661197916667 0.0972222222222 0.1796875
1 0.474537037037 0.671354166667 0.117592592593 0.175
1 0.899074074074 0.896354166667 0.0962962962963 0.135416666667
1 0.814814814815 0.8875 0.0981481481481 0.148958333333
1 0.724537037037 0.88515625 0.10462962963 0.1515625
1 0.625462962963 0.873697916667 0.117592592593 0.159895833333
1 0.516203703704 0.866145833333 0.121296296296 0.1375
1 0.280092592593 0.85625 0.136111111111 0.153125
1 0.164351851852 0.844270833333 0.126851851852 0.160416666667
1 0.281481481481 0.6546875 0.127777777778 0.158333333333
1 0.577314814815 0.68359375 0.115740740741 0.1609375
1 0.674074074074 0.688802083333 0.124074074074 0.159895833333
1 0.777314814815 0.6921875 0.132407407407 0.1625
1 0.881944444444 0.69453125 0.139814814815 0.169270833333
1 0.958796296296 0.7015625 0.0805555555556 0.16875
1 0.0560185185185 0.837239583333 0.113888888889 0.150520833333
1 0.963425925926 0.894270833333 0.0712962962963 0.135416666667
