2 0.497685185185 0.116666666667 0.330555555556 0.163541666667
2 0.806481481481 0.109895833333 0.318518518519 0.160416666667
2 0.783333333333 0.319791666667 0.327777777778 0.153125
2 0.791203703704 0.467447916667 0.312037037037 0.1390625
2 0.456018518519 0.319791666667 0.352777777778 0.173958333333
2 0.518055555556 0.475260416667 0.376851851852 0.133854166667
2 0.18287037037 0.469270833333 0.336111111111 0.173958333333
2 0.158333333333 0.669791666667 0.318518518519 0.140625
2 0.4625 0.657552083333 0.321296296296 0.141145833333
2 0.772222222222 0.6453125 0.287037037037 0.1375
2 0.776851851852 0.7859375 0.296296296296 0.127083333333
2 0.482407407407 0.779427083333 0.292592592593 0.1265625
2 0.1875 0.784375 0.339814814815 0.0989583333333
2 0.510648148148 0.90859375 0.30462962963 0.0828125
2 0.787962962963 0.906770833333 0.3 0.0854166666667
2 0.176388888889 0.115104166667 0.35462962963 0.166666666667
2 0.5 0.0216145833333 0.327777777778 0.0432291666667
2 0.824537037037 0.0192708333333 0.349074074074 0.0395833333333
2 0.176388888889 0.0177083333333 0.35462962963 0.0364583333333
2 0.958333333333 0.3109375 0.0814814814815 0.165625
2 0.950925925926 0.46171875 0.0962962962963 0.140104166667
2 0.954166666667 0.753125 0.0898148148148 0.1375
2 0.958796296296 0.63046875 0.0805555555556 0.1265625
2 0.0680555555556 0.937239583333 0.137962962963 0.124479166667
2 0.231944444444 0.930989583333 0.250925925926 0.136979166667
2 0.509722222222 0.969791666667 0.328703703704 0.059375
2 0.803703703704 0.965104166667 0.316666666667 0.06875
