4 0.18287037037 0.376302083333 0.150925925926 0.130729166667
4 0.221296296296 0.206770833333 0.224074074074 0.140625
4 0.132407407407 0.192708333333 0.218518518519 0.147916666667
4 0.424537037037 0.210416666667 0.121296296296 0.114583333333
4 0.535648148148 0.222395833333 0.132407407407 0.103125
4 0.65 0.210416666667 0.0981481481481 0.121875
4 0.753703703704 0.2109375 0.111111111111 0.115625
4 0.293518518519 0.370052083333 0.125925925926 0.109895833333
4 0.6 0.346614583333 0.125925925926 0.0942708333333
4 0.854166666667 0.437760416667 0.163888888889 0.0765625
4 0.330092592593 0.529427083333 0.136111111111 0.0671875
4 0.0949074074074 0.5703125 0.191666666667 0.0708333333333
4 0.218981481481 0.552604166667 0.160185185185 0.065625
4 0.409259259259 0.525 0.125925925926 0.104166666667
4 0.524074074074 0.51328125 0.142592592593 0.0755208333333
4 0.547222222222 0.727604166667 0.122222222222 0.0854166666667
