2 0.0898148148148 0.139583333333 0.181481481481 0.15625
2 0.0916666666667 0.0377604166667 0.185185185185 0.0682291666667
2 0.359259259259 0.03046875 0.4 0.0619791666667
2 0.721759259259 0.0247395833333 0.341666666667 0.0505208333333
2 0.358333333333 0.1359375 0.377777777778 0.154166666667
2 0.707407407407 0.120572916667 0.35 0.171354166667
2 0.925 0.101041666667 0.148148148148 0.203125
2 0.110185185185 0.4671875 0.222222222222 0.195833333333
2 0.385185185185 0.457552083333 0.327777777778 0.190104166667
2 0.663888888889 0.3265625 0.325925925926 0.171875
2 0.908796296296 0.327864583333 0.180555555556 0.169270833333
2 0.690740740741 0.482291666667 0.325925925926 0.146875
2 0.918981481481 0.481770833333 0.160185185185 0.145833333333
2 0.100925925926 0.659895833333 0.203703703704 0.125
2 0.349074074074 0.659375 0.309259259259 0.133333333333
2 0.662037037037 0.668489583333 0.32962962963 0.128645833333
2 0.905555555556 0.672395833333 0.187037037037 0.135416666667
2 0.90787037037 0.789583333333 0.182407407407 0.113541666667
2 0.658333333333 0.785416666667 0.311111111111 0.13125
2 0.351851851852 0.76875 0.294444444444 0.109375
2 0.1125 0.769010416667 0.226851851852 0.108854166667
2 0.0324074074074 0.949479166667 0.0666666666667 0.1
2 0.173148148148 0.93671875 0.244444444444 0.125520833333
2 0.407407407407 0.939322916667 0.253703703704 0.119270833333
2 0.67037037037 0.92109375 0.309259259259 0.0963541666667
2 0.908796296296 0.92109375 0.180555555556 0.0963541666667
2 0.66712962963 0.967447916667 0.310185185185 0.0640625
2 0.905555555556 0.9796875 0.187037037037 0.0395833333333
