2 0.193981481481 0.090625 0.265740740741 0.132291666667
2 0.439351851852 0.07421875 0.243518518519 0.116145833333
2 0.431481481481 0.184375 0.259259259259 0.111458333333
2 0.20462962963 0.1984375 0.225925925926 0.111458333333
2 0.874074074074 0.3984375 0.25 0.105208333333
2 0.651851851852 0.398697916667 0.157407407407 0.0765625
2 0.443518518519 0.390625 0.222222222222 0.0989583333333
2 0.198148148148 0.301822916667 0.244444444444 0.0890625
2 0.215277777778 0.39921875 0.232407407407 0.0932291666667
2 0.229166666667 0.513541666667 0.237962962963 0.0989583333333
2 0.443518518519 0.514583333333 0.235185185185 0.101041666667
2 0.636574074074 0.597916666667 0.225 0.111458333333
2 0.43287037037 0.603125 0.232407407407 0.0697916666667
2 0.206018518519 0.601302083333 0.241666666667 0.0869791666667
2 0.860648148148 0.5984375 0.189814814815 0.10625
2 0.818518518519 0.791666666667 0.194444444444 0.101041666667
2 0.463888888889 0.773697916667 0.181481481481 0.0984375
2 0.281481481481 0.717447916667 0.225925925926 0.0942708333333
2 0.281481481481 0.789583333333 0.244444444444 0.071875
2 0.0967592592593 0.76953125 0.182407407407 0.0765625
2 0.0949074074074 0.701041666667 0.173148148148 0.0989583333333
2 0.062962962963 0.395833333333 0.124074074074 0.090625
2 0.659722222222 0.21015625 0.186111111111 0.0776041666667
2 0.891203703704 0.0854166666667 0.215740740741 0.107291666667
2 0.887037037037 0.191145833333 0.224074074074 0.113541666667
2 0.653703703704 0.331770833333 0.188888888889 0.105208333333
2 0.631018518519 0.747135416667 0.173148148148 0.0640625
