4 0.087037037037 0.247916666667 0.157407407407 0.135416666667
4 0.243518518519 0.254947916667 0.153703703704 0.1328125
4 0.411574074074 0.21875 0.160185185185 0.103125
4 0.631018518519 0.211979166667 0.119444444444 0.104166666667
4 0.818055555556 0.262239583333 0.202777777778 0.140104166667
4 0.0412037037037 0.424739583333 0.0842592592593 0.115104166667
4 0.137962962963 0.413802083333 0.127777777778 0.1078125
4 0.273148148148 0.4109375 0.127777777778 0.115625
4 0.41712962963 0.4484375 0.149074074074 0.13125
4 0.574074074074 0.424739583333 0.140740740741 0.124479166667
4 0.781481481481 0.40859375 0.17037037037 0.140104166667
4 0.125925925926 0.6015625 0.151851851852 0.120833333333
4 0.290277777778 0.60703125 0.162037037037 0.152604166667
4 0.477314814815 0.584114583333 0.143518518519 0.124479166667
4 0.609722222222 0.575260416667 0.132407407407 0.1140625
4 0.775925925926 0.58359375 0.168518518519 0.125520833333
4 0.0652777777778 0.777604166667 0.132407407407 0.144791666667
4 0.228703703704 0.757291666667 0.15 0.144791666667
4 0.384259259259 0.75546875 0.181481481481 0.141145833333
4 0.518518518519 0.7234375 0.127777777778 0.117708333333
4 0.626851851852 0.722916666667 0.124074074074 0.11875
4 0.792592592593 0.733333333333 0.151851851852 0.1375
4 0.95 0.71796875 0.0981481481481 0.118229166667
4 0.9125 0.559635416667 0.119444444444 0.1234375
4 0.099537037037 0.878645833333 0.158333333333 0.096875
4 0.243518518519 0.879427083333 0.137037037037 0.115104166667
4 0.453703703704 0.9109375 0.185185185185 0.102083333333
4 0.5875 0.851822916667 0.130555555556 0.1078125
4 0.771296296296 0.896614583333 0.155555555556 0.134895833333
4 0.941666666667 0.839322916667 0.114814814815 0.125520833333
