0 0.823148148148 0.0638020833333 0.0888888888889 0.0651041666667
0 0.744907407407 0.0638020833333 0.117592592593 0.0692708333333
0 0.497685185185 0.1328125 0.123148148148 0.103125
0 0.75462962963 0.136197916667 0.107407407407 0.100520833333
0 0.851851851852 0.136197916667 0.146296296296 0.103645833333
0 0.950925925926 0.11171875 0.0962962962963 0.1703125
0 0.539351851852 0.282552083333 0.117592592593 0.0671875
0 0.531018518519 0.36640625 0.0935185185185 0.0661458333333
0 0.809259259259 0.287239583333 0.109259259259 0.0765625
0 0.7875 0.3734375 0.112037037037 0.075
0 0.498148148148 0.542447916667 0.0851851851852 0.0828125
0 0.718518518519 0.559114583333 0.0759259259259 0.0880208333333
0 0.472685185185 0.669010416667 0.0824074074074 0.0973958333333
0 0.706018518519 0.686458333333 0.0972222222222 0.0947916666667
0 0.794907407407 0.693489583333 0.0972222222222 0.0901041666667
0 0.865740740741 0.699739583333 0.111111111111 0.0942708333333
0 0.940740740741 0.70390625 0.101851851852 0.0901041666667
0 0.472222222222 0.781510416667 0.087037037037 0.0859375
0 0.535648148148 0.787239583333 0.0805555555556 0.0838541666667
0 0.605092592593 0.7953125 0.0768518518519 0.090625
0 0.668055555556 0.8046875 0.0861111111111 0.08125
0 0.736111111111 0.80859375 0.0907407407407 0.0848958333333
0 0.818518518519 0.8203125 0.087037037037 0.0895833333333
0 0.903703703704 0.81328125 0.0888888888889 0.0661458333333
0 0.689351851852 0.938802083333 0.0768518518519 0.0515625
0 0.95787037037 0.56953125 0.0824074074074 0.0880208333333
