2 0.102314814815 0.0489583333333 0.206481481481 0.0989583333333
2 0.30787037037 0.053125 0.234259259259 0.107291666667
2 0.522222222222 0.0520833333333 0.222222222222 0.105208333333
2 0.8 0.059375 0.387037037037 0.119791666667
2 0.0990740740741 0.258854166667 0.2 0.108333333333
2 0.0847222222222 0.353645833333 0.171296296296 0.1125
2 0.267592592593 0.367708333333 0.233333333333 0.121875
2 0.295833333333 0.2546875 0.226851851852 0.104166666667
2 0.499537037037 0.261458333333 0.25462962963 0.135416666667
2 0.489814814815 0.383333333333 0.237037037037 0.130208333333
2 0.767592592593 0.345052083333 0.311111111111 0.155729166667
2 0.921759259259 0.627604166667 0.15462962963 0.176041666667
2 0.718055555556 0.6140625 0.297222222222 0.1875
2 0.100925925926 0.526302083333 0.203703703704 0.0963541666667
2 0.0847222222222 0.613020833333 0.171296296296 0.0958333333333
2 0.239814814815 0.63203125 0.222222222222 0.1046875
2 0.288425925926 0.535416666667 0.228703703704 0.0989583333333
2 0.470833333333 0.560416666667 0.234259259259 0.10625
2 0.447685185185 0.6515625 0.213888888889 0.102083333333
2 0.0893518518519 0.7640625 0.180555555556 0.0916666666667
2 0.0865740740741 0.8359375 0.175 0.08125
2 0.275 0.783854166667 0.162962962963 0.0958333333333
2 0.257407407407 0.8578125 0.187037037037 0.08125
2 0.453703703704 0.80625 0.238888888889 0.107291666667
2 0.437962962963 0.888020833333 0.218518518519 0.102083333333
2 0.697685185185 0.847135416667 0.289814814815 0.1765625
2 0.943981481481 0.8734375 0.110185185185 0.183333333333
2 0.0694444444444 0.96328125 0.140740740741 0.0723958333333
2 0.214351851852 0.971354166667 0.167592592593 0.05625
2 0.381944444444 0.9765625 0.206481481481 0.0458333333333
