1 0.161111111111 0.1390625 0.0833333333333 0.116666666667
1 0.417592592593 0.132552083333 0.0888888888889 0.119270833333
1 0.501388888889 0.134635416667 0.0768518518519 0.118229166667
1 0.581944444444 0.132291666667 0.0768518518519 0.121875
1 0.651851851852 0.131510416667 0.0759259259259 0.122395833333
1 0.72962962963 0.13515625 0.0925925925926 0.1203125
1 0.825925925926 0.138541666667 0.0833333333333 0.111458333333
1 0.889814814815 0.13671875 0.1 0.115104166667
1 0.563888888889 0.535416666667 0.0962962962963 0.159375
1 0.261574074074 0.7453125 0.0935185185185 0.160416666667
1 0.425 0.746354166667 0.105555555556 0.16875
1 0.505092592593 0.754166666667 0.0990740740741 0.163541666667
1 0.584722222222 0.753385416667 0.0824074074074 0.147395833333
1 0.651851851852 0.753125 0.0833333333333 0.171875
1 0.708796296296 0.750520833333 0.0861111111111 0.166666666667
1 0.789351851852 0.755729166667 0.10462962963 0.173958333333
1 0.887037037037 0.766927083333 0.101851851852 0.1640625
1 0.934259259259 0.93828125 0.12962962963 0.122395833333
1 0.364814814815 0.9171875 0.12037037037 0.15
1 0.249074074074 0.913802083333 0.0925925925926 0.1671875
1 0.15787037037 0.911197916667 0.126851851852 0.1515625
1 0.0717592592593 0.906770833333 0.102777777778 0.142708333333
1 0.568518518519 0.909895833333 0.109259259259 0.104166666667
1 0.0486111111111 0.7484375 0.062037037037 0.1375
1 0.110648148148 0.74375 0.0787037037037 0.135416666667
1 0.16712962963 0.738802083333 0.0638888888889 0.1390625
1 0.31712962963 0.729166666667 0.0638888888889 0.134375
1 0.377777777778 0.73515625 0.087037037037 0.1296875
1 0.958333333333 0.765364583333 0.0814814814815 0.150520833333
1 0.955092592593 0.140364583333 0.0675925925926 0.116145833333
1 0.331481481481 0.14453125 0.0759259259259 0.109895833333
1 0.0268518518519 0.141927083333 0.0555555555556 0.115104166667
1 0.0805555555556 0.140104166667 0.0962962962963 0.114583333333
1 0.262962962963 0.1453125 0.087037037037 0.102083333333
1 0.0300925925926 0.533072916667 0.062037037037 0.130729166667
1 0.109722222222 0.534114583333 0.0805555555556 0.138020833333
1 0.164814814815 0.536197916667 0.0925925925926 0.136979166667
1 0.237962962963 0.538802083333 0.0833333333333 0.128645833333
1 0.341203703704 0.541927083333 0.0861111111111 0.136979166667
1 0.471759259259 0.5296875 0.0768518518519 0.126041666667
1 0.647685185185 0.559375 0.0824074074074 0.155208333333
1 0.725925925926 0.563802083333 0.087037037037 0.155729166667
1 0.82037037037 0.563802083333 0.087037037037 0.152604166667
1 0.891203703704 0.562760416667 0.0768518518519 0.1578125
1 0.950925925926 0.566145833333 0.0962962962963 0.164583333333
1 0.791666666667 0.91328125 0.101851851852 0.0901041666667
