4 0.099537037037 0.119270833333 0.200925925926 0.0520833333333
4 0.279166666667 0.12109375 0.178703703704 0.0578125
4 0.454166666667 0.12109375 0.167592592593 0.0598958333333
4 0.656018518519 0.1234375 0.178703703704 0.0458333333333
4 0.808333333333 0.0799479166667 0.157407407407 0.0515625
4 0.814814814815 0.127083333333 0.166666666667 0.0479166666667
4 0.0643518518519 0.291145833333 0.130555555556 0.0625
4 0.189814814815 0.252604166667 0.142592592593 0.132291666667
4 0.316666666667 0.254947916667 0.142592592593 0.1328125
4 0.445833333333 0.25546875 0.147222222222 0.1265625
4 0.568518518519 0.25625 0.12962962963 0.128125
4 0.700925925926 0.25859375 0.127777777778 0.1234375
4 0.82037037037 0.259895833333 0.112962962963 0.120833333333
4 0.934722222222 0.262239583333 0.121296296296 0.118229166667
4 0.0634259259259 0.415104166667 0.128703703704 0.140625
4 0.21712962963 0.40078125 0.143518518519 0.1171875
4 0.349537037037 0.416927083333 0.132407407407 0.127604166667
4 0.486574074074 0.41328125 0.149074074074 0.127604166667
4 0.625925925926 0.409375 0.125925925926 0.121875
4 0.781481481481 0.41171875 0.17037037037 0.0578125
4 0.927314814815 0.368229166667 0.132407407407 0.0375
4 0.929166666667 0.419270833333 0.139814814815 0.0541666666667
4 0.762962962963 0.462239583333 0.151851851852 0.0515625
4 0.916666666667 0.463802083333 0.157407407407 0.0505208333333
4 0.0578703703704 0.576302083333 0.117592592593 0.108854166667
4 0.166203703704 0.56796875 0.0787037037037 0.108854166667
4 0.259259259259 0.575260416667 0.125925925926 0.1140625
4 0.377777777778 0.57109375 0.125925925926 0.1078125
4 0.505555555556 0.576822916667 0.140740740741 0.1171875
4 0.628703703704 0.5734375 0.12037037037 0.114583333333
4 0.75462962963 0.575260416667 0.125925925926 0.1109375
4 0.88287037037 0.579427083333 0.119444444444 0.109895833333
4 0.966203703704 0.582291666667 0.0657407407407 0.115625
4 0.0953703703704 0.73671875 0.161111111111 0.1078125
4 0.28287037037 0.72265625 0.134259259259 0.108854166667
4 0.424537037037 0.727083333333 0.150925925926 0.119791666667
4 0.562037037037 0.72109375 0.116666666667 0.1078125
4 0.690277777778 0.723958333333 0.132407407407 0.122916666667
4 0.8 0.716145833333 0.124074074074 0.1125
4 0.934722222222 0.699739583333 0.128703703704 0.0526041666667
4 0.936574074074 0.751041666667 0.125 0.0458333333333
4 0.105092592593 0.899739583333 0.193518518519 0.138020833333
4 0.265740740741 0.885416666667 0.122222222222 0.155208333333
4 0.376851851852 0.882552083333 0.114814814815 0.146354166667
4 0.486111111111 0.879947916667 0.138888888889 0.140104166667
4 0.619444444444 0.886458333333 0.112962962963 0.14375
4 0.731481481481 0.884375 0.112962962963 0.155208333333
4 0.841666666667 0.8828125 0.109259259259 0.155208333333
4 0.938888888889 0.879947916667 0.0962962962963 0.1515625
