3 0.0569444444444 0.237760416667 0.115740740741 0.2578125
3 0.172685185185 0.23125 0.134259259259 0.291666666667
3 0.292592592593 0.234895833333 0.127777777778 0.301041666667
3 0.415740740741 0.2359375 0.125925925926 0.30625
3 0.54537037037 0.240104166667 0.15 0.329166666667
3 0.697685185185 0.24609375 0.15462962963 0.341145833333
3 0.856481481481 0.257552083333 0.159259259259 0.327604166667
3 0.947222222222 0.271875 0.103703703704 0.330208333333
3 0.0518518518519 0.54609375 0.105555555556 0.243229166667
3 0.15787037037 0.54140625 0.108333333333 0.224479166667
3 0.263888888889 0.549739583333 0.109259259259 0.224479166667
3 0.37037037037 0.572916666667 0.114814814815 0.254166666667
3 0.489351851852 0.576822916667 0.132407407407 0.2578125
3 0.953703703704 0.62109375 0.0907407407407 0.288020833333
3 0.862962962963 0.60859375 0.142592592593 0.275520833333
3 0.749537037037 0.596614583333 0.14537037037 0.280729166667
3 0.61712962963 0.589583333333 0.150925925926 0.265625
3 0.0486111111111 0.815104166667 0.0990740740741 0.18125
3 0.139351851852 0.828385416667 0.108333333333 0.183854166667
3 0.236111111111 0.839583333333 0.112962962963 0.191666666667
3 0.32962962963 0.852604166667 0.103703703704 0.189583333333
3 0.652314814815 0.88984375 0.126851851852 0.2109375
3 0.777314814815 0.902864583333 0.139814814815 0.194270833333
3 0.898611111111 0.90703125 0.134259259259 0.1859375
