0 0.275 0.03515625 0.0703703703704 0.0713541666667
0 0.338425925926 0.0403645833333 0.062037037037 0.0817708333333
0 0.376851851852 0.0533854166667 0.0555555555556 0.0723958333333
0 0.411574074074 0.05859375 0.0601851851852 0.0734375
0 0.457407407407 0.06796875 0.0722222222222 0.0734375
0 0.502314814815 0.0778645833333 0.0435185185185 0.0651041666667
0 0.0722222222222 0.2015625 0.0925925925926 0.0885416666667
0 0.130092592593 0.204947916667 0.0842592592593 0.0859375
0 0.198148148148 0.195572916667 0.0722222222222 0.118229166667
0 0.244907407407 0.195833333333 0.0601851851852 0.113541666667
0 0.301851851852 0.204427083333 0.0537037037037 0.109895833333
0 0.344907407407 0.211458333333 0.0824074074074 0.0989583333333
0 0.396296296296 0.215885416667 0.0703703703704 0.1078125
0 0.438425925926 0.2234375 0.0564814814815 0.1
0 0.475462962963 0.225260416667 0.0601851851852 0.0984375
0 0.142592592593 0.3984375 0.0888888888889 0.0625
0 0.131944444444 0.322916666667 0.0842592592593 0.0489583333333
0 0.0949074074074 0.679427083333 0.0842592592593 0.0973958333333
0 0.149074074074 0.665625 0.0703703703704 0.0833333333333
0 0.194444444444 0.6546875 0.0703703703704 0.0729166666667
0 0.241666666667 0.64296875 0.0703703703704 0.0755208333333
0 0.104166666667 0.562239583333 0.0583333333333 0.0755208333333
0 0.277314814815 0.633854166667 0.062037037037 0.075
0 0.328240740741 0.626302083333 0.062037037037 0.0723958333333
0 0.367592592593 0.621875 0.062962962963 0.0697916666667
0 0.0240740740741 0.815104166667 0.05 0.08125
0 0.0703703703704 0.7953125 0.0685185185185 0.08125
0 0.125 0.78046875 0.0703703703704 0.0859375
0 0.183796296296 0.770052083333 0.0601851851852 0.0765625
0 0.463425925926 0.468229166667 0.0638888888889 0.0520833333333
0 0.496296296296 0.46484375 0.0685185185185 0.0473958333333
0 0.526851851852 0.463802083333 0.0518518518519 0.0473958333333
