1 0.949537037037 0.232291666667 0.0990740740741 0.203125
1 0.856018518519 0.230729166667 0.126851851852 0.2
1 0.746296296296 0.227604166667 0.127777777778 0.2
1 0.633333333333 0.228385416667 0.138888888889 0.211979166667
1 0.514814814815 0.2203125 0.124074074074 0.210416666667
1 0.414351851852 0.205208333333 0.126851851852 0.226041666667
1 0.3 0.20625 0.138888888889 0.228125
1 0.186111111111 0.199739583333 0.114814814815 0.224479166667
1 0.0847222222222 0.198697916667 0.139814814815 0.2328125
1 0.827777777778 0.482291666667 0.101851851852 0.182291666667
1 0.724537037037 0.482291666667 0.123148148148 0.182291666667
1 0.622685185185 0.466666666667 0.117592592593 0.192708333333
1 0.518055555556 0.467447916667 0.0990740740741 0.1671875
1 0.410185185185 0.4390625 0.140740740741 0.198958333333
1 0.289351851852 0.442447916667 0.117592592593 0.175520833333
1 0.185648148148 0.435416666667 0.108333333333 0.165625
1 0.0916666666667 0.429166666667 0.142592592593 0.173958333333
1 0.201851851852 0.661979166667 0.101851851852 0.179166666667
1 0.112037037037 0.641927083333 0.114814814815 0.161979166667
1 0.301851851852 0.658333333333 0.105555555556 0.163541666667
1 0.398611111111 0.6609375 0.108333333333 0.16875
1 0.505555555556 0.673958333333 0.105555555556 0.184375
1 0.598148148148 0.6828125 0.105555555556 0.163541666667
1 0.698611111111 0.684635416667 0.108333333333 0.1671875
1 0.798611111111 0.695833333333 0.117592592593 0.161458333333
1 0.903240740741 0.694791666667 0.0990740740741 0.173958333333
1 0.0777777777778 0.841666666667 0.157407407407 0.130208333333
1 0.19537037037 0.852864583333 0.138888888889 0.146354166667
1 0.326851851852 0.857291666667 0.12962962963 0.154166666667
1 0.543981481481 0.86171875 0.121296296296 0.149479166667
1 0.647222222222 0.866927083333 0.124074074074 0.1671875
1 0.750925925926 0.877864583333 0.114814814815 0.1609375
1 0.841203703704 0.880989583333 0.100925925926 0.163020833333
1 0.92037037037 0.476041666667 0.12037037037 0.184375
1 0.926851851852 0.890885416667 0.0925925925926 0.1421875
1 0.97962962963 0.89375 0.0388888888889 0.155208333333
1 0.97037037037 0.70390625 0.0574074074074 0.169270833333
1 0.0416666666667 0.644270833333 0.0851851851852 0.163541666667
