6 0.838425925926 0.2140625 0.106481481481 0.0739583333333
6 0.881481481481 0.290885416667 0.12962962963 0.0755208333333
6 0.902777777778 0.4734375 0.112962962963 0.0791666666667
6 0.869907407407 0.652083333333 0.119444444444 0.0885416666667
6 0.960648148148 0.66640625 0.0768518518519 0.0671875
6 0.0550925925926 0.81875 0.112037037037 0.0697916666667
6 0.23287037037 0.793489583333 0.102777777778 0.0671875
6 0.388425925926 0.829427083333 0.100925925926 0.0744791666667
6 0.580092592593 0.827604166667 0.102777777778 0.06875
6 0.0462962962963 0.908072916667 0.0944444444444 0.0598958333333
6 0.183333333333 0.911458333333 0.188888888889 0.0552083333333
6 0.380092592593 0.911979166667 0.193518518519 0.0614583333333
6 0.567592592593 0.911979166667 0.187037037037 0.0635416666667
1 0.753703703704 0.938541666667 0.161111111111 0.0875
1 0.037962962963 0.278125 0.0777777777778 0.09375
1 0.099537037037 0.27578125 0.0638888888889 0.0953125
1 0.0208333333333 0.45625 0.0435185185185 0.0875
1 0.15462962963 0.455208333333 0.0722222222222 0.0875
1 0.0328703703704 0.669270833333 0.0675925925926 0.0875
1 0.138888888889 0.66640625 0.0833333333333 0.0838541666667
