1 0.143055555556 0.108333333333 0.132407407407 0.078125
1 0.270833333333 0.11953125 0.0953703703704 0.0536458333333
1 0.360185185185 0.12109375 0.0888888888889 0.0546875
1 0.455092592593 0.115885416667 0.0935185185185 0.0692708333333
1 0.578240740741 0.106510416667 0.117592592593 0.0859375
1 0.673148148148 0.11640625 0.0851851851852 0.0640625
1 0.798611111111 0.0963541666667 0.0935185185185 0.1
1 0.897222222222 0.0846354166667 0.109259259259 0.1203125
1 0.0601851851852 0.305729166667 0.122222222222 0.164583333333
1 0.159722222222 0.304166666667 0.0990740740741 0.163541666667
1 0.240277777778 0.302864583333 0.0787037037037 0.1609375
1 0.311111111111 0.305729166667 0.0925925925926 0.1625
1 0.390277777778 0.311458333333 0.0824074074074 0.145833333333
1 0.489814814815 0.316145833333 0.105555555556 0.145833333333
1 0.556018518519 0.310416666667 0.0768518518519 0.141666666667
1 0.6125 0.307552083333 0.0787037037037 0.138020833333
1 0.666203703704 0.312760416667 0.0824074074074 0.141145833333
1 0.719444444444 0.310416666667 0.0703703703704 0.136458333333
1 0.789814814815 0.307552083333 0.0703703703704 0.1359375
1 0.875 0.312760416667 0.0925925925926 0.141145833333
1 0.947685185185 0.298697916667 0.0824074074074 0.161979166667
1 0.0268518518519 0.542447916667 0.0555555555556 0.1421875
1 0.0824074074074 0.540104166667 0.0925925925926 0.142708333333
1 0.146296296296 0.548177083333 0.0925925925926 0.1515625
1 0.226851851852 0.533072916667 0.0925925925926 0.138020833333
1 0.291666666667 0.529947916667 0.087037037037 0.1421875
1 0.367592592593 0.549739583333 0.0944444444444 0.127604166667
1 0.45 0.544010416667 0.087037037037 0.127604166667
1 0.518981481481 0.542447916667 0.0842592592593 0.130729166667
1 0.582407407407 0.553385416667 0.0925925925926 0.1390625
1 0.663888888889 0.544791666667 0.087037037037 0.13125
1 0.731018518519 0.544791666667 0.0768518518519 0.133333333333
1 0.788425925926 0.53828125 0.0675925925926 0.1296875
1 0.868518518519 0.527864583333 0.0759259259259 0.146354166667
1 0.940740740741 0.52734375 0.0888888888889 0.1453125
1 0.0717592592593 0.74453125 0.139814814815 0.152604166667
1 0.143518518519 0.7265625 0.107407407407 0.13125
1 0.225925925926 0.713802083333 0.0907407407407 0.105729166667
1 0.296759259259 0.708072916667 0.0805555555556 0.102604166667
1 0.418981481481 0.7375 0.139814814815 0.157291666667
1 0.544444444444 0.729947916667 0.124074074074 0.149479166667
1 0.629166666667 0.713020833333 0.0824074074074 0.122916666667
1 0.709259259259 0.711979166667 0.103703703704 0.130208333333
1 0.789351851852 0.721875 0.0953703703704 0.152083333333
1 0.880092592593 0.694791666667 0.0953703703704 0.096875
1 0.956944444444 0.698177083333 0.0842592592593 0.1015625
1 0.103240740741 0.9296875 0.150925925926 0.139583333333
1 0.236574074074 0.901822916667 0.0972222222222 0.106770833333
1 0.331944444444 0.899479166667 0.087962962963 0.102083333333
1 0.423148148148 0.92265625 0.127777777778 0.150520833333
1 0.520833333333 0.92109375 0.113888888889 0.156770833333
1 0.620833333333 0.912760416667 0.0953703703704 0.147395833333
1 0.708333333333 0.916666666667 0.105555555556 0.155208333333
1 0.797685185185 0.912760416667 0.0861111111111 0.1515625
1 0.883333333333 0.91171875 0.0962962962963 0.158854166667
1 0.963425925926 0.9046875 0.0712962962963 0.15625
