4 0.29212962963 0.03125 0.225 0.0635416666667
4 0.696296296296 0.0354166666667 0.322222222222 0.071875
4 0.214814814815 0.215625 0.062962962963 0.0947916666667
4 0.274074074074 0.202604166667 0.0703703703704 0.130208333333
4 0.328240740741 0.203125 0.0638888888889 0.136458333333
4 0.478703703704 0.154947916667 0.187037037037 0.0536458333333
4 0.460648148148 0.199479166667 0.206481481481 0.053125
4 0.453240740741 0.24609375 0.199074074074 0.0526041666667
4 0.711111111111 0.240625 0.301851851852 0.0822916666667
4 0.928240740741 0.249739583333 0.141666666667 0.0859375
4 0.24212962963 0.38359375 0.236111111111 0.1328125
4 0.466666666667 0.392447916667 0.231481481481 0.124479166667
4 0.765277777778 0.3984375 0.308333333333 0.140625
4 0.213888888889 0.572135416667 0.212962962963 0.1078125
4 0.414814814815 0.580729166667 0.212962962963 0.121875
4 0.653703703704 0.58828125 0.2 0.130729166667
4 0.835185185185 0.578125 0.181481481481 0.164583333333
4 0.959722222222 0.585416666667 0.0787037037037 0.1625
4 0.0388888888889 0.709635416667 0.0796296296296 0.125520833333
4 0.253240740741 0.726822916667 0.328703703704 0.150520833333
4 0.679166666667 0.742447916667 0.369444444444 0.150520833333
4 0.933333333333 0.765885416667 0.131481481481 0.116145833333
4 0.0569444444444 0.835416666667 0.115740740741 0.0697916666667
4 0.0592592592593 0.9015625 0.12037037037 0.0635416666667
4 0.252777777778 0.878385416667 0.274074074074 0.133854166667
4 0.549537037037 0.891145833333 0.337962962963 0.129166666667
4 0.850925925926 0.918229166667 0.296296296296 0.146875
