4 0.0462962962963 0.145052083333 0.0944444444444 0.0786458333333
4 0.17037037037 0.14140625 0.231481481481 0.100520833333
4 0.408333333333 0.112239583333 0.216666666667 0.149479166667
4 0.5875 0.117447916667 0.0842592592593 0.155729166667
4 0.656944444444 0.122395833333 0.075 0.153125
4 0.752777777778 0.1265625 0.0907407407407 0.141666666667
4 0.834259259259 0.12890625 0.0944444444444 0.1421875
4 0.904166666667 0.128385416667 0.0898148148148 0.141145833333
4 0.951851851852 0.1359375 0.0703703703704 0.1375
4 0.050462962963 0.299739583333 0.102777777778 0.115104166667
4 0.20462962963 0.300260416667 0.231481481481 0.1015625
4 0.411574074074 0.302604166667 0.193518518519 0.109375
4 0.547685185185 0.302864583333 0.0657407407407 0.1015625
4 0.671759259259 0.303645833333 0.087962962963 0.0947916666667
4 0.616666666667 0.30390625 0.0666666666667 0.1015625
4 0.770833333333 0.307291666667 0.0731481481481 0.0947916666667
4 0.829166666667 0.306510416667 0.075 0.0942708333333
4 0.89537037037 0.307291666667 0.0777777777778 0.0947916666667
4 0.95787037037 0.30625 0.0824074074074 0.0989583333333
4 0.116203703704 0.453125 0.178703703704 0.0958333333333
4 0.280555555556 0.447916666667 0.151851851852 0.0854166666667
4 0.411111111111 0.45078125 0.140740740741 0.0890625
4 0.55787037037 0.445572916667 0.0712962962963 0.0921875
4 0.653240740741 0.449739583333 0.0712962962963 0.0932291666667
4 0.725 0.44609375 0.062962962963 0.0932291666667
4 0.777777777778 0.44609375 0.0666666666667 0.0911458333333
4 0.837037037037 0.44609375 0.0666666666667 0.0838541666667
4 0.897685185185 0.444270833333 0.0731481481481 0.0854166666667
4 0.960185185185 0.442447916667 0.0666666666667 0.0859375
4 0.037962962963 0.600260416667 0.0777777777778 0.0776041666667
4 0.156018518519 0.594010416667 0.171296296296 0.0765625
4 0.318981481481 0.590104166667 0.141666666667 0.0791666666667
4 0.455092592593 0.589322916667 0.14537037037 0.0755208333333
4 0.538888888889 0.580989583333 0.0703703703704 0.0828125
4 0.578703703704 0.574739583333 0.0537037037037 0.0744791666667
4 0.668055555556 0.57890625 0.075 0.0755208333333
4 0.730555555556 0.5765625 0.0648148148148 0.078125
4 0.790740740741 0.574739583333 0.0703703703704 0.0744791666667
4 0.850925925926 0.57109375 0.0555555555556 0.0744791666667
4 0.899074074074 0.569270833333 0.0537037037037 0.075
4 0.953703703704 0.569270833333 0.0703703703704 0.0708333333333
4 0.147222222222 0.719791666667 0.172222222222 0.0770833333333
4 0.299537037037 0.70859375 0.134259259259 0.0682291666667
4 0.438425925926 0.70859375 0.123148148148 0.0776041666667
4 0.523148148148 0.69296875 0.0648148148148 0.0609375
4 0.61712962963 0.69609375 0.0712962962963 0.0744791666667
4 0.678703703704 0.689583333333 0.0666666666667 0.0708333333333
4 0.736574074074 0.690104166667 0.0638888888889 0.071875
4 0.796759259259 0.689583333333 0.062037037037 0.0708333333333
4 0.854166666667 0.68515625 0.062037037037 0.0744791666667
4 0.906018518519 0.68515625 0.0638888888889 0.0744791666667
4 0.963425925926 0.68125 0.0638888888889 0.0708333333333
4 0.0953703703704 0.840885416667 0.17962962963 0.0828125
4 0.251851851852 0.836979166667 0.144444444444 0.104166666667
4 0.414814814815 0.824739583333 0.157407407407 0.0838541666667
4 0.533796296296 0.819791666667 0.0935185185185 0.0885416666667
4 0.631944444444 0.815625 0.0712962962963 0.0895833333333
4 0.693518518519 0.809895833333 0.0611111111111 0.0916666666667
4 0.74537037037 0.804947916667 0.0648148148148 0.0848958333333
4 0.799074074074 0.803125 0.0574074074074 0.08125
4 0.846759259259 0.7984375 0.0694444444444 0.084375
4 0.906018518519 0.797916666667 0.0601851851852 0.0854166666667
4 0.956018518519 0.79375 0.0583333333333 0.0791666666667
