2 0.172222222222 0.159375 0.296296296296 0.10625
2 0.405092592593 0.146354166667 0.219444444444 0.11875
2 0.618055555556 0.137760416667 0.213888888889 0.115104166667
2 0.822685185185 0.208333333333 0.221296296296 0.113541666667
2 0.619907407407 0.232291666667 0.210185185185 0.075
2 0.423611111111 0.245572916667 0.237962962963 0.100520833333
2 0.213425925926 0.257291666667 0.237962962963 0.111458333333
2 0.268518518519 0.370833333333 0.246296296296 0.090625
2 0.84537037037 0.388020833333 0.174074074074 0.09375
2 0.642592592593 0.41484375 0.198148148148 0.0963541666667
2 0.474537037037 0.4328125 0.223148148148 0.101041666667
2 0.290740740741 0.444010416667 0.25 0.0890625
2 0.100925925926 0.576822916667 0.203703703704 0.1046875
2 0.293981481481 0.5578125 0.206481481481 0.0979166666667
2 0.476388888889 0.54375 0.200925925926 0.101041666667
2 0.673611111111 0.522135416667 0.200925925926 0.0921875
2 0.68287037037 0.605729166667 0.219444444444 0.0885416666667
2 0.510185185185 0.621875 0.17037037037 0.0697916666667
2 0.321759259259 0.640364583333 0.206481481481 0.0921875
2 0.125925925926 0.661979166667 0.203703703704 0.0729166666667
2 0.143055555556 0.779947916667 0.219444444444 0.1078125
2 0.352777777778 0.747916666667 0.194444444444 0.0989583333333
2 0.171296296296 0.85 0.212962962963 0.065625
2 0.375925925926 0.82890625 0.198148148148 0.0796875
2 0.526851851852 0.728645833333 0.185185185185 0.0854166666667
2 0.725925925926 0.69765625 0.194444444444 0.0921875
2 0.897222222222 0.68125 0.161111111111 0.090625
2 0.540740740741 0.803385416667 0.198148148148 0.0640625
2 0.718518518519 0.775 0.17962962963 0.0802083333333
2 0.906944444444 0.764322916667 0.15462962963 0.0869791666667
2 0.484259259259 0.3515625 0.17037037037 0.0708333333333
2 0.0680555555556 0.387239583333 0.137962962963 0.0963541666667
2 0.0856481481481 0.459635416667 0.169444444444 0.0744791666667
2 0.0444444444444 0.861197916667 0.0907407407407 0.0630208333333
2 0.863425925926 0.58046875 0.173148148148 0.0848958333333
2 0.951851851852 0.496614583333 0.0944444444444 0.0651041666667
2 0.968518518519 0.574739583333 0.0574074074074 0.0640625
2 0.96712962963 0.388541666667 0.0638888888889 0.078125
2 0.962037037037 0.315625 0.0740740740741 0.0729166666667
2 0.928240740741 0.1171875 0.141666666667 0.0833333333333
2 0.960185185185 0.202864583333 0.0777777777778 0.0973958333333
2 0.0476851851852 0.26484375 0.0972222222222 0.0963541666667
