1 0.0342592592593 0.20390625 0.0703703703704 0.0901041666667
1 0.087962962963 0.203385416667 0.0703703703704 0.0942708333333
1 0.165740740741 0.19921875 0.087037037037 0.0994791666667
1 0.241203703704 0.198177083333 0.0805555555556 0.0953125
1 0.306944444444 0.196875 0.0731481481481 0.1
1 0.365277777778 0.19765625 0.0787037037037 0.0984375
1 0.424074074074 0.198697916667 0.0685185185185 0.100520833333
1 0.501388888889 0.200520833333 0.0657407407407 0.0927083333333
1 0.560185185185 0.198177083333 0.0685185185185 0.0994791666667
1 0.614351851852 0.1984375 0.0657407407407 0.0916666666667
1 0.661574074074 0.195833333333 0.0583333333333 0.1
1 0.718518518519 0.194010416667 0.0722222222222 0.0984375
1 0.778240740741 0.193489583333 0.0601851851852 0.0973958333333
1 0.819444444444 0.1984375 0.0518518518519 0.0916666666667
1 0.861574074074 0.201041666667 0.0583333333333 0.0895833333333
1 0.965277777778 0.192447916667 0.0675925925926 0.0973958333333
1 0.062962962963 0.557291666667 0.0740740740741 0.121875
1 0.128240740741 0.554947916667 0.0805555555556 0.1171875
1 0.210185185185 0.537760416667 0.0592592592593 0.0984375
1 0.263888888889 0.541145833333 0.0518518518519 0.101041666667
1 0.308333333333 0.549479166667 0.0703703703704 0.13125
1 0.376851851852 0.547395833333 0.0444444444444 0.122916666667
1 0.414814814815 0.560416666667 0.0740740740741 0.134375
1 0.47037037037 0.559114583333 0.0740740740741 0.1296875
1 0.559722222222 0.55625 0.0805555555556 0.135416666667
1 0.614814814815 0.55234375 0.0703703703704 0.1296875
1 0.668981481481 0.55390625 0.0675925925926 0.1359375
1 0.731018518519 0.556770833333 0.0768518518519 0.132291666667
1 0.794907407407 0.55625 0.0601851851852 0.135416666667
1 0.0652777777778 0.721875 0.0787037037037 0.121875
1 0.115740740741 0.723958333333 0.0518518518519 0.121875
1 0.158796296296 0.733333333333 0.0805555555556 0.126041666667
1 0.227777777778 0.73359375 0.0740740740741 0.128645833333
1 0.303703703704 0.728125 0.0833333333333 0.122916666667
1 0.370833333333 0.72890625 0.0601851851852 0.119270833333
1 0.429166666667 0.730989583333 0.0657407407407 0.119270833333
1 0.476851851852 0.729947916667 0.0666666666667 0.119270833333
1 0.541666666667 0.727604166667 0.0888888888889 0.129166666667
1 0.625 0.733072916667 0.0777777777778 0.131770833333
1 0.697222222222 0.727083333333 0.0703703703704 0.127083333333
1 0.768981481481 0.73125 0.0824074074074 0.133333333333
1 0.848148148148 0.7265625 0.0851851851852 0.13125
1 0.0291666666667 0.897395833333 0.0601851851852 0.136458333333
1 0.0930555555556 0.896875 0.0972222222222 0.135416666667
1 0.184259259259 0.894270833333 0.087037037037 0.133333333333
1 0.258333333333 0.860677083333 0.087037037037 0.0682291666667
1 0.324537037037 0.861197916667 0.0453703703704 0.0744791666667
1 0.375 0.877604166667 0.0888888888889 0.1
1 0.433333333333 0.86015625 0.0574074074074 0.0744791666667
1 0.491203703704 0.861197916667 0.0824074074074 0.0765625
1 0.571759259259 0.867708333333 0.0861111111111 0.0864583333333
1 0.636111111111 0.8671875 0.0555555555556 0.090625
1 0.699074074074 0.890885416667 0.0944444444444 0.1328125
1 0.935648148148 0.865885416667 0.102777777778 0.0973958333333
