0 0.221759259259 0.09375 0.173148148148 0.188541666667
0 0.398611111111 0.0921875 0.14537037037 0.185416666667
0 0.538425925926 0.0934895833333 0.137962962963 0.188020833333
0 0.676388888889 0.0955729166667 0.136111111111 0.1921875
0 0.826851851852 0.0981770833333 0.159259259259 0.197395833333
0 0.922222222222 0.369791666667 0.153703703704 0.182291666667
0 0.797222222222 0.366145833333 0.153703703704 0.172916666667
0 0.665277777778 0.3671875 0.149074074074 0.18125
0 0.537962962963 0.360677083333 0.144444444444 0.1796875
0 0.416203703704 0.353385416667 0.130555555556 0.174479166667
0 0.294444444444 0.347916666667 0.138888888889 0.169791666667
0 0.18287037037 0.3390625 0.126851851852 0.166666666667
0 0.0638888888889 0.335677083333 0.124074074074 0.1703125
0 0.151851851852 0.548697916667 0.12037037037 0.1421875
0 0.266666666667 0.557291666667 0.0944444444444 0.138541666667
0 0.367592592593 0.565885416667 0.12962962963 0.147395833333
0 0.475925925926 0.570052083333 0.12037037037 0.149479166667
0 0.586574074074 0.577864583333 0.134259259259 0.150520833333
0 0.69212962963 0.584895833333 0.139814814815 0.147916666667
0 0.796759259259 0.586458333333 0.163888888889 0.161458333333
0 0.920833333333 0.586458333333 0.126851851852 0.16875
0 0.933333333333 0.108854166667 0.131481481481 0.1875
0 0.0611111111111 0.55625 0.103703703704 0.126041666667
0 0.0949074074074 0.0890625 0.150925925926 0.179166666667
0 0.231481481481 0.7484375 0.107407407407 0.0572916666667
0 0.703703703704 0.769270833333 0.109259259259 0.0635416666667
0 0.24537037037 0.936979166667 0.0925925925926 0.05
0 0.701851851852 0.971354166667 0.0888888888889 0.0510416666667
