4 0.0759259259259 0.18359375 0.0814814814815 0.125520833333
4 0.188425925926 0.18359375 0.0768518518519 0.125520833333
4 0.253240740741 0.184895833333 0.0787037037037 0.113541666667
4 0.332407407407 0.183072916667 0.101851851852 0.1265625
4 0.40787037037 0.187239583333 0.075 0.108854166667
4 0.475462962963 0.182552083333 0.0712962962963 0.116145833333
4 0.534722222222 0.187239583333 0.075 0.108854166667
4 0.601388888889 0.18125 0.0731481481481 0.128125
4 0.663425925926 0.181770833333 0.075 0.129166666667
4 0.732407407407 0.181770833333 0.0777777777778 0.123958333333
4 0.808333333333 0.179947916667 0.0814814814815 0.1234375
4 0.877314814815 0.177083333333 0.075 0.119791666667
4 0.955555555556 0.178385416667 0.087037037037 0.124479166667
4 0.0518518518519 0.352083333333 0.0833333333333 0.105208333333
4 0.180092592593 0.352604166667 0.0935185185185 0.0989583333333
4 0.273148148148 0.347916666667 0.0777777777778 0.104166666667
4 0.34537037037 0.3515625 0.0814814814815 0.104166666667
4 0.414814814815 0.34921875 0.0648148148148 0.0994791666667
4 0.474074074074 0.3484375 0.0685185185185 0.103125
4 0.547222222222 0.349479166667 0.0666666666667 0.103125
4 0.616203703704 0.34609375 0.0731481481481 0.0984375
4 0.702777777778 0.34296875 0.0777777777778 0.1015625
4 0.771759259259 0.345572916667 0.075 0.0994791666667
4 0.81712962963 0.346614583333 0.0564814814815 0.1015625
4 0.863888888889 0.344791666667 0.0592592592593 0.105208333333
4 0.949537037037 0.34296875 0.0712962962963 0.0994791666667
4 0.0402777777778 0.497916666667 0.0824074074074 0.096875
4 0.128240740741 0.494791666667 0.075 0.0864583333333
4 0.294444444444 0.494791666667 0.0814814814815 0.09375
4 0.356481481481 0.494791666667 0.0833333333333 0.090625
4 0.42037037037 0.495572916667 0.0703703703704 0.0921875
4 0.489814814815 0.494270833333 0.0796296296296 0.0895833333333
4 0.55462962963 0.493229166667 0.0722222222222 0.0875
4 0.612962962963 0.491666666667 0.062962962963 0.0875
4 0.669907407407 0.487760416667 0.062037037037 0.0838541666667
4 0.735648148148 0.490104166667 0.0787037037037 0.0885416666667
4 0.802314814815 0.48515625 0.0768518518519 0.0911458333333
4 0.8625 0.4828125 0.075 0.0864583333333
4 0.931481481481 0.481770833333 0.0685185185185 0.0770833333333
4 0.98287037037 0.484114583333 0.0324074074074 0.0744791666667
4 0.0180555555556 0.633333333333 0.037962962963 0.0875
4 0.0643518518519 0.631770833333 0.075 0.0791666666667
4 0.290277777778 0.62421875 0.0731481481481 0.0828125
4 0.356944444444 0.6265625 0.0712962962963 0.0802083333333
4 0.41712962963 0.623958333333 0.0638888888889 0.0802083333333
4 0.473148148148 0.620833333333 0.062962962963 0.0791666666667
4 0.535648148148 0.6234375 0.0731481481481 0.08125
4 0.597222222222 0.6203125 0.0648148148148 0.078125
4 0.654166666667 0.621614583333 0.0731481481481 0.0776041666667
4 0.719444444444 0.61875 0.0685185185185 0.08125
4 0.790740740741 0.61640625 0.0703703703704 0.0838541666667
4 0.855092592593 0.616927083333 0.0601851851852 0.0776041666667
4 0.913425925926 0.614583333333 0.075 0.078125
4 0.976388888889 0.611458333333 0.0453703703704 0.0770833333333
4 0.0199074074074 0.754947916667 0.0416666666667 0.0807291666667
4 0.0689814814815 0.753645833333 0.0787037037037 0.078125
4 0.123611111111 0.752083333333 0.075 0.071875
4 0.180092592593 0.750260416667 0.0694444444444 0.0807291666667
4 0.308333333333 0.748958333333 0.0796296296296 0.078125
4 0.368518518519 0.7453125 0.0555555555556 0.078125
4 0.426851851852 0.747916666667 0.0666666666667 0.0802083333333
4 0.488888888889 0.744270833333 0.0648148148148 0.078125
4 0.54537037037 0.74375 0.0666666666667 0.0697916666667
4 0.60787037037 0.737760416667 0.0731481481481 0.0723958333333
4 0.668981481481 0.740104166667 0.0694444444444 0.0697916666667
4 0.736574074074 0.73359375 0.0638888888889 0.0703125
4 0.799074074074 0.736458333333 0.0703703703704 0.0770833333333
4 0.858796296296 0.732552083333 0.062037037037 0.0682291666667
4 0.911111111111 0.730989583333 0.0666666666667 0.0661458333333
4 0.971296296296 0.735416666667 0.0555555555556 0.071875
4 0.0467592592593 0.883072916667 0.0731481481481 0.0911458333333
4 0.101851851852 0.881770833333 0.0555555555556 0.0958333333333
4 0.15462962963 0.879947916667 0.0611111111111 0.0921875
4 0.239814814815 0.877083333333 0.0685185185185 0.0927083333333
4 0.315740740741 0.877083333333 0.0685185185185 0.090625
4 0.381944444444 0.87578125 0.062037037037 0.0890625
4 0.440277777778 0.87109375 0.0694444444444 0.0890625
4 0.500462962963 0.870572916667 0.0712962962963 0.0848958333333
4 0.568518518519 0.86328125 0.0666666666667 0.0807291666667
4 0.627777777778 0.865625 0.062962962963 0.0895833333333
4 0.688888888889 0.86640625 0.0666666666667 0.0932291666667
4 0.743055555556 0.861979166667 0.0694444444444 0.0875
4 0.803240740741 0.857291666667 0.0546296296296 0.0895833333333
4 0.861574074074 0.85859375 0.0638888888889 0.0921875
4 0.913425925926 0.857552083333 0.062037037037 0.0942708333333
4 0.97037037037 0.854427083333 0.0574074074074 0.0932291666667
