4 0.158796296296 0.2109375 0.123148148148 0.0822916666667
4 0.299537037037 0.2109375 0.167592592593 0.0729166666667
4 0.456944444444 0.215625 0.178703703704 0.078125
4 0.636111111111 0.220052083333 0.201851851852 0.0786458333333
4 0.863888888889 0.21640625 0.140740740741 0.0765625
4 0.961111111111 0.214583333333 0.0759259259259 0.0822916666667
4 0.161111111111 0.347395833333 0.0981481481481 0.0552083333333
4 0.268055555556 0.336458333333 0.134259259259 0.08125
4 0.382407407407 0.336458333333 0.125925925926 0.0791666666667
4 0.499537037037 0.33828125 0.136111111111 0.0776041666667
4 0.618981481481 0.331770833333 0.121296296296 0.0979166666667
4 0.768518518519 0.337760416667 0.118518518519 0.0932291666667
4 0.876388888889 0.334375 0.123148148148 0.0979166666667
4 0.962962962963 0.336197916667 0.0722222222222 0.0942708333333
4 0.0731481481481 0.334635416667 0.112962962963 0.0848958333333
4 0.0819444444444 0.424739583333 0.112037037037 0.0578125
4 0.0847222222222 0.4765625 0.102777777778 0.0541666666667
4 0.0805555555556 0.587760416667 0.101851851852 0.0744791666667
4 0.0731481481481 0.7265625 0.112962962963 0.122916666667
4 0.164814814815 0.448697916667 0.0703703703704 0.102604166667
4 0.258333333333 0.448958333333 0.124074074074 0.104166666667
4 0.376851851852 0.456770833333 0.131481481481 0.0979166666667
4 0.509259259259 0.4578125 0.12962962963 0.103125
4 0.631944444444 0.462760416667 0.117592592593 0.100520833333
4 0.806481481481 0.45390625 0.124074074074 0.0921875
4 0.919907407407 0.458072916667 0.121296296296 0.0984375
4 0.766203703704 0.575 0.136111111111 0.104166666667
4 0.896296296296 0.579427083333 0.138888888889 0.102604166667
4 0.720833333333 0.705729166667 0.087962962963 0.1125
4 0.801388888889 0.706770833333 0.087962962963 0.107291666667
4 0.886111111111 0.7109375 0.109259259259 0.113541666667
4 0.962962962963 0.71484375 0.0722222222222 0.1109375
4 0.166203703704 0.566927083333 0.108333333333 0.0973958333333
4 0.281481481481 0.566145833333 0.114814814815 0.0958333333333
4 0.386574074074 0.5734375 0.121296296296 0.0958333333333
4 0.504166666667 0.577083333333 0.132407407407 0.0958333333333
4 0.6375 0.57890625 0.132407407407 0.1015625
4 0.158796296296 0.6734375 0.0638888888889 0.0979166666667
4 0.247222222222 0.68125 0.112962962963 0.096875
4 0.338888888889 0.68828125 0.111111111111 0.0994791666667
4 0.460648148148 0.694791666667 0.121296296296 0.103125
4 0.585185185185 0.702083333333 0.138888888889 0.103125
4 0.210185185185 0.8046875 0.0981481481481 0.105208333333
4 0.305092592593 0.810416666667 0.119444444444 0.0979166666667
4 0.408796296296 0.812760416667 0.0972222222222 0.0953125
4 0.504166666667 0.81796875 0.119444444444 0.0994791666667
4 0.601388888889 0.824479166667 0.115740740741 0.103125
4 0.708333333333 0.836197916667 0.116666666667 0.0848958333333
4 0.824537037037 0.84140625 0.130555555556 0.100520833333
4 0.94212962963 0.838541666667 0.113888888889 0.096875
