4 0.101388888889 0.16328125 0.20462962963 0.1421875
4 0.245833333333 0.161458333333 0.149074074074 0.136458333333
4 0.424537037037 0.161979166667 0.223148148148 0.1375
4 0.621296296296 0.165104166667 0.235185185185 0.13125
4 0.863888888889 0.168489583333 0.2 0.133854166667
4 0.099537037037 0.341145833333 0.200925925926 0.0979166666667
4 0.281018518519 0.338020833333 0.193518518519 0.0979166666667
4 0.455092592593 0.32890625 0.158333333333 0.1015625
4 0.597685185185 0.33125 0.223148148148 0.096875
4 0.839351851852 0.333072916667 0.180555555556 0.100520833333
4 0.95462962963 0.334895833333 0.0888888888889 0.0947916666667
4 0.171296296296 0.494791666667 0.246296296296 0.0479166666667
4 0.358796296296 0.474739583333 0.180555555556 0.0744791666667
4 0.518518518519 0.472395833333 0.174074074074 0.0791666666667
4 0.652777777778 0.472916666667 0.142592592593 0.0802083333333
4 0.792592592593 0.469270833333 0.122222222222 0.0802083333333
4 0.913425925926 0.467708333333 0.134259259259 0.0791666666667
4 0.0550925925926 0.6140625 0.112037037037 0.0791666666667
4 0.20787037037 0.608072916667 0.152777777778 0.0765625
4 0.370833333333 0.603385416667 0.162037037037 0.0765625
4 0.526388888889 0.599739583333 0.147222222222 0.0744791666667
4 0.665740740741 0.59609375 0.125925925926 0.0744791666667
4 0.777777777778 0.597135416667 0.109259259259 0.0765625
4 0.924537037037 0.594270833333 0.149074074074 0.0760416666667
4 0.0453703703704 0.735677083333 0.0925925925926 0.0692708333333
4 0.196296296296 0.7328125 0.155555555556 0.071875
4 0.35462962963 0.724479166667 0.155555555556 0.0697916666667
4 0.497685185185 0.721614583333 0.14537037037 0.0703125
4 0.643518518519 0.715104166667 0.15 0.0645833333333
4 0.799074074074 0.715885416667 0.142592592593 0.0755208333333
4 0.919907407407 0.709114583333 0.121296296296 0.0692708333333
4 0.049537037037 0.84765625 0.100925925926 0.0588541666667
4 0.186574074074 0.847916666667 0.162037037037 0.0729166666667
4 0.334259259259 0.852604166667 0.157407407407 0.096875
4 0.491203703704 0.847395833333 0.136111111111 0.103125
4 0.628703703704 0.8265625 0.144444444444 0.0614583333333
4 0.778240740741 0.842708333333 0.137962962963 0.107291666667
4 0.901851851852 0.835416666667 0.131481481481 0.1
