4 0.349074074074 0.219791666667 0.0981481481481 0.0697916666667
4 0.478240740741 0.224739583333 0.165740740741 0.0651041666667
4 0.630555555556 0.222135416667 0.157407407407 0.0671875
4 0.803240740741 0.223958333333 0.202777777778 0.0729166666667
4 0.344907407407 0.34375 0.0861111111111 0.0479166666667
4 0.439351851852 0.33671875 0.121296296296 0.0786458333333
4 0.556944444444 0.3390625 0.115740740741 0.0791666666667
4 0.663425925926 0.340104166667 0.121296296296 0.0791666666667
4 0.781944444444 0.336458333333 0.134259259259 0.0885416666667
4 0.935648148148 0.34140625 0.126851851852 0.0984375
4 0.332407407407 0.441145833333 0.0685185185185 0.0864583333333
4 0.421296296296 0.445572916667 0.114814814815 0.0921875
4 0.537962962963 0.452604166667 0.127777777778 0.0875
4 0.665740740741 0.457552083333 0.125925925926 0.0921875
4 0.789814814815 0.465625 0.127777777778 0.0947916666667
4 0.885648148148 0.46328125 0.087962962963 0.0734375
4 0.954166666667 0.461979166667 0.0898148148148 0.096875
4 0.350462962963 0.556770833333 0.0916666666667 0.0885416666667
4 0.441203703704 0.559635416667 0.10462962963 0.0921875
4 0.544444444444 0.56875 0.114814814815 0.0958333333333
4 0.655092592593 0.579947916667 0.121296296296 0.0901041666667
4 0.77037037037 0.583072916667 0.124074074074 0.100520833333
4 0.929166666667 0.579427083333 0.139814814815 0.0953125
4 0.325 0.659635416667 0.0537037037037 0.0848958333333
4 0.397222222222 0.67109375 0.103703703704 0.0880208333333
4 0.48287037037 0.679947916667 0.106481481481 0.0921875
4 0.607407407407 0.69140625 0.127777777778 0.100520833333
4 0.728240740741 0.7015625 0.132407407407 0.096875
4 0.861574074074 0.711979166667 0.0935185185185 0.111458333333
4 0.954166666667 0.724739583333 0.0898148148148 0.115104166667
4 0.36712962963 0.78125 0.100925925926 0.104166666667
4 0.458333333333 0.792708333333 0.0962962962963 0.0958333333333
4 0.550462962963 0.805729166667 0.110185185185 0.0958333333333
4 0.645833333333 0.81171875 0.102777777778 0.100520833333
4 0.743055555556 0.83046875 0.119444444444 0.109895833333
4 0.856481481481 0.845572916667 0.125925925926 0.0890625
4 0.952314814815 0.860416666667 0.0935185185185 0.1
4 0.163888888889 0.190104166667 0.125925925926 0.0979166666667
4 0.0481481481481 0.16640625 0.0962962962963 0.0911458333333
4 0.255092592593 0.331770833333 0.087962962963 0.0739583333333
4 0.158796296296 0.327604166667 0.115740740741 0.0822916666667
4 0.0587962962963 0.328385416667 0.119444444444 0.0932291666667
4 0.263888888889 0.421354166667 0.087037037037 0.0479166666667
4 0.262962962963 0.466927083333 0.0851851851852 0.0494791666667
4 0.178703703704 0.43359375 0.112962962963 0.0567708333333
4 0.179166666667 0.487239583333 0.10462962963 0.0609375
4 0.0657407407407 0.444010416667 0.127777777778 0.0765625
4 0.0666666666667 0.512760416667 0.135185185185 0.0692708333333
4 0.238425925926 0.580208333333 0.0953703703704 0.0635416666667
4 0.188888888889 0.607552083333 0.111111111111 0.0755208333333
4 0.125 0.627604166667 0.114814814815 0.0822916666667
4 0.05 0.659635416667 0.0962962962963 0.1015625
4 0.231018518519 0.696614583333 0.102777777778 0.1109375
4 0.160185185185 0.7390625 0.116666666667 0.1125
4 0.0875 0.783072916667 0.136111111111 0.111979166667
