1 0.0416666666667 0.0572916666667 0.0851851851852 0.115625
1 0.129166666667 0.0578125 0.0953703703704 0.116666666667
1 0.206481481481 0.0630208333333 0.0888888888889 0.127083333333
1 0.288425925926 0.0640625 0.100925925926 0.129166666667
1 0.359259259259 0.06640625 0.0833333333333 0.133854166667
1 0.440277777778 0.06875 0.0972222222222 0.138541666667
1 0.50462962963 0.0721354166667 0.0722222222222 0.1453125
1 0.555555555556 0.0697916666667 0.0685185185185 0.140625
1 0.616666666667 0.0734375 0.087037037037 0.147916666667
1 0.683333333333 0.0763020833333 0.0759259259259 0.153645833333
1 0.75787037037 0.0791666666667 0.0805555555556 0.159375
1 0.81712962963 0.0786458333333 0.0768518518519 0.158333333333
1 0.879166666667 0.0786458333333 0.0805555555556 0.158333333333
1 0.925462962963 0.0802083333333 0.0824074074074 0.161458333333
1 0.96712962963 0.0864583333333 0.0638888888889 0.167708333333
1 0.0546296296296 0.272135416667 0.111111111111 0.178645833333
1 0.14537037037 0.266927083333 0.0777777777778 0.177604166667
1 0.211574074074 0.266666666667 0.0990740740741 0.176041666667
1 0.284259259259 0.266927083333 0.0925925925926 0.177604166667
1 0.345833333333 0.267447916667 0.0805555555556 0.171354166667
1 0.402314814815 0.264583333333 0.0787037037037 0.175
1 0.469444444444 0.2640625 0.0592592592593 0.176041666667
1 0.523148148148 0.265104166667 0.0722222222222 0.1625
1 0.576388888889 0.264322916667 0.0675925925926 0.1734375
1 0.6375 0.264583333333 0.0824074074074 0.177083333333
1 0.697685185185 0.267708333333 0.0842592592593 0.153125
1 0.75462962963 0.262760416667 0.0666666666667 0.1578125
1 0.81712962963 0.26640625 0.0768518518519 0.146354166667
1 0.873148148148 0.268229166667 0.0759259259259 0.1375
1 0.921296296296 0.266145833333 0.0703703703704 0.14375
1 0.968518518519 0.265885416667 0.0537037037037 0.138020833333
1 0.0282407407407 0.49375 0.0583333333333 0.165625
1 0.0828703703704 0.488020833333 0.0972222222222 0.15625
1 0.177314814815 0.4765625 0.0842592592593 0.160416666667
1 0.255092592593 0.474739583333 0.0805555555556 0.155729166667
1 0.326388888889 0.474739583333 0.075 0.1578125
1 0.39212962963 0.462760416667 0.0824074074074 0.149479166667
1 0.444907407407 0.45390625 0.0601851851852 0.146354166667
1 0.514814814815 0.452604166667 0.0851851851852 0.14375
1 0.577314814815 0.449739583333 0.0657407407407 0.130729166667
1 0.629166666667 0.44765625 0.062037037037 0.128645833333
1 0.676388888889 0.445833333333 0.062037037037 0.122916666667
1 0.731944444444 0.43828125 0.0657407407407 0.1265625
1 0.780092592593 0.43515625 0.0601851851852 0.127604166667
1 0.826851851852 0.425 0.0740740740741 0.132291666667
1 0.874074074074 0.425 0.0611111111111 0.127083333333
1 0.912962962963 0.42265625 0.0537037037037 0.127604166667
1 0.944444444444 0.423177083333 0.0685185185185 0.121354166667
1 0.980555555556 0.425 0.037037037037 0.130208333333
1 0.0291666666667 0.689583333333 0.0601851851852 0.148958333333
1 0.0726851851852 0.675 0.0805555555556 0.14375
1 0.133796296296 0.661979166667 0.0638888888889 0.14375
1 0.205092592593 0.655208333333 0.0787037037037 0.141666666667
1 0.260648148148 0.647916666667 0.0694444444444 0.133333333333
1 0.315277777778 0.640364583333 0.0768518518519 0.1296875
1 0.370833333333 0.633854166667 0.0638888888889 0.129166666667
1 0.427314814815 0.620572916667 0.062037037037 0.1296875
1 0.481944444444 0.6140625 0.0601851851852 0.121875
1 0.534259259259 0.61015625 0.0574074074074 0.125520833333
1 0.586111111111 0.604427083333 0.0574074074074 0.127604166667
1 0.629166666667 0.596614583333 0.0583333333333 0.1171875
1 0.678703703704 0.594010416667 0.0740740740741 0.118229166667
1 0.723611111111 0.5859375 0.0657407407407 0.111458333333
1 0.777314814815 0.565104166667 0.0416666666667 0.08125
1 0.809259259259 0.560416666667 0.0388888888889 0.0854166666667
1 0.843518518519 0.553385416667 0.0518518518519 0.0838541666667
1 0.88287037037 0.54765625 0.0564814814815 0.0859375
1 0.913888888889 0.5546875 0.0648148148148 0.1
1 0.967592592593 0.551041666667 0.062962962963 0.104166666667
1 0.0402777777778 0.852604166667 0.0824074074074 0.116666666667
1 0.0731481481481 0.827864583333 0.0740740740741 0.0953125
1 0.120833333333 0.80859375 0.075 0.0890625
1 0.180555555556 0.80859375 0.0814814814815 0.100520833333
1 0.236111111111 0.798697916667 0.0740740740741 0.0973958333333
1 0.296296296296 0.786979166667 0.0685185185185 0.102083333333
1 0.353240740741 0.776302083333 0.062037037037 0.0963541666667
1 0.406481481481 0.760677083333 0.0703703703704 0.0973958333333
1 0.456018518519 0.754947916667 0.0546296296296 0.0953125
1 0.532407407407 0.7484375 0.0740740740741 0.103125
1 0.574537037037 0.740885416667 0.0435185185185 0.106770833333
1 0.610185185185 0.725260416667 0.0666666666667 0.0984375
1 0.653703703704 0.715885416667 0.05 0.0963541666667
1 0.691666666667 0.714322916667 0.0685185185185 0.0994791666667
1 0.73287037037 0.705729166667 0.0564814814815 0.0916666666667
1 0.789814814815 0.702864583333 0.0777777777778 0.0901041666667
1 0.834722222222 0.69296875 0.0546296296296 0.0984375
1 0.869907407407 0.683854166667 0.0583333333333 0.0916666666667
1 0.914814814815 0.674479166667 0.0462962962963 0.0916666666667
1 0.95 0.666927083333 0.0407407407407 0.0921875
1 0.977314814815 0.668229166667 0.0435185185185 0.102083333333
