2 0.108333333333 0.140625 0.218518518519 0.163541666667
2 0.35 0.1125 0.277777777778 0.151041666667
2 0.625 0.130729166667 0.272222222222 0.122916666667
2 0.866666666667 0.115885416667 0.261111111111 0.118229166667
2 0.877777777778 0.379947916667 0.242592592593 0.143229166667
2 0.633333333333 0.374479166667 0.255555555556 0.114583333333
2 0.393518518519 0.35546875 0.257407407407 0.0786458333333
2 0.402777777778 0.413020833333 0.246296296296 0.0822916666667
2 0.15462962963 0.354166666667 0.244444444444 0.071875
2 0.182407407407 0.417447916667 0.242592592593 0.0661458333333
2 0.062962962963 0.584635416667 0.127777777778 0.1046875
2 0.148611111111 0.511197916667 0.19537037037 0.0640625
2 0.301388888889 0.571875 0.247222222222 0.0885416666667
2 0.305092592593 0.64375 0.265740740741 0.0791666666667
2 0.564814814815 0.573697916667 0.255555555556 0.0776041666667
2 0.571296296296 0.644791666667 0.222222222222 0.08125
2 0.856944444444 0.61171875 0.284259259259 0.0661458333333
2 0.836574074074 0.6703125 0.30462962963 0.071875
2 0.139351851852 0.785416666667 0.280555555556 0.133333333333
2 0.412962962963 0.805729166667 0.259259259259 0.120833333333
2 0.619444444444 0.796354166667 0.2 0.111458333333
2 0.864351851852 0.818229166667 0.232407407407 0.08125
2 0.865740740741 0.880989583333 0.238888888889 0.0723958333333
2 0.0888888888889 0.959895833333 0.17962962963 0.0791666666667
2 0.280092592593 0.954427083333 0.215740740741 0.0848958333333
