4 0.193518518519 0.102083333333 0.185185185185 0.134375
4 0.375925925926 0.109895833333 0.161111111111 0.125
4 0.530092592593 0.108072916667 0.178703703704 0.1046875
4 0.680092592593 0.12109375 0.163888888889 0.0921875
4 0.835648148148 0.114322916667 0.178703703704 0.113020833333
4 0.834259259259 0.270572916667 0.175925925926 0.144270833333
4 0.659722222222 0.266145833333 0.210185185185 0.139583333333
4 0.485648148148 0.270572916667 0.163888888889 0.133854166667
4 0.341666666667 0.267708333333 0.17962962963 0.132291666667
4 0.221296296296 0.270572916667 0.148148148148 0.113020833333
4 0.0916666666667 0.26953125 0.166666666667 0.125520833333
4 0.153703703704 0.4484375 0.161111111111 0.129166666667
4 0.278240740741 0.447395833333 0.163888888889 0.1375
4 0.431481481481 0.4484375 0.142592592593 0.139583333333
4 0.563888888889 0.446875 0.142592592593 0.132291666667
4 0.713888888889 0.446614583333 0.157407407407 0.128645833333
4 0.805092592593 0.9109375 0.173148148148 0.147916666667
4 0.633333333333 0.90859375 0.157407407407 0.159895833333
4 0.462037037037 0.918229166667 0.161111111111 0.1375
1 0.858333333333 0.748958333333 0.0759259259259 0.111458333333
1 0.940740740741 0.74765625 0.0666666666667 0.108854166667
