1 0.0324074074074 0.209114583333 0.0666666666667 0.0848958333333
1 0.100925925926 0.207291666667 0.0722222222222 0.0833333333333
1 0.143055555556 0.208333333333 0.0453703703704 0.08125
1 0.182407407407 0.204427083333 0.0574074074074 0.0869791666667
1 0.220833333333 0.216145833333 0.0601851851852 0.0708333333333
1 0.266666666667 0.214322916667 0.05 0.0671875
1 0.314351851852 0.217708333333 0.062037037037 0.0625
1 0.359722222222 0.219010416667 0.062037037037 0.0630208333333
1 0.409722222222 0.21953125 0.0601851851852 0.0661458333333
1 0.468518518519 0.219010416667 0.0703703703704 0.0651041666667
1 0.518055555556 0.217708333333 0.0583333333333 0.0677083333333
1 0.568518518519 0.22109375 0.0722222222222 0.0651041666667
1 0.626851851852 0.220052083333 0.0666666666667 0.0651041666667
1 0.678240740741 0.22421875 0.062037037037 0.0640625
1 0.728703703704 0.223177083333 0.0481481481481 0.0661458333333
1 0.775 0.220052083333 0.0537037037037 0.0723958333333
1 0.819444444444 0.221875 0.0518518518519 0.0729166666667
1 0.868518518519 0.221354166667 0.0555555555556 0.0791666666667
1 0.928240740741 0.215885416667 0.0638888888889 0.0869791666667
1 0.974537037037 0.219010416667 0.0490740740741 0.0807291666667
1 0.0138888888889 0.312760416667 0.0296296296296 0.0765625
1 0.107407407407 0.3125 0.0648148148148 0.08125
1 0.148611111111 0.31328125 0.0564814814815 0.0828125
1 0.193518518519 0.314583333333 0.0685185185185 0.0802083333333
1 0.232407407407 0.316666666667 0.0518518518519 0.0729166666667
1 0.268981481481 0.312239583333 0.0583333333333 0.0817708333333
1 0.305555555556 0.31484375 0.0537037037037 0.0880208333333
1 0.356481481481 0.314322916667 0.0685185185185 0.0890625
1 0.412962962963 0.317447916667 0.0666666666667 0.0880208333333
1 0.468518518519 0.316145833333 0.0574074074074 0.090625
1 0.530092592593 0.316666666667 0.062037037037 0.0895833333333
1 0.731944444444 0.3359375 0.0657407407407 0.0552083333333
1 0.629166666667 0.3328125 0.0416666666667 0.0291666666667
1 0.668981481481 0.332291666667 0.0435185185185 0.0322916666667
1 0.806944444444 0.33671875 0.0675925925926 0.0567708333333
1 0.894444444444 0.340625 0.0740740740741 0.0604166666667
1 0.971296296296 0.341145833333 0.0555555555556 0.059375
1 0.0324074074074 0.446354166667 0.0666666666667 0.108333333333
1 0.0740740740741 0.43515625 0.0518518518519 0.0859375
1 0.124074074074 0.4359375 0.0685185185185 0.0895833333333
1 0.184259259259 0.434895833333 0.0666666666667 0.0895833333333
1 0.269907407407 0.431770833333 0.0472222222222 0.08125
1 0.656944444444 0.448697916667 0.0601851851852 0.0890625
1 0.706944444444 0.449739583333 0.062037037037 0.0869791666667
1 0.831481481481 0.475260416667 0.0722222222222 0.0526041666667
1 0.844907407407 0.42265625 0.062037037037 0.0536458333333
1 0.0453703703704 0.567447916667 0.0685185185185 0.0880208333333
1 0.135185185185 0.566145833333 0.0703703703704 0.090625
1 0.0138888888889 0.691927083333 0.0296296296296 0.0755208333333
1 0.0425925925926 0.690104166667 0.05 0.071875
1 0.0805555555556 0.683072916667 0.0481481481481 0.0671875
1 0.189814814815 0.571354166667 0.0518518518519 0.0875
1 0.24212962963 0.57421875 0.062037037037 0.0838541666667
1 0.309259259259 0.575260416667 0.0722222222222 0.0859375
1 0.363425925926 0.573177083333 0.0657407407407 0.0838541666667
1 0.697685185185 0.590885416667 0.0601851851852 0.0848958333333
1 0.748611111111 0.5921875 0.0694444444444 0.0822916666667
1 0.809259259259 0.598177083333 0.0722222222222 0.0776041666667
1 0.846759259259 0.59453125 0.062037037037 0.0828125
1 0.88287037037 0.589322916667 0.0472222222222 0.0744791666667
1 0.943981481481 0.569010416667 0.0824074074074 0.0546875
1 0.928240740741 0.613020833333 0.0768518518519 0.059375
1 0.121759259259 0.68125 0.0731481481481 0.0895833333333
1 0.162037037037 0.6859375 0.0537037037037 0.0958333333333
1 0.195833333333 0.6953125 0.0638888888889 0.101041666667
1 0.277777777778 0.697395833333 0.0685185185185 0.103125
1 0.337037037037 0.69765625 0.0537037037037 0.1078125
1 0.385648148148 0.70390625 0.0638888888889 0.0994791666667
1 0.74212962963 0.728125 0.075 0.090625
1 0.80462962963 0.7328125 0.0685185185185 0.0947916666667
1 0.130092592593 0.833072916667 0.0768518518519 0.1171875
1 0.193981481481 0.836979166667 0.0768518518519 0.120833333333
1 0.264351851852 0.837760416667 0.0787037037037 0.1171875
1 0.3 0.89375 0.0537037037037 0.0604166666667
1 0.411111111111 0.90078125 0.0703703703704 0.0536458333333
1 0.47037037037 0.90078125 0.0574074074074 0.0557291666667
1 0.46712962963 0.842708333333 0.0638888888889 0.046875
1 0.674074074074 0.867708333333 0.0574074074074 0.0479166666667
