2 0.046875 0.127777777778 0.0947916666667 0.105555555556
2 0.13125 0.119444444444 0.0822916666667 0.111111111111
2 0.2140625 0.121759259259 0.0916666666667 0.113888888889
2 0.3046875 0.123148148148 0.0979166666667 0.118518518519
2 0.3828125 0.116203703704 0.0833333333333 0.117592592593
2 0.461458333333 0.128240740741 0.0822916666667 0.112037037037
2 0.534895833333 0.124537037037 0.0875 0.0972222222222
2 0.6125 0.115277777778 0.078125 0.108333333333
2 0.686979166667 0.125462962963 0.0833333333333 0.102777777778
2 0.761458333333 0.127314814815 0.0697916666667 0.102777777778
2 0.841666666667 0.11712962963 0.084375 0.0972222222222
2 0.9078125 0.131018518519 0.0729166666667 0.102777777778
2 0.966145833333 0.250462962963 0.0666666666667 0.0824074074074
2 0.908333333333 0.247685185185 0.090625 0.0768518518519
2 0.830208333333 0.253240740741 0.078125 0.087962962963
2 0.755729166667 0.254166666667 0.0791666666667 0.0861111111111
2 0.826041666667 0.341203703704 0.0760416666667 0.0787037037037
2 0.755729166667 0.341203703704 0.08125 0.075
2 0.683333333333 0.334722222222 0.0802083333333 0.087962962963
2 0.606770833333 0.338425925926 0.075 0.0805555555556
2 0.611458333333 0.2625 0.0739583333333 0.0916666666667
2 0.531770833333 0.256944444444 0.075 0.102777777778
2 0.532291666667 0.351388888889 0.078125 0.0953703703704
2 0.453645833333 0.343981481481 0.0791666666667 0.0805555555556
2 0.455729166667 0.25787037037 0.0583333333333 0.0935185185185
2 0.381770833333 0.345833333333 0.0833333333333 0.117592592593
2 0.300520833333 0.252314814815 0.09375 0.115740740741
2 0.303645833333 0.356018518519 0.075 0.0898148148148
2 0.228125 0.355092592593 0.103125 0.113888888889
2 0.14375 0.254166666667 0.096875 0.112037037037
2 0.0526041666667 0.261574074074 0.104166666667 0.108333333333
2 0.0494791666667 0.356018518519 0.0958333333333 0.0824074074074
2 0.133854166667 0.359722222222 0.0791666666667 0.0972222222222
2 0.0578125 0.477314814815 0.0875 0.0916666666667
2 0.14375 0.493055555556 0.107291666667 0.0824074074074
2 0.221875 0.473611111111 0.0802083333333 0.0916666666667
2 0.308333333333 0.464351851852 0.0885416666667 0.0953703703704
2 0.386979166667 0.46712962963 0.08125 0.10462962963
2 0.5328125 0.456018518519 0.0895833333333 0.075
2 0.683854166667 0.452314814815 0.0895833333333 0.0898148148148
2 0.803645833333 0.44212962963 0.110416666667 0.0805555555556
2 0.812239583333 0.526851851852 0.0869791666667 0.0851851851852
2 0.745833333333 0.535648148148 0.065625 0.0935185185185
2 0.688020833333 0.534722222222 0.0791666666667 0.0842592592593
2 0.615104166667 0.533796296296 0.0875 0.0861111111111
2 0.535416666667 0.536574074074 0.0760416666667 0.0953703703704
2 0.4625 0.540277777778 0.078125 0.110185185185
2 0.3890625 0.547685185185 0.0916666666667 0.0768518518519
2 0.3078125 0.556018518519 0.0916666666667 0.075
2 0.2265625 0.553240740741 0.06875 0.0842592592593
2 0.152083333333 0.569907407407 0.0822916666667 0.0694444444444
2 0.0697916666667 0.560648148148 0.084375 0.0842592592593
2 0.0919270833333 0.69537037037 0.0838541666667 0.12962962963
2 0.163541666667 0.690277777778 0.0614583333333 0.125
2 0.236458333333 0.690277777778 0.0822916666667 0.113888888889
2 0.315104166667 0.681944444444 0.075 0.100925925926
2 0.3859375 0.681944444444 0.0729166666667 0.112037037037
2 0.465104166667 0.674537037037 0.0833333333333 0.112037037037
2 0.538541666667 0.665277777778 0.0822916666667 0.100925925926
2 0.605729166667 0.66712962963 0.08125 0.126851851852
2 0.6796875 0.653240740741 0.0791666666667 0.117592592593
2 0.7515625 0.652314814815 0.0645833333333 0.0972222222222
2 0.8125 0.645833333333 0.065625 0.125
2 0.8796875 0.647685185185 0.0708333333333 0.117592592593
2 0.9421875 0.639351851852 0.0666666666667 0.123148148148
2 0.941145833333 0.733796296296 0.0625 0.100925925926
2 0.875520833333 0.748611111111 0.0791666666667 0.115740740741
2 0.8046875 0.743981481481 0.0625 0.102777777778
2 0.742708333333 0.745833333333 0.0760416666667 0.0953703703704
2 0.675520833333 0.756944444444 0.08125 0.0953703703704
2 0.608333333333 0.768981481481 0.0739583333333 0.0861111111111
2 0.5359375 0.765277777778 0.08125 0.0935185185185
2 0.460416666667 0.775462962963 0.0739583333333 0.0953703703704
2 0.3875 0.778240740741 0.0802083333333 0.075
2 0.3125 0.770833333333 0.084375 0.108333333333
2 0.235416666667 0.790277777778 0.084375 0.0916666666667
2 0.164583333333 0.793981481481 0.0697916666667 0.0731481481481
2 0.0901041666667 0.790277777778 0.08125 0.0805555555556
2 0.0953125 0.910648148148 0.0958333333333 0.117592592593
2 0.170833333333 0.903240740741 0.0864583333333 0.121296296296
2 0.252604166667 0.903240740741 0.0791666666667 0.128703703704
2 0.329166666667 0.901388888889 0.0697916666667 0.117592592593
2 0.3953125 0.89212962963 0.0791666666667 0.102777777778
2 0.469791666667 0.930555555556 0.071875 0.103703703704
2 0.668229166667 0.884722222222 0.08125 0.117592592593
2 0.749739583333 0.876851851852 0.0901041666667 0.0962962962963
2 0.809895833333 0.949074074074 0.075 0.0962962962963
2 0.899479166667 0.343055555556 0.0729166666667 0.100925925926
2 0.9640625 0.343055555556 0.0666666666667 0.0972222222222
2 0.03984375 0.0425925925926 0.0807291666667 0.0796296296296
2 0.126822916667 0.0328703703704 0.0869791666667 0.0675925925926
2 0.208333333333 0.0365740740741 0.090625 0.0675925925926
2 0.29453125 0.0296296296296 0.0869791666667 0.05
2 0.378385416667 0.0319444444444 0.0838541666667 0.0638888888889
2 0.4578125 0.0388888888889 0.0822916666667 0.0759259259259
2 0.537760416667 0.0412037037037 0.0796875 0.0824074074074
2 0.67890625 0.0351851851852 0.0911458333333 0.0648148148148
2 0.766666666667 0.0430555555556 0.0791666666667 0.0805555555556
2 0.838802083333 0.0402777777778 0.0734375 0.0731481481481
2 0.908854166667 0.0412037037037 0.0697916666667 0.0824074074074
2 0.972135416667 0.049537037037 0.0557291666667 0.0916666666667
2 0.969270833333 0.137037037037 0.0583333333333 0.0814814814815
2 0.94453125 0.436574074074 0.0703125 0.0768518518519
2 0.948697916667 0.518981481481 0.0609375 0.0861111111111
2 0.884895833333 0.513888888889 0.0625 0.114814814815
2 0.974739583333 0.828240740741 0.0505208333333 0.075
2 0.974739583333 0.908796296296 0.0505208333333 0.0898148148148
2 0.7421875 0.958333333333 0.0729166666667 0.0759259259259
2 0.672916666667 0.966203703704 0.0833333333333 0.0601851851852
2 0.585416666667 0.89212962963 0.0666666666667 0.0787037037037
2 0.522395833333 0.882407407407 0.053125 0.0925925925926
2 0.3890625 0.972222222222 0.08125 0.0537037037037
2 0.0270833333333 0.784722222222 0.0541666666667 0.106481481481
2 0.02265625 0.684259259259 0.0453125 0.0888888888889
2 0.0145833333333 0.555092592593 0.0302083333333 0.102777777778
2 0.46015625 0.45 0.0609375 0.0611111111111
2 0.682291666667 0.253240740741 0.0604166666667 0.0787037037037
2 0.220052083333 0.25787037037 0.0651041666667 0.0953703703704
