2 0.0435185185185 0.234375 0.0888888888889 0.1125
2 0.188425925926 0.221354166667 0.193518518519 0.125
2 0.381018518519 0.225260416667 0.191666666667 0.109895833333
2 0.522222222222 0.134375 0.164814814815 0.102083333333
2 0.542592592593 0.231770833333 0.144444444444 0.0927083333333
2 0.671759259259 0.11953125 0.173148148148 0.116145833333
2 0.683333333333 0.214322916667 0.15 0.0880208333333
2 0.822222222222 0.110677083333 0.177777777778 0.1078125
2 0.827314814815 0.208854166667 0.15462962963 0.1125
2 0.941666666667 0.0934895833333 0.114814814815 0.1265625
2 0.956018518519 0.199739583333 0.0861111111111 0.115104166667
2 0.950925925926 0.361458333333 0.0962962962963 0.090625
2 0.953703703704 0.457291666667 0.0907407407407 0.1
2 0.838888888889 0.3625 0.157407407407 0.0885416666667
2 0.841666666667 0.446875 0.146296296296 0.0885416666667
2 0.698611111111 0.368229166667 0.156481481481 0.0927083333333
2 0.700925925926 0.44453125 0.12037037037 0.0838541666667
2 0.562962962963 0.378125 0.144444444444 0.0895833333333
2 0.568981481481 0.450520833333 0.132407407407 0.0791666666667
2 0.428240740741 0.464322916667 0.19537037037 0.0484375
2 0.219444444444 0.467708333333 0.222222222222 0.0583333333333
2 0.115277777778 0.575260416667 0.150925925926 0.0953125
2 0.281018518519 0.637760416667 0.173148148148 0.0557291666667
2 0.46712962963 0.637760416667 0.187962962963 0.0442708333333
2 0.628240740741 0.565625 0.15462962963 0.0895833333333
2 0.651388888889 0.63984375 0.149074074074 0.0755208333333
2 0.789351851852 0.56796875 0.156481481481 0.0776041666667
2 0.791666666667 0.640104166667 0.144444444444 0.090625
2 0.939351851852 0.572395833333 0.119444444444 0.0895833333333
2 0.935185185185 0.658072916667 0.127777777778 0.0942708333333
2 0.948611111111 0.811979166667 0.100925925926 0.0916666666667
2 0.775925925926 0.797135416667 0.0925925925926 0.0848958333333
2 0.0652777777778 0.760677083333 0.132407407407 0.0807291666667
2 0.195833333333 0.778125 0.175 0.0947916666667
2 0.357407407407 0.786458333333 0.181481481481 0.0614583333333
2 0.522222222222 0.798177083333 0.198148148148 0.0640625
2 0.0560185185185 0.40703125 0.113888888889 0.0755208333333
2 0.0527777777778 0.455729166667 0.107407407407 0.059375
2 0.691203703704 0.752604166667 0.10462962963 0.0729166666667
