4 0.205555555556 0.0552083333333 0.177777777778 0.0729166666667
4 0.421296296296 0.0919270833333 0.190740740741 0.0588541666667
4 0.588425925926 0.090625 0.19537037037 0.0635416666667
4 0.764814814815 0.09140625 0.185185185185 0.0651041666667
4 0.936574074074 0.0916666666667 0.125 0.0541666666667
4 0.0824074074074 0.208072916667 0.166666666667 0.0651041666667
4 0.0949074074074 0.266927083333 0.191666666667 0.0661458333333
4 0.294907407407 0.222395833333 0.241666666667 0.03125
4 0.298611111111 0.270052083333 0.247222222222 0.0671875
4 0.491203703704 0.234114583333 0.14537037037 0.1359375
4 0.62962962963 0.231770833333 0.12962962963 0.140625
4 0.760185185185 0.230729166667 0.140740740741 0.136458333333
4 0.889814814815 0.233072916667 0.142592592593 0.131770833333
4 0.105555555556 0.397135416667 0.212962962963 0.143229166667
4 0.311574074074 0.39609375 0.221296296296 0.141145833333
4 0.485185185185 0.39296875 0.140740740741 0.106770833333
4 0.626388888889 0.393489583333 0.162037037037 0.124479166667
4 0.753240740741 0.395572916667 0.149074074074 0.1328125
4 0.897222222222 0.39140625 0.140740740741 0.1265625
4 0.050462962963 0.55625 0.102777777778 0.104166666667
4 0.155555555556 0.55546875 0.142592592593 0.100520833333
4 0.291203703704 0.554947916667 0.150925925926 0.106770833333
4 0.430092592593 0.550520833333 0.0898148148148 0.115625
4 0.525925925926 0.554947916667 0.12962962963 0.1140625
4 0.642592592593 0.553125 0.12962962963 0.110416666667
4 0.766203703704 0.55546875 0.152777777778 0.115104166667
4 0.896296296296 0.556770833333 0.138888888889 0.107291666667
4 0.0578703703704 0.7203125 0.117592592593 0.078125
4 0.141203703704 0.692447916667 0.176851851852 0.0984375
4 0.235185185185 0.703645833333 0.137037037037 0.111458333333
4 0.345833333333 0.708333333333 0.163888888889 0.104166666667
4 0.530092592593 0.702604166667 0.130555555556 0.10625
4 0.668055555556 0.704947916667 0.150925925926 0.1234375
4 0.813888888889 0.703645833333 0.122222222222 0.104166666667
4 0.943981481481 0.70546875 0.110185185185 0.115104166667
4 0.0550925925926 0.878125 0.112037037037 0.110416666667
4 0.207407407407 0.875 0.153703703704 0.120833333333
4 0.365277777778 0.870572916667 0.15462962963 0.1203125
4 0.508333333333 0.86796875 0.127777777778 0.127604166667
4 0.624537037037 0.867708333333 0.136111111111 0.138541666667
4 0.720833333333 0.862239583333 0.134259259259 0.134895833333
4 0.864351851852 0.865885416667 0.117592592593 0.1421875
4 0.962962962963 0.863802083333 0.0722222222222 0.150520833333
