1 0.119907407407 0.0583333333333 0.0805555555556 0.117708333333
1 0.189814814815 0.059375 0.0851851851852 0.119791666667
1 0.270833333333 0.059375 0.0861111111111 0.119791666667
1 0.340740740741 0.06015625 0.0833333333333 0.121354166667
1 0.413888888889 0.0606770833333 0.0814814814815 0.122395833333
1 0.481944444444 0.0606770833333 0.100925925926 0.122395833333
1 0.566203703704 0.059375 0.10462962963 0.119791666667
1 0.662037037037 0.0611979166667 0.111111111111 0.1234375
1 0.752314814815 0.0611979166667 0.102777777778 0.1234375
1 0.824074074074 0.0606770833333 0.107407407407 0.122395833333
1 0.910185185185 0.0625 0.109259259259 0.126041666667
1 0.0402777777778 0.216666666667 0.0824074074074 0.132291666667
1 0.0930555555556 0.218489583333 0.0805555555556 0.138020833333
1 0.160648148148 0.220052083333 0.0842592592593 0.1484375
1 0.215740740741 0.221354166667 0.0740740740741 0.14375
1 0.270833333333 0.221354166667 0.0861111111111 0.145833333333
1 0.339814814815 0.22421875 0.0925925925926 0.144270833333
1 0.410648148148 0.22421875 0.102777777778 0.1515625
1 0.48287037037 0.226302083333 0.0990740740741 0.1609375
1 0.558796296296 0.230989583333 0.102777777778 0.156770833333
1 0.637037037037 0.22890625 0.107407407407 0.158854166667
1 0.725925925926 0.245572916667 0.107407407407 0.1296875
1 0.799537037037 0.25 0.0990740740741 0.132291666667
1 0.875 0.249479166667 0.109259259259 0.133333333333
1 0.947685185185 0.25546875 0.102777777778 0.138020833333
1 0.0509259259259 0.372916666667 0.087037037037 0.113541666667
1 0.106481481481 0.374479166667 0.0740740740741 0.121875
1 0.148611111111 0.376302083333 0.0768518518519 0.127604166667
1 0.197685185185 0.380208333333 0.0842592592593 0.133333333333
1 0.259722222222 0.386197916667 0.0805555555556 0.1359375
1 0.327314814815 0.388541666667 0.0842592592593 0.133333333333
1 0.393981481481 0.39140625 0.0787037037037 0.136979166667
1 0.452777777778 0.39609375 0.0925925925926 0.1390625
1 0.534259259259 0.401822916667 0.0907407407407 0.1390625
1 0.610648148148 0.403645833333 0.106481481481 0.1375
1 0.698148148148 0.420833333333 0.105555555556 0.123958333333
1 0.772222222222 0.425 0.105555555556 0.122916666667
1 0.84537037037 0.42734375 0.107407407407 0.125520833333
1 0.924074074074 0.432291666667 0.112962962963 0.123958333333
1 0.0268518518519 0.504947916667 0.0555555555556 0.108854166667
1 0.0689814814815 0.510677083333 0.0824074074074 0.116145833333
1 0.130092592593 0.514583333333 0.0842592592593 0.1125
1 0.188425925926 0.523958333333 0.075 0.119791666667
1 0.243055555556 0.530208333333 0.0731481481481 0.113541666667
1 0.336111111111 0.536458333333 0.0888888888889 0.121875
1 0.403240740741 0.541927083333 0.0805555555556 0.1203125
1 0.467592592593 0.5546875 0.0888888888889 0.122916666667
1 0.534259259259 0.553385416667 0.0703703703704 0.116145833333
1 0.590740740741 0.559375 0.0888888888889 0.122916666667
1 0.671296296296 0.577083333333 0.0888888888889 0.119791666667
1 0.744444444444 0.579427083333 0.087037037037 0.124479166667
1 0.821759259259 0.5921875 0.0842592592593 0.123958333333
1 0.895833333333 0.59453125 0.0842592592593 0.121354166667
1 0.959259259259 0.60390625 0.0796296296296 0.119270833333
1 0.0527777777778 0.640104166667 0.0833333333333 0.104166666667
1 0.134259259259 0.649479166667 0.0851851851852 0.10625
1 0.200925925926 0.659895833333 0.087037037037 0.102083333333
1 0.275925925926 0.673697916667 0.0925925925926 0.108854166667
1 0.351388888889 0.678385416667 0.0953703703704 0.1109375
1 0.443518518519 0.688802083333 0.0907407407407 0.116145833333
1 0.533333333333 0.699739583333 0.0925925925926 0.115104166667
1 0.692592592593 0.718489583333 0.103703703704 0.105729166667
1 0.769907407407 0.72890625 0.113888888889 0.1078125
1 0.840740740741 0.73984375 0.107407407407 0.116145833333
1 0.92037037037 0.743489583333 0.0888888888889 0.1109375
1 0.968518518519 0.74921875 0.0611111111111 0.118229166667
1 0.087037037037 0.79765625 0.142592592593 0.159895833333
1 0.209259259259 0.815625 0.144444444444 0.152083333333
1 0.326388888889 0.834114583333 0.160185185185 0.163020833333
1 0.440740740741 0.8578125 0.146296296296 0.173958333333
1 0.679166666667 0.8796875 0.175 0.14375
1 0.830555555556 0.904166666667 0.194444444444 0.157291666667
1 0.933333333333 0.922395833333 0.131481481481 0.154166666667
