0 0.890740740741 0.115104166667 0.175925925926 0.1875
0 0.725462962963 0.115885416667 0.160185185185 0.184895833333
0 0.593518518519 0.110677083333 0.133333333333 0.178645833333
0 0.469907407407 0.115625 0.126851851852 0.184375
0 0.344907407407 0.1046875 0.149074074074 0.18125
0 0.206018518519 0.10703125 0.139814814815 0.188020833333
0 0.0828703703704 0.103125 0.141666666667 0.188541666667
0 0.838425925926 0.373958333333 0.123148148148 0.169791666667
0 0.723148148148 0.359895833333 0.12037037037 0.170833333333
0 0.610185185185 0.358333333333 0.114814814815 0.178125
0 0.497685185185 0.359114583333 0.126851851852 0.1859375
0 0.379166666667 0.351302083333 0.136111111111 0.191145833333
0 0.267592592593 0.347916666667 0.142592592593 0.184375
0 0.155092592593 0.343489583333 0.126851851852 0.1859375
0 0.687962962963 0.566145833333 0.118518518519 0.15
0 0.525462962963 0.555729166667 0.130555555556 0.147916666667
0 0.4375 0.554427083333 0.0935185185185 0.146354166667
0 0.352777777778 0.5515625 0.12037037037 0.158333333333
0 0.239814814815 0.5484375 0.111111111111 0.14375
0 0.148611111111 0.548177083333 0.126851851852 0.1515625
0 0.062962962963 0.537239583333 0.12037037037 0.152604166667
0 0.315277777778 0.729427083333 0.0842592592593 0.0630208333333
0 0.358333333333 0.92734375 0.0851851851852 0.0442708333333
0 0.887037037037 0.74453125 0.101851851852 0.0953125
0 0.962037037037 0.758333333333 0.0740740740741 0.071875
0 0.867592592593 0.95546875 0.087037037037 0.0453125
