4 0.099537037037 0.244270833333 0.158333333333 0.139583333333
4 0.258333333333 0.205729166667 0.166666666667 0.1125
4 0.486111111111 0.199739583333 0.112962962963 0.100520833333
4 0.667592592593 0.24765625 0.198148148148 0.1421875
4 0.890740740741 0.21328125 0.2 0.1421875
4 0.0273148148148 0.399739583333 0.0564814814815 0.1171875
4 0.1375 0.402083333333 0.162037037037 0.114583333333
4 0.275 0.43671875 0.17037037037 0.133854166667
4 0.44212962963 0.409635416667 0.162037037037 0.134895833333
4 0.649074074074 0.397916666667 0.185185185185 0.1375
4 0.847685185185 0.411458333333 0.163888888889 0.138541666667
4 0.96712962963 0.39375 0.0638888888889 0.138541666667
4 0.0328703703704 0.587239583333 0.0675925925926 0.1515625
4 0.159259259259 0.600260416667 0.17037037037 0.153645833333
4 0.349537037037 0.572916666667 0.149074074074 0.130208333333
4 0.483333333333 0.56328125 0.125925925926 0.1203125
4 0.653240740741 0.5734375 0.163888888889 0.127083333333
4 0.789351851852 0.542447916667 0.14537037037 0.124479166667
4 0.961111111111 0.570052083333 0.0759259259259 0.133854166667
4 0.106018518519 0.754947916667 0.152777777778 0.1421875
4 0.259259259259 0.751041666667 0.168518518519 0.145833333333
4 0.388888888889 0.720052083333 0.125925925926 0.1078125
4 0.50787037037 0.715104166667 0.132407407407 0.1125
4 0.669907407407 0.729427083333 0.176851851852 0.119270833333
4 0.854166666667 0.704427083333 0.137962962963 0.119270833333
4 0.968981481481 0.696614583333 0.0601851851852 0.106770833333
4 0.127777777778 0.878645833333 0.155555555556 0.113541666667
4 0.340277777778 0.91484375 0.213888888889 0.0942708333333
4 0.477314814815 0.8484375 0.134259259259 0.110416666667
4 0.656944444444 0.89375 0.163888888889 0.13125
4 0.851851851852 0.83125 0.155555555556 0.1375
4 0.96712962963 0.85625 0.0638888888889 0.151041666667
