1 0.0342592592593 0.141927083333 0.0703703703704 0.0942708333333
1 0.087962962963 0.143229166667 0.0703703703704 0.0958333333333
1 0.148611111111 0.146614583333 0.0768518518519 0.0963541666667
1 0.240277777778 0.1953125 0.0824074074074 0.13125
1 0.309722222222 0.194010416667 0.0953703703704 0.1359375
1 0.387962962963 0.196875 0.0740740740741 0.132291666667
1 0.455092592593 0.2078125 0.0768518518519 0.114583333333
1 0.496296296296 0.21484375 0.0648148148148 0.0984375
1 0.562962962963 0.20546875 0.111111111111 0.1265625
1 0.638888888889 0.209114583333 0.087037037037 0.1265625
1 0.724074074074 0.2109375 0.0907407407407 0.129166666667
1 0.773148148148 0.215625 0.0814814814815 0.127083333333
1 0.82962962963 0.222916666667 0.0759259259259 0.123958333333
1 0.947685185185 0.2234375 0.102777777778 0.122916666667
1 0.0310185185185 0.285416666667 0.0638888888889 0.0708333333333
1 0.0967592592593 0.28671875 0.0768518518519 0.0734375
1 0.174537037037 0.290625 0.0787037037037 0.0677083333333
1 0.259722222222 0.371614583333 0.0805555555556 0.125520833333
1 0.361111111111 0.376302083333 0.0907407407407 0.116145833333
1 0.441666666667 0.38125 0.0907407407407 0.115625
1 0.544907407407 0.37109375 0.0787037037037 0.130729166667
1 0.601388888889 0.3734375 0.0842592592593 0.144791666667
1 0.67037037037 0.3765625 0.087037037037 0.136458333333
1 0.739814814815 0.379166666667 0.087037037037 0.144791666667
1 0.843055555556 0.383854166667 0.0953703703704 0.135416666667
1 0.918055555556 0.383854166667 0.0768518518519 0.13125
1 0.977314814815 0.391927083333 0.0435185185185 0.138020833333
1 0.0425925925926 0.542447916667 0.0833333333333 0.0567708333333
1 0.0412037037037 0.59453125 0.0805555555556 0.0526041666667
1 0.109722222222 0.594010416667 0.0805555555556 0.0671875
1 0.165740740741 0.539583333333 0.0740740740741 0.0625
1 0.177314814815 0.588802083333 0.0731481481481 0.0567708333333
1 0.240277777778 0.535677083333 0.0898148148148 0.1171875
1 0.32037037037 0.550520833333 0.0740740740741 0.126041666667
1 0.412037037037 0.551822916667 0.0851851851852 0.1265625
1 0.519444444444 0.534895833333 0.0703703703704 0.130208333333
1 0.568055555556 0.5453125 0.0805555555556 0.132291666667
1 0.640277777778 0.543489583333 0.0768518518519 0.128645833333
1 0.714351851852 0.548177083333 0.0805555555556 0.130729166667
1 0.761574074074 0.54375 0.0675925925926 0.123958333333
1 0.816203703704 0.543229166667 0.0787037037037 0.127083333333
1 0.903703703704 0.551041666667 0.0851851851852 0.132291666667
1 0.972222222222 0.557291666667 0.0537037037037 0.133333333333
1 0.246296296296 0.684635416667 0.0703703703704 0.105729166667
1 0.309259259259 0.686458333333 0.0685185185185 0.104166666667
1 0.369444444444 0.687760416667 0.0666666666667 0.0994791666667
1 0.423148148148 0.684635416667 0.0574074074074 0.0984375
1 0.481018518519 0.686458333333 0.0861111111111 0.0947916666667
1 0.540740740741 0.699739583333 0.087037037037 0.1171875
1 0.611111111111 0.680208333333 0.0722222222222 0.0802083333333
1 0.706481481481 0.702083333333 0.0888888888889 0.119791666667
1 0.769907407407 0.699739583333 0.0805555555556 0.109895833333
1 0.833796296296 0.704427083333 0.0842592592593 0.119270833333
1 0.911111111111 0.70859375 0.0740740740741 0.1203125
1 0.971296296296 0.702864583333 0.0555555555556 0.0994791666667
1 0.306944444444 0.892447916667 0.117592592593 0.106770833333
1 0.513888888889 0.894270833333 0.107407407407 0.108333333333
1 0.719444444444 0.89765625 0.107407407407 0.1078125
1 0.928240740741 0.899479166667 0.110185185185 0.109375
