1 0.0537037037037 0.194791666667 0.0888888888889 0.102083333333
1 0.124537037037 0.193489583333 0.0787037037037 0.1046875
1 0.189814814815 0.192708333333 0.0851851851852 0.103125
1 0.25 0.193489583333 0.0703703703704 0.1046875
1 0.302777777778 0.19765625 0.0592592592593 0.0963541666667
1 0.35 0.197916666667 0.0722222222222 0.090625
1 0.410648148148 0.193489583333 0.0657407407407 0.0953125
1 0.456018518519 0.191145833333 0.062037037037 0.1
1 0.512037037037 0.18671875 0.0703703703704 0.106770833333
1 0.575462962963 0.18515625 0.0657407407407 0.106770833333
1 0.6375 0.184635416667 0.0787037037037 0.105729166667
1 0.685648148148 0.18828125 0.0601851851852 0.0984375
1 0.737037037037 0.186979166667 0.0648148148148 0.0916666666667
1 0.833796296296 0.181770833333 0.0768518518519 0.102083333333
1 0.899537037037 0.182291666667 0.0675925925926 0.101041666667
1 0.963425925926 0.183854166667 0.0712962962963 0.09375
1 0.16712962963 0.567447916667 0.087962962963 0.133854166667
1 0.263888888889 0.576041666667 0.0722222222222 0.144791666667
1 0.32962962963 0.577864583333 0.0888888888889 0.143229166667
1 0.418055555556 0.577083333333 0.0805555555556 0.144791666667
1 0.478703703704 0.571354166667 0.0666666666667 0.142708333333
1 0.539351851852 0.575 0.0805555555556 0.144791666667
1 0.607407407407 0.5765625 0.0759259259259 0.141666666667
1 0.674537037037 0.576041666667 0.0824074074074 0.144791666667
1 0.0240740740741 0.76171875 0.05 0.127604166667
1 0.0773148148148 0.762239583333 0.0953703703704 0.1359375
1 0.15787037037 0.755729166667 0.0898148148148 0.135416666667
1 0.227777777778 0.757291666667 0.0740740740741 0.132291666667
1 0.287962962963 0.758333333333 0.0740740740741 0.134375
1 0.344907407407 0.76015625 0.075 0.1265625
1 0.414814814815 0.7578125 0.0907407407407 0.135416666667
1 0.499537037037 0.76640625 0.0990740740741 0.141145833333
1 0.574537037037 0.757552083333 0.0935185185185 0.140104166667
1 0.654166666667 0.765885416667 0.102777777778 0.1421875
1 0.745833333333 0.763020833333 0.0990740740741 0.141666666667
1 0.0486111111111 0.932291666667 0.0990740740741 0.134375
1 0.139351851852 0.89296875 0.0953703703704 0.0661458333333
1 0.260648148148 0.914583333333 0.102777777778 0.102083333333
1 0.379166666667 0.8984375 0.0805555555556 0.0697916666667
1 0.460185185185 0.90703125 0.1 0.0848958333333
1 0.588888888889 0.932291666667 0.116666666667 0.134375
1 0.8625 0.909375 0.110185185185 0.105208333333
4 0.961111111111 0.904166666667 0.0759259259259 0.090625
4 0.831018518519 0.75078125 0.0861111111111 0.138020833333
4 0.896296296296 0.74609375 0.111111111111 0.119270833333
4 0.906944444444 0.659895833333 0.0990740740741 0.157291666667
