1 0.0291666666667 0.167708333333 0.0601851851852 0.15625
1 0.0787037037037 0.166145833333 0.0722222222222 0.165625
1 0.147685185185 0.165364583333 0.0861111111111 0.1703125
1 0.227777777778 0.1703125 0.0944444444444 0.147916666667
1 0.302777777778 0.1703125 0.0814814814815 0.151041666667
1 0.371759259259 0.1703125 0.0861111111111 0.153125
1 0.446759259259 0.173697916667 0.0972222222222 0.1578125
1 0.521759259259 0.2015625 0.0787037037037 0.0885416666667
1 0.588888888889 0.202083333333 0.0722222222222 0.09375
1 0.653703703704 0.196354166667 0.087037037037 0.0989583333333
1 0.731481481481 0.19453125 0.0907407407407 0.0994791666667
1 0.802777777778 0.1953125 0.0851851851852 0.103125
1 0.863425925926 0.1984375 0.0657407407407 0.0916666666667
1 0.923148148148 0.196354166667 0.0907407407407 0.09375
1 0.972685185185 0.1953125 0.0527777777778 0.105208333333
1 0.0291666666667 0.368229166667 0.0601851851852 0.141666666667
1 0.0981481481481 0.36953125 0.0981481481481 0.1390625
1 0.171296296296 0.365104166667 0.0888888888889 0.133333333333
1 0.244907407407 0.36953125 0.0805555555556 0.1296875
1 0.313888888889 0.370052083333 0.087037037037 0.128645833333
1 0.384259259259 0.36875 0.0907407407407 0.133333333333
1 0.465277777778 0.370572916667 0.0638888888889 0.0932291666667
1 0.509722222222 0.37578125 0.0824074074074 0.100520833333
1 0.578703703704 0.376302083333 0.0888888888889 0.106770833333
1 0.664814814815 0.380989583333 0.112962962963 0.108854166667
1 0.750925925926 0.378125 0.0888888888889 0.1125
1 0.824537037037 0.365364583333 0.0953703703704 0.1421875
1 0.887962962963 0.365364583333 0.0740740740741 0.138020833333
1 0.948611111111 0.366666666667 0.0972222222222 0.142708333333
1 0.0537037037037 0.54765625 0.0925925925926 0.1296875
1 0.121759259259 0.546614583333 0.0842592592593 0.1296875
1 0.190740740741 0.5453125 0.0833333333333 0.115625
1 0.254166666667 0.546354166667 0.0787037037037 0.125
1 0.323611111111 0.548177083333 0.0805555555556 0.115104166667
1 0.387962962963 0.51875 0.0666666666667 0.0885416666667
1 0.454166666667 0.514583333333 0.0824074074074 0.0802083333333
1 0.5125 0.513541666667 0.0805555555556 0.0822916666667
1 0.587962962963 0.519270833333 0.087037037037 0.0875
1 0.648611111111 0.514583333333 0.0638888888889 0.0822916666667
1 0.699537037037 0.522135416667 0.0805555555556 0.0932291666667
1 0.757407407407 0.5296875 0.0685185185185 0.0989583333333
1 0.854166666667 0.544791666667 0.100925925926 0.13125
1 0.926388888889 0.534375 0.0842592592593 0.123958333333
1 0.972685185185 0.5234375 0.0527777777778 0.120833333333
1 0.0268518518519 0.711979166667 0.0555555555556 0.130208333333
1 0.0699074074074 0.711979166667 0.0805555555556 0.125
1 0.139351851852 0.709895833333 0.0898148148148 0.122916666667
1 0.24212962963 0.686979166667 0.0583333333333 0.0895833333333
1 0.288425925926 0.699479166667 0.0731481481481 0.102083333333
1 0.344907407407 0.69296875 0.075 0.0942708333333
1 0.383333333333 0.700520833333 0.0888888888889 0.1
1 0.576851851852 0.673697916667 0.0888888888889 0.0630208333333
1 0.647222222222 0.70546875 0.0907407407407 0.0984375
1 0.704166666667 0.723697916667 0.0935185185185 0.106770833333
1 0.770833333333 0.71953125 0.0953703703704 0.105729166667
1 0.87037037037 0.696354166667 0.109259259259 0.103125
1 0.7625 0.884375 0.132407407407 0.1625
1 0.862037037037 0.89765625 0.125925925926 0.158854166667
