0 0.0694444444444 0.1015625 0.140740740741 0.202083333333
0 0.19537037037 0.0963541666667 0.122222222222 0.19375
0 0.309259259259 0.101041666667 0.138888888889 0.194791666667
0 0.436111111111 0.102864583333 0.159259259259 0.200520833333
0 0.580555555556 0.106770833333 0.159259259259 0.214583333333
0 0.724074074074 0.113541666667 0.157407407407 0.211458333333
0 0.868518518519 0.115625 0.168518518519 0.215625
0 0.833333333333 0.379166666667 0.153703703704 0.169791666667
0 0.710185185185 0.383333333333 0.151851851852 0.182291666667
0 0.588888888889 0.37421875 0.124074074074 0.174479166667
0 0.473148148148 0.3703125 0.133333333333 0.177083333333
0 0.347685185185 0.361979166667 0.14537037037 0.18125
0 0.229166666667 0.359114583333 0.139814814815 0.172395833333
0 0.109722222222 0.344270833333 0.139814814815 0.166666666667
0 0.0972222222222 0.554427083333 0.133333333333 0.152604166667
0 0.203703703704 0.561197916667 0.105555555556 0.146354166667
0 0.303240740741 0.568489583333 0.110185185185 0.140104166667
0 0.396296296296 0.571354166667 0.12037037037 0.1375
0 0.498148148148 0.578645833333 0.131481481481 0.15
0 0.607407407407 0.582291666667 0.142592592593 0.146875
0 0.713425925926 0.5875 0.136111111111 0.148958333333
0 0.881944444444 0.594010416667 0.158333333333 0.161979166667
0 0.967592592593 0.16171875 0.062962962963 0.158854166667
0 0.0324074074074 0.3453125 0.0666666666667 0.16875
0 0.932407407407 0.380989583333 0.133333333333 0.1828125
0 0.0361111111111 0.552604166667 0.0740740740741 0.122916666667
0 0.452777777778 0.753645833333 0.122222222222 0.0583333333333
0 0.463425925926 0.953385416667 0.0935185185185 0.0526041666667
0 0.0402777777778 0.923697916667 0.0824074074074 0.0369791666667
