0 0.0513888888889 0.14453125 0.10462962963 0.125520833333
0 0.124074074074 0.142447916667 0.0888888888889 0.1203125
0 0.1875 0.139583333333 0.100925925926 0.119791666667
0 0.267592592593 0.133854166667 0.0888888888889 0.126041666667
0 0.340740740741 0.138020833333 0.0833333333333 0.120833333333
0 0.415740740741 0.132552083333 0.0925925925926 0.1265625
0 0.486111111111 0.133333333333 0.0888888888889 0.122916666667
0 0.556944444444 0.129947916667 0.0787037037037 0.118229166667
0 0.627777777778 0.1234375 0.0925925925926 0.126041666667
0 0.709259259259 0.11953125 0.087037037037 0.127604166667
0 0.788425925926 0.115885416667 0.0935185185185 0.1390625
0 0.910648148148 0.133333333333 0.075 0.102083333333
0 0.964351851852 0.13046875 0.0694444444444 0.1078125
0 0.0375 0.307552083333 0.0768518518519 0.105729166667
0 0.106481481481 0.307552083333 0.103703703704 0.109895833333
0 0.16712962963 0.3046875 0.0935185185185 0.111458333333
0 0.241203703704 0.301041666667 0.0805555555556 0.113541666667
0 0.303703703704 0.297395833333 0.0666666666667 0.122916666667
0 0.369444444444 0.3046875 0.087037037037 0.120833333333
0 0.439351851852 0.3015625 0.0824074074074 0.114583333333
0 0.505555555556 0.296875 0.0907407407407 0.1125
0 0.578240740741 0.294791666667 0.0768518518519 0.1125
0 0.649537037037 0.298177083333 0.0824074074074 0.1078125
0 0.722685185185 0.290104166667 0.0842592592593 0.116666666667
0 0.788425925926 0.289583333333 0.0842592592593 0.113541666667
0 0.886111111111 0.295833333333 0.0833333333333 0.084375
0 0.0685185185185 0.461458333333 0.0796296296296 0.107291666667
0 0.025 0.4625 0.0518518518519 0.119791666667
0 0.137037037037 0.463541666667 0.0833333333333 0.103125
0 0.204166666667 0.4671875 0.0805555555556 0.105208333333
0 0.270833333333 0.4671875 0.0953703703704 0.101041666667
0 0.327314814815 0.454947916667 0.0768518518519 0.0973958333333
0 0.381944444444 0.453385416667 0.0824074074074 0.0984375
0 0.448148148148 0.457552083333 0.0777777777778 0.0994791666667
0 0.512037037037 0.45546875 0.0703703703704 0.0984375
0 0.556944444444 0.454947916667 0.0453703703704 0.0994791666667
0 0.598148148148 0.460416666667 0.0777777777778 0.105208333333
0 0.668981481481 0.459635416667 0.0731481481481 0.108854166667
0 0.741203703704 0.46015625 0.0805555555556 0.1078125
0 0.812037037037 0.459635416667 0.0703703703704 0.108854166667
0 0.893518518519 0.459635416667 0.0925925925926 0.0973958333333
0 0.0351851851852 0.607291666667 0.0722222222222 0.0989583333333
0 0.0930555555556 0.603645833333 0.0805555555556 0.101041666667
0 0.153240740741 0.604947916667 0.0787037037037 0.0984375
0 0.215277777778 0.602604166667 0.075 0.108333333333
0 0.270833333333 0.60625 0.0787037037037 0.101041666667
0 0.334722222222 0.604427083333 0.0824074074074 0.0994791666667
0 0.39537037037 0.604166666667 0.0722222222222 0.102083333333
0 0.459259259259 0.60625 0.0685185185185 0.101041666667
0 0.521759259259 0.604427083333 0.062037037037 0.106770833333
0 0.587037037037 0.60625 0.0759259259259 0.105208333333
0 0.650462962963 0.609635416667 0.0675925925926 0.0984375
0 0.716203703704 0.60625 0.0768518518519 0.101041666667
0 0.782407407407 0.6078125 0.0722222222222 0.102083333333
0 0.869444444444 0.595572916667 0.0907407407407 0.1078125
0 0.956018518519 0.601041666667 0.0861111111111 0.0947916666667
0 0.0310185185185 0.729427083333 0.0638888888889 0.0859375
0 0.0856481481481 0.728125 0.075 0.0947916666667
0 0.143055555556 0.727083333333 0.0787037037037 0.090625
0 0.269907407407 0.705989583333 0.0731481481481 0.0557291666667
0 0.322222222222 0.707552083333 0.0666666666667 0.0557291666667
0 0.376851851852 0.710416666667 0.0759259259259 0.059375
0 0.275925925926 0.751822916667 0.0555555555556 0.0473958333333
0 0.321296296296 0.751302083333 0.0685185185185 0.0484375
0 0.381018518519 0.751822916667 0.0731481481481 0.0473958333333
0 0.451851851852 0.702864583333 0.0666666666667 0.0463541666667
0 0.518981481481 0.698697916667 0.0712962962963 0.0453125
0 0.57962962963 0.699479166667 0.0777777777778 0.04375
0 0.454166666667 0.74375 0.075 0.0427083333333
0 0.511574074074 0.747135416667 0.0657407407407 0.0546875
0 0.577314814815 0.736458333333 0.062037037037 0.0395833333333
0 0.646296296296 0.702604166667 0.0685185185185 0.0510416666667
0 0.708333333333 0.707291666667 0.0685185185185 0.0416666666667
0 0.764351851852 0.7078125 0.062037037037 0.05
0 0.63287037037 0.740885416667 0.0583333333333 0.0463541666667
0 0.692592592593 0.7421875 0.0574074074074 0.0510416666667
0 0.758796296296 0.747916666667 0.0787037037037 0.0510416666667
0 0.847222222222 0.736458333333 0.087037037037 0.113541666667
0 0.920833333333 0.739322916667 0.0824074074074 0.1171875
0 0.0375 0.906510416667 0.0768518518519 0.0953125
0 0.0949074074074 0.904166666667 0.0842592592593 0.0885416666667
0 0.155555555556 0.902864583333 0.0666666666667 0.0953125
0 0.206018518519 0.913541666667 0.0805555555556 0.0927083333333
0 0.271759259259 0.9140625 0.0768518518519 0.09375
0 0.351388888889 0.8953125 0.0787037037037 0.09375
0 0.413888888889 0.890885416667 0.0722222222222 0.0963541666667
0 0.47037037037 0.892447916667 0.0703703703704 0.0880208333333
0 0.536574074074 0.91171875 0.0990740740741 0.119270833333
0 0.626851851852 0.913541666667 0.107407407407 0.113541666667
0 0.717592592593 0.887239583333 0.118518518519 0.109895833333
0 0.781018518519 0.91796875 0.102777777778 0.118229166667
0 0.859722222222 0.912239583333 0.0990740740741 0.127604166667
0 0.942592592593 0.907552083333 0.112962962963 0.141145833333
