1 0.401388888889 0.12421875 0.113888888889 0.0859375
1 0.716203703704 0.114322916667 0.121296296296 0.1265625
1 0.0282407407407 0.301041666667 0.0583333333333 0.166666666667
1 0.075462962963 0.304947916667 0.0916666666667 0.149479166667
1 0.150462962963 0.303385416667 0.0972222222222 0.155729166667
1 0.22037037037 0.31953125 0.105555555556 0.141145833333
1 0.30462962963 0.322395833333 0.122222222222 0.144791666667
1 0.38287037037 0.322135416667 0.0935185185185 0.1390625
1 0.493518518519 0.32890625 0.107407407407 0.136979166667
1 0.619907407407 0.3265625 0.117592592593 0.134375
1 0.700925925926 0.331770833333 0.0944444444444 0.133333333333
1 0.814351851852 0.331770833333 0.136111111111 0.154166666667
1 0.956944444444 0.337760416667 0.0842592592593 0.138020833333
1 0.0527777777778 0.519270833333 0.0944444444444 0.140625
1 0.131018518519 0.526822916667 0.075 0.134895833333
1 0.186574074074 0.54609375 0.0787037037037 0.119270833333
1 0.259722222222 0.5484375 0.087962962963 0.116666666667
1 0.335648148148 0.5453125 0.0805555555556 0.120833333333
1 0.387962962963 0.562239583333 0.103703703704 0.1265625
1 0.480092592593 0.55 0.0972222222222 0.122916666667
1 0.539814814815 0.559895833333 0.0888888888889 0.121875
1 0.614351851852 0.552864583333 0.0990740740741 0.121354166667
1 0.681481481481 0.546354166667 0.105555555556 0.132291666667
1 0.747222222222 0.549739583333 0.0962962962963 0.1390625
1 0.822685185185 0.5453125 0.0990740740741 0.120833333333
1 0.886111111111 0.562760416667 0.107407407407 0.125520833333
1 0.965277777778 0.578385416667 0.0675925925926 0.1171875
1 0.0560185185185 0.697395833333 0.0972222222222 0.110416666667
1 0.221296296296 0.731510416667 0.127777777778 0.1578125
1 0.355555555556 0.73203125 0.127777777778 0.149479166667
1 0.505555555556 0.73984375 0.12037037037 0.159895833333
1 0.601851851852 0.736979166667 0.127777777778 0.154166666667
1 0.701851851852 0.716145833333 0.122222222222 0.101041666667
1 0.805555555556 0.71953125 0.124074074074 0.0984375
1 0.900462962963 0.73671875 0.132407407407 0.119270833333
1 0.0527777777778 0.890364583333 0.107407407407 0.1109375
1 0.156018518519 0.88828125 0.0990740740741 0.1078125
1 0.219444444444 0.91796875 0.131481481481 0.159895833333
1 0.32037037037 0.920572916667 0.127777777778 0.1578125
1 0.418055555556 0.916666666667 0.121296296296 0.153125
1 0.519907407407 0.920833333333 0.123148148148 0.152083333333
1 0.600925925926 0.92265625 0.105555555556 0.136979166667
1 0.696296296296 0.919791666667 0.0925925925926 0.15625
1 0.777777777778 0.92578125 0.109259259259 0.147395833333
1 0.860648148148 0.924479166667 0.117592592593 0.15
1 0.946759259259 0.927604166667 0.10462962963 0.14375
