4 0.284722222222 0.140625 0.221296296296 0.148958333333
4 0.4875 0.134375 0.208333333333 0.159375
4 0.711111111111 0.129427083333 0.224074074074 0.153645833333
4 0.893055555556 0.12890625 0.175 0.156770833333
4 0.868981481481 0.307291666667 0.150925925926 0.0989583333333
4 0.693518518519 0.309114583333 0.222222222222 0.100520833333
4 0.473148148148 0.30859375 0.244444444444 0.100520833333
4 0.268518518519 0.31640625 0.198148148148 0.102604166667
4 0.103240740741 0.452083333333 0.139814814815 0.090625
4 0.1 0.140625 0.201851851852 0.146875
4 0.0861111111111 0.317708333333 0.168518518519 0.1
4 0.232407407407 0.4515625 0.142592592593 0.084375
4 0.362962962963 0.452083333333 0.12962962963 0.0885416666667
4 0.496296296296 0.4515625 0.142592592593 0.0802083333333
4 0.547222222222 0.471614583333 0.181481481481 0.0442708333333
4 0.651851851852 0.46015625 0.140740740741 0.0578125
4 0.785648148148 0.445572916667 0.149074074074 0.0848958333333
4 0.934259259259 0.447916666667 0.12962962963 0.0802083333333
4 0.0273148148148 0.5890625 0.0564814814815 0.08125
4 0.117592592593 0.58828125 0.164814814815 0.0807291666667
4 0.265740740741 0.584114583333 0.159259259259 0.0723958333333
4 0.391666666667 0.582552083333 0.127777777778 0.0755208333333
4 0.514351851852 0.58046875 0.136111111111 0.0765625
4 0.660648148148 0.577604166667 0.14537037037 0.078125
4 0.809722222222 0.5765625 0.125 0.075
4 0.941666666667 0.571614583333 0.114814814815 0.0755208333333
4 0.0486111111111 0.71171875 0.0990740740741 0.0744791666667
4 0.159722222222 0.70546875 0.163888888889 0.0744791666667
4 0.294444444444 0.6984375 0.140740740741 0.0645833333333
4 0.411574074074 0.69765625 0.117592592593 0.0661458333333
4 0.530555555556 0.70078125 0.12037037037 0.0765625
4 0.661111111111 0.691927083333 0.155555555556 0.0661458333333
4 0.812962962963 0.691145833333 0.140740740741 0.0697916666667
4 0.942592592593 0.68828125 0.112962962963 0.0682291666667
4 0.14537037037 0.82890625 0.287037037037 0.0848958333333
4 0.439351851852 0.8234375 0.308333333333 0.0885416666667
4 0.655092592593 0.815104166667 0.143518518519 0.0958333333333
4 0.781018518519 0.81328125 0.123148148148 0.0942708333333
4 0.873148148148 0.797916666667 0.0962962962963 0.0708333333333
4 0.962962962963 0.802083333333 0.0722222222222 0.0739583333333
