5 0.0708333333333 0.168489583333 0.087962962963 0.133854166667
5 0.185185185185 0.172135416667 0.0925925925926 0.1078125
5 0.271759259259 0.1734375 0.075 0.105208333333
5 0.325 0.176822916667 0.0537037037037 0.0932291666667
5 0.374074074074 0.171614583333 0.0703703703704 0.1015625
5 0.422685185185 0.177864583333 0.0527777777778 0.0942708333333
5 0.481944444444 0.177604166667 0.075 0.104166666667
5 0.538888888889 0.1734375 0.0666666666667 0.105208333333
5 0.602314814815 0.169791666667 0.075 0.110416666667
5 0.6625 0.16484375 0.0731481481481 0.1171875
5 0.728240740741 0.156770833333 0.0768518518519 0.136458333333
5 0.803240740741 0.152604166667 0.0787037037037 0.1375
5 0.866666666667 0.152604166667 0.0796296296296 0.135416666667
5 0.937962962963 0.151822916667 0.0814814814815 0.133854166667
5 0.0402777777778 0.362239583333 0.0824074074074 0.1515625
5 0.1125 0.361458333333 0.0898148148148 0.155208333333
5 0.189351851852 0.3609375 0.0916666666667 0.154166666667
5 0.240277777778 0.360416666667 0.0712962962963 0.145833333333
5 0.327314814815 0.358072916667 0.0787037037037 0.143229166667
5 0.393055555556 0.356770833333 0.0824074074074 0.15
5 0.465740740741 0.357291666667 0.0777777777778 0.1375
5 0.526388888889 0.358072916667 0.075 0.1453125
5 0.593055555556 0.357291666667 0.0731481481481 0.146875
5 0.663425925926 0.362760416667 0.0712962962963 0.1171875
5 0.725 0.366927083333 0.087037037037 0.125520833333
5 0.83287037037 0.3515625 0.075 0.146875
5 0.914814814815 0.352604166667 0.0888888888889 0.163541666667
5 0.0611111111111 0.538541666667 0.0814814814815 0.1375
5 0.113425925926 0.537760416667 0.0787037037037 0.143229166667
5 0.177777777778 0.5484375 0.0851851851852 0.155208333333
5 0.251388888889 0.546875 0.0916666666667 0.141666666667
5 0.311111111111 0.541666666667 0.0814814814815 0.1375
5 0.361111111111 0.531770833333 0.0666666666667 0.129166666667
5 0.406481481481 0.529427083333 0.0611111111111 0.1265625
5 0.451851851852 0.538802083333 0.0796296296296 0.141145833333
5 0.551388888889 0.55 0.087962962963 0.146875
5 0.60787037037 0.545572916667 0.0601851851852 0.118229166667
5 0.693518518519 0.54921875 0.0907407407407 0.127604166667
5 0.788425925926 0.53359375 0.0842592592593 0.1421875
5 0.851851851852 0.536458333333 0.0666666666667 0.145833333333
5 0.91712962963 0.542708333333 0.0768518518519 0.15
5 0.973611111111 0.539583333333 0.0509259259259 0.154166666667
5 0.0833333333333 0.737760416667 0.168518518519 0.165104166667
5 0.189814814815 0.75859375 0.112962962963 0.2015625
5 0.286111111111 0.7515625 0.114814814815 0.1875
5 0.397685185185 0.753645833333 0.119444444444 0.196875
5 0.575 0.715625 0.159259259259 0.122916666667
5 0.755555555556 0.75078125 0.183333333333 0.193229166667
5 0.89212962963 0.766927083333 0.117592592593 0.1609375
5 0.944907407407 0.728385416667 0.108333333333 0.150520833333
