4 0.0282407407407 0.196614583333 0.0583333333333 0.127604166667
4 0.0916666666667 0.197916666667 0.0722222222222 0.120833333333
4 0.159722222222 0.198958333333 0.0712962962963 0.11875
4 0.226851851852 0.201041666667 0.0759259259259 0.121875
4 0.29537037037 0.199739583333 0.0759259259259 0.1171875
4 0.363888888889 0.199739583333 0.0685185185185 0.1171875
4 0.445833333333 0.202604166667 0.062037037037 0.11875
4 0.503703703704 0.202604166667 0.0648148148148 0.11875
4 0.560185185185 0.20234375 0.0611111111111 0.119270833333
4 0.606481481481 0.20625 0.0574074074074 0.111458333333
4 0.654166666667 0.18828125 0.0601851851852 0.0703125
4 0.719444444444 0.208072916667 0.0648148148148 0.109895833333
4 0.856944444444 0.20625 0.0731481481481 0.11875
4 0.913425925926 0.210677083333 0.062037037037 0.109895833333
4 0.968518518519 0.2109375 0.0611111111111 0.113541666667
4 0.0240740740741 0.35859375 0.05 0.0942708333333
4 0.0773148148148 0.36015625 0.075 0.0911458333333
4 0.144907407407 0.3609375 0.075 0.0927083333333
4 0.214814814815 0.3609375 0.0703703703704 0.0895833333333
4 0.277777777778 0.362239583333 0.0685185185185 0.0848958333333
4 0.343981481481 0.360416666667 0.075 0.0885416666667
4 0.407407407407 0.357291666667 0.0666666666667 0.0895833333333
4 0.468055555556 0.358072916667 0.0731481481481 0.0859375
4 0.530092592593 0.3578125 0.062037037037 0.0864583333333
4 0.591666666667 0.360416666667 0.0574074074074 0.0885416666667
4 0.652314814815 0.3578125 0.0601851851852 0.0864583333333
4 0.848148148148 0.362760416667 0.0666666666667 0.0932291666667
4 0.898611111111 0.359114583333 0.0453703703704 0.0911458333333
4 0.962962962963 0.359114583333 0.0722222222222 0.0911458333333
4 0.0166666666667 0.49375 0.0351851851852 0.0885416666667
4 0.0675925925926 0.494270833333 0.0648148148148 0.0854166666667
4 0.129166666667 0.494270833333 0.0564814814815 0.0802083333333
4 0.190740740741 0.49375 0.0685185185185 0.0833333333333
4 0.249537037037 0.494270833333 0.0601851851852 0.0854166666667
4 0.30462962963 0.493489583333 0.0685185185185 0.0838541666667
4 0.366203703704 0.494270833333 0.0564814814815 0.0802083333333
4 0.447685185185 0.492447916667 0.0712962962963 0.0859375
4 0.54212962963 0.492447916667 0.0601851851852 0.0817708333333
4 0.610648148148 0.492447916667 0.0583333333333 0.0817708333333
4 0.783333333333 0.496614583333 0.0518518518519 0.0828125
4 0.841203703704 0.49609375 0.062037037037 0.0838541666667
4 0.90462962963 0.495572916667 0.0666666666667 0.0828125
4 0.968518518519 0.495052083333 0.0611111111111 0.0838541666667
4 0.0458333333333 0.62265625 0.0712962962963 0.0755208333333
4 0.105092592593 0.621875 0.062037037037 0.0729166666667
4 0.162962962963 0.619270833333 0.0648148148148 0.0708333333333
4 0.222685185185 0.6203125 0.0601851851852 0.0708333333333
4 0.277314814815 0.619270833333 0.0638888888889 0.078125
4 0.333333333333 0.620572916667 0.0537037037037 0.0755208333333
4 0.386111111111 0.618489583333 0.0537037037037 0.0744791666667
4 0.442592592593 0.619270833333 0.0648148148148 0.0760416666667
4 0.5 0.620572916667 0.0518518518519 0.0734375
4 0.548148148148 0.619791666667 0.0555555555556 0.0697916666667
4 0.753240740741 0.61796875 0.0601851851852 0.0734375
4 0.819444444444 0.61875 0.0592592592593 0.071875
4 0.868055555556 0.620052083333 0.0509259259259 0.0713541666667
4 0.924074074074 0.619270833333 0.0703703703704 0.0708333333333
4 0.975925925926 0.617708333333 0.0462962962963 0.071875
4 0.0263888888889 0.738020833333 0.0546296296296 0.0739583333333
4 0.0791666666667 0.737760416667 0.075 0.0744791666667
4 0.14212962963 0.73828125 0.0731481481481 0.0734375
4 0.205555555556 0.737239583333 0.0648148148148 0.0755208333333
4 0.26712962963 0.737239583333 0.0601851851852 0.0734375
4 0.321759259259 0.738541666667 0.0564814814815 0.0708333333333
4 0.372685185185 0.737760416667 0.0638888888889 0.0744791666667
4 0.423611111111 0.737760416667 0.0601851851852 0.0744791666667
4 0.473148148148 0.734635416667 0.062962962963 0.0734375
4 0.529166666667 0.737760416667 0.0601851851852 0.0723958333333
4 0.581944444444 0.737239583333 0.0601851851852 0.0734375
4 0.634722222222 0.736458333333 0.0601851851852 0.071875
4 0.75787037037 0.734895833333 0.0638888888889 0.078125
4 0.811574074074 0.734635416667 0.062037037037 0.0734375
4 0.864351851852 0.73828125 0.0583333333333 0.0734375
4 0.920833333333 0.736197916667 0.0601851851852 0.0755208333333
4 0.973611111111 0.737239583333 0.0509259259259 0.0734375
4 0.0180555555556 0.863541666667 0.037962962963 0.0875
4 0.0662037037037 0.860416666667 0.0638888888889 0.0864583333333
4 0.124074074074 0.857291666667 0.062962962963 0.0875
4 0.181481481481 0.859895833333 0.0666666666667 0.0916666666667
4 0.2375 0.856770833333 0.0601851851852 0.0864583333333
4 0.691203703704 0.72578125 0.0490740740741 0.0578125
4 0.29212962963 0.861458333333 0.0564814814815 0.09375
4 0.34212962963 0.86015625 0.0583333333333 0.0911458333333
4 0.39537037037 0.860677083333 0.0574074074074 0.0932291666667
4 0.441203703704 0.859114583333 0.0583333333333 0.0932291666667
4 0.491203703704 0.858072916667 0.0564814814815 0.0911458333333
4 0.536574074074 0.856770833333 0.0583333333333 0.0885416666667
4 0.593981481481 0.85625 0.0583333333333 0.0895833333333
4 0.673148148148 0.855729166667 0.0555555555556 0.0958333333333
4 0.743981481481 0.858333333333 0.0583333333333 0.0875
4 0.802314814815 0.858854166667 0.0601851851852 0.0895833333333
4 0.858333333333 0.856770833333 0.0537037037037 0.0864583333333
4 0.911574074074 0.85859375 0.0583333333333 0.0901041666667
4 0.973611111111 0.854427083333 0.0509259259259 0.0838541666667
4 0.514351851852 0.0348958333333 0.128703703704 0.0708333333333
