1 0.43287037037 0.265625 0.0916666666667 0.11875
1 0.338888888889 0.265625 0.107407407407 0.11875
1 0.267592592593 0.277083333333 0.0962962962963 0.119791666667
1 0.318981481481 0.4828125 0.087962962963 0.105208333333
1 0.397222222222 0.486458333333 0.0962962962963 0.105208333333
1 0.477777777778 0.478645833333 0.0962962962963 0.104166666667
1 0.272222222222 0.0497395833333 0.112962962963 0.100520833333
1 0.3875 0.0479166666667 0.0898148148148 0.096875
6 0.485648148148 0.0450520833333 0.087962962963 0.0911458333333
6 0.0634259259259 0.0526041666667 0.119444444444 0.10625
6 0.164814814815 0.053125 0.111111111111 0.107291666667
6 0.172685185185 0.260416666667 0.121296296296 0.153125
6 0.0828703703704 0.2609375 0.119444444444 0.144791666667
6 0.231944444444 0.482291666667 0.0916666666667 0.122916666667
6 0.149074074074 0.484635416667 0.109259259259 0.125520833333
6 0.0731481481481 0.489583333333 0.112962962963 0.128125
6 0.524074074074 0.686197916667 0.185185185185 0.0776041666667
6 0.714351851852 0.679427083333 0.189814814815 0.0744791666667
6 0.528240740741 0.756770833333 0.189814814815 0.04375
6 0.726851851852 0.761979166667 0.185185185185 0.0541666666667
6 0.905555555556 0.74296875 0.17037037037 0.0588541666667
