4 0.135185185185 0.302604166667 0.235185185185 0.18125
4 0.412962962963 0.30703125 0.314814814815 0.1828125
4 0.675925925926 0.333072916667 0.32037037037 0.1578125
4 0.863425925926 0.123697916667 0.271296296296 0.2296875
4 0.562962962963 0.109114583333 0.324074074074 0.206770833333
4 0.772222222222 0.630729166667 0.207407407407 0.15
4 0.397222222222 0.592447916667 0.216666666667 0.146354166667
4 0.140740740741 0.0859375 0.283333333333 0.172916666667
4 0.321759259259 0.09140625 0.158333333333 0.1671875
4 0.8875 0.377604166667 0.223148148148 0.226041666667
4 0.211111111111 0.568229166667 0.155555555556 0.130208333333
4 0.112037037037 0.53046875 0.157407407407 0.100520833333
4 0.575925925926 0.61328125 0.196296296296 0.140104166667
4 0.936574074074 0.674739583333 0.125 0.138020833333
4 0.190740740741 0.859635416667 0.196296296296 0.1515625
4 0.0666666666667 0.812760416667 0.135185185185 0.152604166667
4 0.878240740741 0.947395833333 0.241666666667 0.105208333333
4 0.43287037037 0.862760416667 0.173148148148 0.100520833333
4 0.310185185185 0.8671875 0.172222222222 0.132291666667
4 0.549537037037 0.950260416667 0.163888888889 0.0994791666667
4 0.299537037037 0.687760416667 0.176851851852 0.100520833333
4 0.225462962963 0.7234375 0.193518518519 0.0864583333333
4 0.897222222222 0.834114583333 0.203703703704 0.0838541666667
4 0.836111111111 0.752604166667 0.187037037037 0.0854166666667
4 0.660648148148 0.727083333333 0.178703703704 0.0645833333333
4 0.479166666667 0.7234375 0.252777777778 0.0770833333333
