5 0.0337962962963 0.1765625 0.0694444444444 0.113541666667
5 0.108796296296 0.177604166667 0.087962962963 0.104166666667
5 0.21712962963 0.175 0.0787037037037 0.104166666667
5 0.27037037037 0.1796875 0.0537037037037 0.0979166666667
5 0.324074074074 0.176822916667 0.0685185185185 0.100520833333
5 0.381018518519 0.172916666667 0.0731481481481 0.104166666667
5 0.439351851852 0.172916666667 0.075 0.111458333333
5 0.493055555556 0.165625 0.0731481481481 0.115625
5 0.551388888889 0.15546875 0.075 0.1359375
5 0.619444444444 0.154427083333 0.0796296296296 0.1359375
5 0.688888888889 0.154427083333 0.0833333333333 0.1359375
5 0.768055555556 0.15625 0.0898148148148 0.139583333333
5 0.840277777778 0.151041666667 0.0768518518519 0.138541666667
5 0.906944444444 0.1484375 0.087962962963 0.136458333333
5 0.0388888888889 0.363802083333 0.0796296296296 0.150520833333
5 0.0837962962963 0.360416666667 0.087962962963 0.145833333333
5 0.175462962963 0.3609375 0.0898148148148 0.139583333333
5 0.237037037037 0.359895833333 0.0944444444444 0.146875
5 0.315277777778 0.356770833333 0.0731481481481 0.13125
5 0.375 0.35703125 0.0722222222222 0.133854166667
5 0.431018518519 0.35859375 0.087962962963 0.144270833333
5 0.516666666667 0.36796875 0.0685185185185 0.118229166667
5 0.574074074074 0.366666666667 0.0814814814815 0.120833333333
5 0.67962962963 0.352604166667 0.0851851851852 0.148958333333
5 0.759259259259 0.3515625 0.0962962962963 0.154166666667
5 0.831944444444 0.350260416667 0.0731481481481 0.1421875
5 0.037037037037 0.55625 0.0759259259259 0.144791666667
5 0.101388888889 0.5484375 0.0898148148148 0.136458333333
5 0.168518518519 0.54296875 0.0833333333333 0.1328125
5 0.21712962963 0.534114583333 0.075 0.133854166667
5 0.311111111111 0.534895833333 0.0851851851852 0.141666666667
5 0.397222222222 0.547916666667 0.0833333333333 0.146875
5 0.461574074074 0.547135416667 0.0768518518519 0.124479166667
5 0.544444444444 0.5515625 0.0888888888889 0.120833333333
5 0.637037037037 0.53359375 0.0851851851852 0.1421875
5 0.703703703704 0.534114583333 0.062962962963 0.141145833333
5 0.760185185185 0.541927083333 0.0648148148148 0.147395833333
5 0.843518518519 0.536458333333 0.087037037037 0.145833333333
5 0.0578703703704 0.752604166667 0.117592592593 0.194791666667
5 0.152314814815 0.7484375 0.115740740741 0.19375
5 0.242592592593 0.7484375 0.122222222222 0.19375
5 0.333333333333 0.704947916667 0.112962962963 0.108854166667
5 0.452777777778 0.713802083333 0.157407407407 0.124479166667
5 0.605555555556 0.747135416667 0.17037037037 0.183854166667
5 0.743981481481 0.765104166667 0.121296296296 0.151041666667
5 0.808796296296 0.7234375 0.106481481481 0.151041666667
5 0.901851851852 0.714322916667 0.107407407407 0.125520833333
5 0.958796296296 0.755208333333 0.0805555555556 0.158333333333
