1 0.025 0.078125 0.0518518518519 0.101041666667
1 0.0773148148148 0.0841145833333 0.0824074074074 0.100520833333
1 0.146759259259 0.0869791666667 0.0805555555556 0.104166666667
1 0.208333333333 0.09609375 0.0685185185185 0.0973958333333
1 0.263888888889 0.1015625 0.0685185185185 0.09375
1 0.31712962963 0.109375 0.0638888888889 0.0916666666667
1 0.360648148148 0.11640625 0.0638888888889 0.0848958333333
1 0.40462962963 0.121614583333 0.0703703703704 0.0838541666667
1 0.456018518519 0.127864583333 0.062037037037 0.0755208333333
1 0.504166666667 0.13203125 0.0638888888889 0.0859375
1 0.552777777778 0.140625 0.0703703703704 0.101041666667
1 0.587037037037 0.148177083333 0.0685185185185 0.0973958333333
1 0.630092592593 0.15703125 0.0564814814815 0.0963541666667
1 0.668055555556 0.156770833333 0.062037037037 0.0916666666667
1 0.711111111111 0.161197916667 0.0537037037037 0.0880208333333
1 0.74212962963 0.163802083333 0.0546296296296 0.0869791666667
1 0.774074074074 0.169010416667 0.0555555555556 0.0859375
1 0.854166666667 0.140625 0.0638888888889 0.0614583333333
1 0.898611111111 0.144791666667 0.0453703703704 0.0583333333333
1 0.81712962963 0.192447916667 0.0564814814815 0.0557291666667
1 0.859259259259 0.192447916667 0.0462962962963 0.0557291666667
1 0.0300925925926 0.245572916667 0.062037037037 0.1484375
1 0.100925925926 0.244010416667 0.0851851851852 0.149479166667
1 0.175 0.249479166667 0.0851851851852 0.144791666667
1 0.238888888889 0.254947916667 0.0722222222222 0.1390625
1 0.300925925926 0.25703125 0.0851851851852 0.1296875
1 0.357407407407 0.260677083333 0.0777777777778 0.127604166667
1 0.416666666667 0.2625 0.0703703703704 0.133333333333
1 0.472685185185 0.263020833333 0.0657407407407 0.120833333333
1 0.530092592593 0.278385416667 0.0657407407407 0.0567708333333
1 0.586574074074 0.28359375 0.0564814814815 0.0536458333333
1 0.637037037037 0.28671875 0.0537037037037 0.0453125
1 0.684259259259 0.289583333333 0.05 0.046875
1 0.726851851852 0.291666666667 0.0518518518519 0.0510416666667
1 0.763425925926 0.296354166667 0.0435185185185 0.0395833333333
1 0.818981481481 0.296354166667 0.0638888888889 0.0489583333333
1 0.87037037037 0.298697916667 0.0722222222222 0.0463541666667
1 0.927314814815 0.301041666667 0.0490740740741 0.0489583333333
1 0.531481481481 0.331770833333 0.0685185185185 0.0520833333333
1 0.583333333333 0.332291666667 0.0537037037037 0.0510416666667
1 0.626851851852 0.333072916667 0.062962962963 0.0453125
1 0.673148148148 0.332291666667 0.0518518518519 0.0416666666667
1 0.718518518519 0.335677083333 0.0388888888889 0.0442708333333
1 0.755555555556 0.336458333333 0.0518518518519 0.0364583333333
1 0.808796296296 0.3359375 0.0564814814815 0.0416666666667
1 0.846296296296 0.341145833333 0.0425925925926 0.0427083333333
1 0.881944444444 0.3421875 0.0453703703704 0.040625
1 0.0425925925926 0.415104166667 0.087037037037 0.140625
1 0.119907407407 0.416927083333 0.0842592592593 0.141145833333
1 0.193981481481 0.413020833333 0.0768518518519 0.133333333333
1 0.26712962963 0.414583333333 0.0787037037037 0.125
1 0.343981481481 0.413541666667 0.0805555555556 0.127083333333
1 0.403703703704 0.411979166667 0.0685185185185 0.122916666667
1 0.472685185185 0.4078125 0.0824074074074 0.127083333333
1 0.55462962963 0.445833333333 0.111111111111 0.104166666667
1 0.63287037037 0.444791666667 0.0787037037037 0.111458333333
1 0.691666666667 0.442708333333 0.0722222222222 0.103125
1 0.75 0.438802083333 0.0703703703704 0.0994791666667
1 0.794444444444 0.439583333333 0.0685185185185 0.101041666667
1 0.835648148148 0.437760416667 0.0731481481481 0.0973958333333
1 0.886111111111 0.4359375 0.087037037037 0.09375
1 0.961111111111 0.433072916667 0.0759259259259 0.0859375
1 0.0402777777778 0.583333333333 0.0824074074074 0.134375
1 0.118518518519 0.57890625 0.0907407407407 0.134895833333
1 0.193518518519 0.578385416667 0.0851851851852 0.1359375
1 0.252314814815 0.568229166667 0.075 0.122916666667
1 0.310185185185 0.56015625 0.0740740740741 0.118229166667
1 0.364814814815 0.552864583333 0.0685185185185 0.115104166667
1 0.41712962963 0.549479166667 0.062037037037 0.110416666667
1 0.463425925926 0.540885416667 0.0805555555556 0.1203125
1 0.534259259259 0.5796875 0.111111111111 0.114583333333
1 0.605555555556 0.569270833333 0.0685185185185 0.1125
1 0.663888888889 0.569010416667 0.062962962963 0.109895833333
1 0.719444444444 0.559375 0.0666666666667 0.102083333333
1 0.768981481481 0.554427083333 0.062037037037 0.0973958333333
1 0.823611111111 0.5515625 0.0638888888889 0.101041666667
1 0.869907407407 0.54296875 0.062037037037 0.0880208333333
1 0.90462962963 0.540625 0.062962962963 0.0947916666667
1 0.944444444444 0.530989583333 0.0685185185185 0.0776041666667
1 0.978703703704 0.531510416667 0.0407407407407 0.0765625
1 0.0351851851852 0.728645833333 0.0722222222222 0.121875
1 0.109259259259 0.720833333333 0.112962962963 0.133333333333
1 0.195833333333 0.703125 0.100925925926 0.1125
1 0.288425925926 0.693489583333 0.100925925926 0.118229166667
1 0.369444444444 0.679427083333 0.0907407407407 0.106770833333
1 0.436574074074 0.66875 0.0638888888889 0.103125
1 0.503240740741 0.71796875 0.0990740740741 0.1390625
1 0.584722222222 0.70390625 0.0972222222222 0.127604166667
1 0.662962962963 0.693489583333 0.0851851851852 0.127604166667
1 0.724537037037 0.686458333333 0.0731481481481 0.132291666667
1 0.773148148148 0.671614583333 0.0703703703704 0.108854166667
1 0.836574074074 0.66171875 0.075 0.109895833333
1 0.876851851852 0.650520833333 0.0685185185185 0.104166666667
1 0.921759259259 0.638541666667 0.0805555555556 0.09375
1 0.968518518519 0.639322916667 0.0611111111111 0.0901041666667
1 0.025 0.912760416667 0.0518518518519 0.163020833333
1 0.0930555555556 0.894270833333 0.0972222222222 0.182291666667
1 0.190740740741 0.87578125 0.107407407407 0.158854166667
1 0.267592592593 0.851041666667 0.0851851851852 0.153125
1 0.343981481481 0.835677083333 0.0935185185185 0.1578125
1 0.41712962963 0.819791666667 0.0824074074074 0.14375
