1 0.0351851851852 0.1078125 0.0722222222222 0.210416666667
1 0.105555555556 0.115885416667 0.109259259259 0.2296875
1 0.224074074074 0.118489583333 0.131481481481 0.238020833333
1 0.343981481481 0.120833333333 0.141666666667 0.242708333333
1 0.452777777778 0.123177083333 0.166666666667 0.247395833333
1 0.578703703704 0.12578125 0.162962962963 0.249479166667
1 0.694444444444 0.129427083333 0.198148148148 0.259895833333
1 0.824537037037 0.13359375 0.189814814815 0.268229166667
1 0.931018518519 0.136979166667 0.136111111111 0.275
1 0.0731481481481 0.3890625 0.111111111111 0.23125
1 0.182407407407 0.40546875 0.127777777778 0.222395833333
1 0.291666666667 0.416927083333 0.127777777778 0.233854166667
1 0.403703703704 0.42265625 0.138888888889 0.233854166667
1 0.49537037037 0.433072916667 0.140740740741 0.241145833333
1 0.614814814815 0.444791666667 0.144444444444 0.240625
1 0.717592592593 0.460677083333 0.164814814815 0.243229166667
1 0.835648148148 0.471875 0.171296296296 0.246875
1 0.940277777778 0.4828125 0.117592592593 0.247916666667
1 0.0467592592593 0.645833333333 0.0953703703704 0.194791666667
1 0.125925925926 0.658333333333 0.109259259259 0.207291666667
1 0.241666666667 0.666927083333 0.107407407407 0.2015625
1 0.336574074074 0.683072916667 0.112037037037 0.218229166667
1 0.431944444444 0.698697916667 0.119444444444 0.2140625
1 0.529166666667 0.713020833333 0.100925925926 0.208333333333
1 0.627777777778 0.726822916667 0.12962962963 0.2015625
1 0.718518518519 0.738020833333 0.133333333333 0.207291666667
1 0.812962962963 0.765364583333 0.146296296296 0.199479166667
1 0.936111111111 0.7859375 0.125925925926 0.204166666667
1 0.0560185185185 0.871614583333 0.113888888889 0.169270833333
1 0.160648148148 0.868229166667 0.0972222222222 0.122916666667
1 0.302777777778 0.883854166667 0.0962962962963 0.119791666667
1 0.381018518519 0.900260416667 0.0842592592593 0.1171875
1 0.445833333333 0.912239583333 0.0861111111111 0.118229166667
1 0.519907407407 0.9390625 0.0990740740741 0.120833333333
1 0.634259259259 0.947135416667 0.12962962963 0.1046875
