4 0.0425925925926 0.124479166667 0.087037037037 0.10625
4 0.131481481481 0.126822916667 0.122222222222 0.103645833333
4 0.249074074074 0.134114583333 0.12962962963 0.103645833333
4 0.363425925926 0.1390625 0.143518518519 0.1
4 0.612037037037 0.14140625 0.218518518519 0.131770833333
4 0.816203703704 0.1484375 0.212037037037 0.129166666667
4 0.811111111111 0.320833333333 0.142592592593 0.113541666667
4 0.636111111111 0.318489583333 0.203703703704 0.1015625
4 0.414814814815 0.322916666667 0.231481481481 0.0927083333333
4 0.221296296296 0.305729166667 0.148148148148 0.0958333333333
4 0.0773148148148 0.295833333333 0.156481481481 0.107291666667
4 0.0722222222222 0.464322916667 0.146296296296 0.122395833333
4 0.22037037037 0.46796875 0.187037037037 0.111979166667
4 0.374074074074 0.469791666667 0.157407407407 0.1125
4 0.525 0.47265625 0.142592592593 0.111979166667
4 0.675462962963 0.477604166667 0.186111111111 0.10625
4 0.831944444444 0.481770833333 0.187962962963 0.108333333333
4 0.888888888889 0.6421875 0.164814814815 0.127083333333
4 0.756944444444 0.631510416667 0.163888888889 0.1203125
4 0.623148148148 0.636197916667 0.148148148148 0.128645833333
4 0.488888888889 0.638541666667 0.164814814815 0.130208333333
4 0.35462962963 0.622916666667 0.140740740741 0.119791666667
4 0.206481481481 0.623697916667 0.166666666667 0.116145833333
4 0.0699074074074 0.6140625 0.141666666667 0.122916666667
4 0.300462962963 0.780989583333 0.182407407407 0.130729166667
4 0.110185185185 0.770572916667 0.166666666667 0.130729166667
4 0.461111111111 0.772135416667 0.168518518519 0.0848958333333
4 0.628703703704 0.774739583333 0.185185185185 0.0901041666667
4 0.804166666667 0.784895833333 0.169444444444 0.0854166666667
4 0.849537037037 0.924739583333 0.158333333333 0.0942708333333
4 0.687962962963 0.915364583333 0.174074074074 0.0942708333333
4 0.528703703704 0.919791666667 0.144444444444 0.0885416666667
4 0.303240740741 0.9328125 0.237962962963 0.114583333333
4 0.0967592592593 0.93125 0.163888888889 0.136458333333
4 0.934722222222 0.792708333333 0.128703703704 0.107291666667
4 0.946759259259 0.493489583333 0.10462962963 0.0911458333333
4 0.939814814815 0.3234375 0.118518518519 0.0979166666667
4 0.95462962963 0.154947916667 0.0888888888889 0.127604166667
