2 0.0921875 0.074537037037 0.0791666666667 0.0972222222222
2 0.0953125 0.16712962963 0.0791666666667 0.0898148148148
2 0.16875 0.16712962963 0.078125 0.100925925926
2 0.244791666667 0.0726851851852 0.090625 0.0935185185185
2 0.2515625 0.164351851852 0.0770833333333 0.0916666666667
2 0.321354166667 0.160648148148 0.0729166666667 0.110185185185
2 0.4546875 0.0763888888889 0.0770833333333 0.10462962963
2 0.458854166667 0.172685185185 0.0770833333333 0.0787037037037
2 0.529166666667 0.0680555555556 0.0760416666667 0.0953703703704
2 0.536458333333 0.168055555556 0.0677083333333 0.0953703703704
2 0.60625 0.0708333333333 0.0802083333333 0.10462962963
2 0.609375 0.164351851852 0.0739583333333 0.0990740740741
2 0.684895833333 0.160648148148 0.0708333333333 0.0953703703704
2 0.7546875 0.0671296296296 0.0708333333333 0.112037037037
2 0.760416666667 0.1625 0.0697916666667 0.0990740740741
2 0.8296875 0.1625 0.0708333333333 0.0953703703704
2 0.903645833333 0.0662037037037 0.0770833333333 0.113888888889
2 0.906770833333 0.168055555556 0.075 0.102777777778
2 0.890625 0.365277777778 0.0697916666667 0.0898148148148
2 0.821875 0.3625 0.0677083333333 0.0805555555556
2 0.8203125 0.281944444444 0.0625 0.0675925925926
2 0.752604166667 0.359722222222 0.0770833333333 0.123148148148
2 0.675520833333 0.368981481481 0.0791666666667 0.0972222222222
2 0.675520833333 0.281018518519 0.0770833333333 0.0768518518519
2 0.603645833333 0.371759259259 0.0708333333333 0.0990740740741
2 0.53125 0.366203703704 0.0760416666667 0.102777777778
2 0.538020833333 0.286574074074 0.0729166666667 0.0953703703704
2 0.4609375 0.285648148148 0.075 0.100925925926
2 0.458854166667 0.381018518519 0.0666666666667 0.087962962963
2 0.391666666667 0.35787037037 0.0739583333333 0.137962962963
2 0.321354166667 0.373611111111 0.0854166666667 0.102777777778
2 0.319270833333 0.29212962963 0.0708333333333 0.087962962963
2 0.243229166667 0.289351851852 0.0791666666667 0.0898148148148
2 0.2453125 0.368981481481 0.0770833333333 0.0675925925926
2 0.171875 0.361574074074 0.0760416666667 0.0898148148148
2 0.0932291666667 0.355092592593 0.075 0.0842592592593
2 0.110416666667 0.534722222222 0.078125 0.121296296296
2 0.1859375 0.548611111111 0.0770833333333 0.119444444444
2 0.2515625 0.540277777778 0.075 0.110185185185
2 0.323958333333 0.544907407407 0.0677083333333 0.123148148148
2 0.388020833333 0.546759259259 0.06875 0.130555555556
2 0.449479166667 0.554166666667 0.0791666666667 0.0972222222222
2 0.525 0.48287037037 0.0739583333333 0.0916666666667
2 0.5203125 0.568981481481 0.08125 0.075
2 0.5953125 0.477314814815 0.075 0.0953703703704
2 0.590104166667 0.566203703704 0.075 0.0768518518519
2 0.66875 0.475462962963 0.0739583333333 0.087962962963
2 0.6625 0.573611111111 0.0760416666667 0.0768518518519
2 0.740625 0.479166666667 0.071875 0.0990740740741
2 0.7375 0.568518518519 0.0739583333333 0.0722222222222
2 0.811979166667 0.552314814815 0.0791666666667 0.115740740741
2 0.8875 0.554166666667 0.0760416666667 0.100925925926
2 0.960416666667 0.550462962963 0.0677083333333 0.119444444444
2 0.953645833333 0.681018518519 0.08125 0.117592592593
2 0.880208333333 0.678240740741 0.065625 0.0972222222222
2 0.811979166667 0.676388888889 0.0708333333333 0.10462962963
2 0.739583333333 0.676388888889 0.071875 0.112037037037
2 0.66875 0.674537037037 0.078125 0.100925925926
2 0.596354166667 0.673611111111 0.0708333333333 0.117592592593
2 0.529166666667 0.675462962963 0.0635416666667 0.113888888889
2 0.466666666667 0.668981481481 0.071875 0.115740740741
2 0.4 0.66712962963 0.0677083333333 0.0935185185185
2 0.3296875 0.746759259259 0.08125 0.10462962963
2 0.404166666667 0.756018518519 0.059375 0.0861111111111
2 0.253645833333 0.753240740741 0.0666666666667 0.0842592592593
2 0.1828125 0.666203703704 0.075 0.0916666666667
2 0.128125 0.746759259259 0.078125 0.130555555556
2 0.189583333333 0.759722222222 0.0614583333333 0.10462962963
2 0.939583333333 0.773611111111 0.0822916666667 0.062037037037
2 0.872916666667 0.763425925926 0.078125 0.0712962962963
2 0.728645833333 0.775925925926 0.0791666666667 0.0722222222222
2 0.05546875 0.739351851852 0.0713541666667 0.10462962963
2 0.0734375 0.95 0.0895833333333 0.0981481481481
2 0.265625 0.872685185185 0.0677083333333 0.106481481481
2 0.2734375 0.951388888889 0.0770833333333 0.0694444444444
2 0.402604166667 0.871759259259 0.0729166666667 0.0990740740741
2 0.403645833333 0.963425925926 0.0645833333333 0.0712962962963
2 0.4703125 0.959722222222 0.06875 0.0787037037037
2 0.4734375 0.868981481481 0.0708333333333 0.0972222222222
2 0.542708333333 0.873611111111 0.0614583333333 0.0990740740741
2 0.534375 0.95787037037 0.065625 0.075
2 0.605208333333 0.871759259259 0.0697916666667 0.102777777778
2 0.6 0.960648148148 0.0697916666667 0.062037037037
2 0.6734375 0.866203703704 0.0625 0.0990740740741
2 0.669270833333 0.9625 0.0645833333333 0.0731481481481
2 0.733854166667 0.958796296296 0.0645833333333 0.0805555555556
2 0.736458333333 0.866203703704 0.065625 0.0768518518519
2 0.8 0.927314814815 0.0614583333333 0.0953703703704
2 0.395052083333 0.153240740741 0.0630208333333 0.130555555556
2 0.120572916667 0.650925925926 0.0723958333333 0.0592592592593
2 0.168229166667 0.910185185185 0.0708333333333 0.0851851851852
2 0.219010416667 0.876851851852 0.0255208333333 0.0796296296296
2 0.34296875 0.65462962963 0.0505208333333 0.0555555555556
2 0.0450520833333 0.537962962963 0.0598958333333 0.112962962963
2 0.0307291666667 0.341666666667 0.0510416666667 0.140740740741
2 0.0302083333333 0.168055555556 0.0520833333333 0.0953703703704
2 0.847395833333 0.896759259259 0.0427083333333 0.0935185185185
2 0.9015625 0.900462962963 0.0583333333333 0.0824074074074
2 0.95078125 0.875 0.0338541666667 0.0685185185185
2 0.986458333333 0.897685185185 0.0270833333333 0.110185185185
2 0.979947916667 0.966666666667 0.0401041666667 0.0611111111111
2 0.95078125 0.930555555556 0.0338541666667 0.0407407407407
2 0.09609375 0.85787037037 0.0796875 0.062037037037
2 0.01484375 0.938425925926 0.0296875 0.102777777778
2 0.09765625 0.280092592593 0.0776041666667 0.0601851851852
2 0.680729166667 0.0652777777778 0.0645833333333 0.0731481481481
2 0.97265625 0.157407407407 0.0546875 0.101851851852
2 0.965885416667 0.0736111111111 0.0442708333333 0.0675925925926
2 0.829427083333 0.0662037037037 0.0651041666667 0.0712962962963
2 0.895572916667 0.283333333333 0.0723958333333 0.0796296296296
2 0.962760416667 0.284722222222 0.0692708333333 0.0824074074074
2 0.963541666667 0.367592592593 0.0729166666667 0.0740740740741
2 0.746354166667 0.276851851852 0.0635416666667 0.0574074074074
2 0.599739583333 0.275462962963 0.0588541666667 0.0546296296296
2 0.453385416667 0.473611111111 0.0640625 0.062037037037
2 0.887239583333 0.469907407407 0.0703125 0.0601851851852
2 0.661458333333 0.75787037037 0.0666666666667 0.0638888888889
2 0.59296875 0.75787037037 0.0682291666667 0.062037037037
2 0.528125 0.761111111111 0.0572916666667 0.0518518518519
2 0.4640625 0.753240740741 0.0635416666667 0.0490740740741
2 0.3328125 0.87037037037 0.0583333333333 0.0907407407407
2 0.340885416667 0.951851851852 0.0661458333333 0.0722222222222
2 0.803125 0.763888888889 0.0645833333333 0.0740740740741
