4 0.0518518518519 0.0557291666667 0.105555555556 0.1125
4 0.205555555556 0.0575520833333 0.2 0.116145833333
4 0.384259259259 0.05859375 0.172222222222 0.118229166667
4 0.540740740741 0.0622395833333 0.151851851852 0.125520833333
4 0.701851851852 0.0627604166667 0.175925925926 0.1265625
4 0.862962962963 0.0645833333333 0.162962962963 0.130208333333
4 0.964351851852 0.0658854166667 0.0694444444444 0.1328125
4 0.101388888889 0.23828125 0.20462962963 0.136979166667
4 0.270833333333 0.252604166667 0.208333333333 0.111458333333
4 0.468981481481 0.2609375 0.202777777778 0.115625
4 0.711111111111 0.258072916667 0.22037037037 0.141145833333
4 0.915277777778 0.256770833333 0.167592592593 0.14375
4 0.0814814814815 0.4078125 0.164814814815 0.129166666667
4 0.249074074074 0.415104166667 0.214814814815 0.127083333333
4 0.425462962963 0.419791666667 0.175 0.13125
4 0.559259259259 0.419791666667 0.22962962963 0.147916666667
4 0.756944444444 0.429947916667 0.176851851852 0.1421875
4 0.896296296296 0.425260416667 0.12962962963 0.125520833333
4 0.0337962962963 0.57578125 0.0694444444444 0.141145833333
4 0.129166666667 0.574739583333 0.132407407407 0.143229166667
4 0.268981481481 0.5859375 0.149074074074 0.142708333333
4 0.384259259259 0.587239583333 0.105555555556 0.140104166667
4 0.501851851852 0.593489583333 0.153703703704 0.141145833333
4 0.644907407407 0.595833333333 0.167592592593 0.139583333333
4 0.834259259259 0.5984375 0.203703703704 0.138541666667
4 0.0939814814815 0.744270833333 0.189814814815 0.122916666667
4 0.263888888889 0.753125 0.198148148148 0.127083333333
4 0.426851851852 0.75546875 0.159259259259 0.1265625
4 0.567592592593 0.767447916667 0.187037037037 0.131770833333
4 0.740740740741 0.76875 0.187037037037 0.127083333333
4 0.911111111111 0.775260416667 0.168518518519 0.125520833333
4 0.0356481481481 0.86796875 0.0731481481481 0.0682291666667
4 0.0412037037037 0.932552083333 0.0842592592593 0.0588541666667
4 0.163425925926 0.874739583333 0.178703703704 0.0744791666667
4 0.164351851852 0.937760416667 0.176851851852 0.0505208333333
4 0.362962962963 0.88046875 0.198148148148 0.0651041666667
4 0.353240740741 0.940625 0.191666666667 0.0635416666667
4 0.541203703704 0.891927083333 0.176851851852 0.0682291666667
4 0.534722222222 0.9484375 0.180555555556 0.053125
4 0.728240740741 0.899739583333 0.182407407407 0.0765625
4 0.716666666667 0.958072916667 0.181481481481 0.0598958333333
4 0.909259259259 0.911458333333 0.172222222222 0.0770833333333
4 0.905092592593 0.966927083333 0.180555555556 0.0588541666667
