1 0.062037037037 0.148958333333 0.105555555556 0.114583333333
1 0.17962962963 0.154166666667 0.0722222222222 0.104166666667
1 0.120833333333 0.151302083333 0.0694444444444 0.105729166667
1 0.238888888889 0.15390625 0.0851851851852 0.106770833333
1 0.328703703704 0.145572916667 0.0907407407407 0.1171875
1 0.400462962963 0.142447916667 0.0824074074074 0.118229166667
1 0.465277777778 0.143489583333 0.0842592592593 0.118229166667
1 0.526851851852 0.15078125 0.0685185185185 0.106770833333
1 0.595833333333 0.149479166667 0.0787037037037 0.1
1 0.760648148148 0.146614583333 0.075 0.109895833333
1 0.828703703704 0.1453125 0.0740740740741 0.110416666667
1 0.889351851852 0.145572916667 0.0638888888889 0.102604166667
1 0.945833333333 0.149479166667 0.062037037037 0.102083333333
1 0.0888888888889 0.55703125 0.0925925925926 0.1578125
1 0.160648148148 0.56328125 0.0972222222222 0.1515625
1 0.248148148148 0.561458333333 0.0944444444444 0.153125
1 0.313425925926 0.555208333333 0.0805555555556 0.154166666667
1 0.380092592593 0.5609375 0.0824074074074 0.152083333333
1 0.439351851852 0.561458333333 0.0824074074074 0.155208333333
1 0.518055555556 0.5625 0.0990740740741 0.155208333333
1 0.571296296296 0.556770833333 0.0740740740741 0.145833333333
1 0.889351851852 0.571354166667 0.0842592592593 0.152083333333
1 0.81712962963 0.56953125 0.0675925925926 0.141145833333
1 0.966203703704 0.572135416667 0.0657407407407 0.1484375
1 0.0240740740741 0.748177083333 0.05 0.141145833333
1 0.0643518518519 0.74140625 0.0638888888889 0.1359375
1 0.119444444444 0.748958333333 0.0685185185185 0.136458333333
1 0.178240740741 0.746875 0.0824074074074 0.138541666667
1 0.251388888889 0.749479166667 0.110185185185 0.144791666667
1 0.337037037037 0.757291666667 0.0944444444444 0.153125
1 0.409722222222 0.749739583333 0.0935185185185 0.147395833333
1 0.491203703704 0.755208333333 0.0953703703704 0.154166666667
1 0.57962962963 0.75703125 0.103703703704 0.159895833333
1 0.902777777778 0.753645833333 0.124074074074 0.153125
1 0.105555555556 0.905989583333 0.112962962963 0.102604166667
1 0.182407407407 0.889583333333 0.0777777777778 0.0708333333333
1 0.331944444444 0.901822916667 0.117592592593 0.0973958333333
1 0.426388888889 0.92734375 0.130555555556 0.144270833333
1 0.530092592593 0.930208333333 0.128703703704 0.138541666667
1 0.663888888889 0.924479166667 0.114814814815 0.13125
1 0.749074074074 0.91171875 0.0851851851852 0.105729166667
1 0.840740740741 0.909375 0.12037037037 0.09375
