1 0.0990740740741 0.10625 0.137037037037 0.119791666667
1 0.294444444444 0.0940104166667 0.127777777778 0.128645833333
1 0.389351851852 0.0921875 0.134259259259 0.120833333333
1 0.497685185185 0.0916666666667 0.132407407407 0.130208333333
1 0.635648148148 0.0861979166667 0.112037037037 0.118229166667
1 0.835185185185 0.075 0.144444444444 0.123958333333
1 0.891666666667 0.309114583333 0.12962962963 0.1421875
1 0.69537037037 0.3078125 0.107407407407 0.166666666667
1 0.588425925926 0.315625 0.117592592593 0.155208333333
1 0.486111111111 0.310416666667 0.107407407407 0.155208333333
1 0.369444444444 0.31484375 0.12962962963 0.1671875
1 0.269907407407 0.319010416667 0.115740740741 0.159895833333
1 0.169444444444 0.322395833333 0.140740740741 0.166666666667
1 0.0601851851852 0.328645833333 0.114814814815 0.154166666667
1 0.313888888889 0.551041666667 0.118518518519 0.170833333333
1 0.414351851852 0.544010416667 0.113888888889 0.180729166667
1 0.536111111111 0.541666666667 0.111111111111 0.158333333333
1 0.644444444444 0.545052083333 0.118518518519 0.138020833333
1 0.758333333333 0.54453125 0.12962962963 0.125520833333
1 0.877777777778 0.5390625 0.12037037037 0.130208333333
1 0.735185185185 0.0794270833333 0.112962962963 0.119270833333
1 0.77962962963 0.313802083333 0.0944444444444 0.131770833333
1 0.0486111111111 0.54765625 0.0990740740741 0.1734375
1 0.969444444444 0.553385416667 0.0592592592593 0.1390625
1 0.852314814815 0.44296875 0.171296296296 0.0526041666667
1 0.0444444444444 0.754427083333 0.0907407407407 0.149479166667
1 0.111574074074 0.747916666667 0.130555555556 0.141666666667
1 0.201851851852 0.745572916667 0.122222222222 0.1390625
1 0.290277777778 0.743229166667 0.113888888889 0.136458333333
1 0.384722222222 0.742447916667 0.117592592593 0.149479166667
1 0.449074074074 0.72421875 0.0888888888889 0.1171875
1 0.584722222222 0.709895833333 0.0842592592593 0.10625
1 0.665740740741 0.73046875 0.103703703704 0.146354166667
1 0.752314814815 0.736979166667 0.102777777778 0.15625
1 0.844907407407 0.7375 0.128703703704 0.164583333333
1 0.952777777778 0.718229166667 0.0925925925926 0.135416666667
1 0.117592592593 0.912239583333 0.125925925926 0.116145833333
1 0.221759259259 0.9140625 0.115740740741 0.123958333333
1 0.3 0.9328125 0.114814814815 0.133333333333
1 0.418055555556 0.939583333333 0.130555555556 0.119791666667
1 0.706018518519 0.92109375 0.141666666667 0.156770833333
1 0.881018518519 0.88359375 0.10462962963 0.0786458333333
1 0.780092592593 0.89765625 0.0935185185185 0.119270833333
1 0.960185185185 0.932291666667 0.0777777777778 0.134375
