2 0.63287037037 0.15625 0.269444444444 0.123958333333
2 0.878703703704 0.152604166667 0.240740740741 0.127083333333
2 0.127777777778 0.172395833333 0.257407407407 0.09375
2 0.317592592593 0.373697916667 0.251851851852 0.144270833333
2 0.112962962963 0.387239583333 0.227777777778 0.103645833333
2 0.57037037037 0.3765625 0.209259259259 0.122916666667
2 0.402314814815 0.610677083333 0.237962962963 0.1203125
2 0.199074074074 0.612760416667 0.248148148148 0.109895833333
2 0.840740740741 0.575260416667 0.198148148148 0.1140625
2 0.219907407407 0.805208333333 0.225 0.0822916666667
2 0.409722222222 0.740625 0.228703703704 0.090625
2 0.418981481481 0.812239583333 0.20462962963 0.0786458333333
2 0.630092592593 0.733072916667 0.225 0.100520833333
2 0.610185185185 0.81640625 0.216666666667 0.0838541666667
2 0.800462962963 0.788802083333 0.206481481481 0.1140625
2 0.4125 0.165625 0.189814814815 0.111458333333
2 0.643055555556 0.0513020833333 0.267592592593 0.0973958333333
2 0.893055555556 0.0505208333333 0.212037037037 0.0989583333333
2 0.82962962963 0.384375 0.212962962963 0.0833333333333
2 0.963888888889 0.375260416667 0.0703703703704 0.125520833333
2 0.0476851851852 0.60625 0.0972222222222 0.123958333333
2 0.599074074074 0.559895833333 0.183333333333 0.0708333333333
2 0.599074074074 0.50546875 0.196296296296 0.0661458333333
2 0.17962962963 0.736458333333 0.22037037037 0.0697916666667
2 0.0509259259259 0.80625 0.103703703704 0.0822916666667
2 0.946759259259 0.8109375 0.10462962963 0.075
