0 0.114814814815 0.0942708333333 0.131481481481 0.104166666667
0 0.0328703703704 0.207291666667 0.0601851851852 0.0791666666667
0 0.133796296296 0.198177083333 0.134259259259 0.0953125
0 0.32962962963 0.0674479166667 0.17962962963 0.127604166667
0 0.32962962963 0.187760416667 0.162962962963 0.106770833333
0 0.452777777778 0.0630208333333 0.0888888888889 0.1125
0 0.45 0.180208333333 0.087037037037 0.126041666667
0 0.529166666667 0.0578125 0.117592592593 0.116666666667
0 0.539351851852 0.173958333333 0.110185185185 0.132291666667
0 0.616666666667 0.05546875 0.0833333333333 0.111979166667
0 0.6125 0.177083333333 0.075 0.132291666667
0 0.705092592593 0.0520833333333 0.128703703704 0.105208333333
0 0.7 0.16796875 0.122222222222 0.1484375
0 0.821296296296 0.0489583333333 0.138888888889 0.0989583333333
0 0.936574074074 0.0479166666667 0.125 0.096875
0 0.808796296296 0.165104166667 0.134259259259 0.1375
0 0.932407407407 0.16640625 0.133333333333 0.144270833333
0 0.297685185185 0.345572916667 0.0953703703704 0.109895833333
0 0.370833333333 0.345572916667 0.0842592592593 0.119270833333
0 0.444907407407 0.353645833333 0.0768518518519 0.101041666667
0 0.590277777778 0.360677083333 0.123148148148 0.0869791666667
0 0.854166666667 0.499739583333 0.141666666667 0.0911458333333
0 0.565740740741 0.472916666667 0.0888888888889 0.078125
0 0.302777777778 0.633854166667 0.0851851851852 0.126041666667
0 0.365740740741 0.647395833333 0.0907407407407 0.122916666667
0 0.431481481481 0.654947916667 0.0944444444444 0.149479166667
0 0.520833333333 0.847395833333 0.0731481481481 0.113541666667
0 0.439814814815 0.829947916667 0.087037037037 0.116145833333
0 0.580555555556 0.8734375 0.0814814814815 0.123958333333
0 0.674074074074 0.905208333333 0.107407407407 0.141666666667
0 0.783333333333 0.9203125 0.0944444444444 0.111458333333
0 0.864351851852 0.94453125 0.0805555555556 0.108854166667
0 0.230092592593 0.62109375 0.0787037037037 0.1171875
0 0.210185185185 0.43359375 0.0962962962963 0.0869791666667
0 0.294444444444 0.44296875 0.0722222222222 0.0869791666667
0 0.355092592593 0.44453125 0.0824074074074 0.0953125
0 0.4375 0.450520833333 0.0916666666667 0.102083333333
0 0.173148148148 0.609375 0.0851851851852 0.123958333333
