6 0.189351851852 0.278125 0.10462962963 0.0770833333333
6 0.274537037037 0.211979166667 0.087962962963 0.0708333333333
6 0.369444444444 0.215885416667 0.087037037037 0.0703125
6 0.301388888889 0.287239583333 0.117592592593 0.0755208333333
6 0.422222222222 0.286458333333 0.109259259259 0.0770833333333
6 0.55787037037 0.29140625 0.108333333333 0.0744791666667
6 0.676388888889 0.295052083333 0.108333333333 0.0838541666667
6 0.793981481481 0.30078125 0.106481481481 0.0765625
6 0.933333333333 0.296614583333 0.114814814815 0.0828125
6 0.955555555556 0.223697916667 0.087037037037 0.0786458333333
6 0.216203703704 0.4578125 0.102777777778 0.071875
6 0.314351851852 0.46328125 0.108333333333 0.0755208333333
6 0.40787037037 0.467708333333 0.0953703703704 0.071875
6 0.522685185185 0.4734375 0.115740740741 0.084375
6 0.639351851852 0.47109375 0.106481481481 0.0765625
6 0.759259259259 0.48125 0.103703703704 0.0802083333333
6 0.910185185185 0.479427083333 0.111111111111 0.0859375
6 0.176851851852 0.633072916667 0.112962962963 0.0671875
6 0.365277777778 0.56796875 0.0842592592593 0.0682291666667
6 0.283796296296 0.638802083333 0.102777777778 0.0817708333333
6 0.411574074074 0.648958333333 0.10462962963 0.078125
6 0.517592592593 0.65625 0.122222222222 0.0802083333333
6 0.608796296296 0.65546875 0.100925925926 0.0744791666667
6 0.723611111111 0.66640625 0.102777777778 0.0838541666667
6 0.857407407407 0.669270833333 0.114814814815 0.078125
6 0.936574074074 0.611458333333 0.125 0.0697916666667
6 0.660648148148 0.60625 0.149074074074 0.078125
6 0.463425925926 0.601041666667 0.136111111111 0.0625
6 0.241203703704 0.5828125 0.132407407407 0.0697916666667
