5 0.0240740740741 0.175260416667 0.05 0.116145833333
5 0.0680555555556 0.177083333333 0.0435185185185 0.103125
5 0.109259259259 0.1734375 0.0703703703704 0.107291666667
5 0.164351851852 0.176041666667 0.062037037037 0.0979166666667
5 0.212037037037 0.175260416667 0.0685185185185 0.106770833333
5 0.269444444444 0.171875 0.0722222222222 0.10625
5 0.332407407407 0.168489583333 0.0722222222222 0.109895833333
5 0.434722222222 0.152604166667 0.075 0.139583333333
5 0.501851851852 0.15078125 0.0851851851852 0.1390625
5 0.575 0.15390625 0.0833333333333 0.1421875
5 0.647685185185 0.149739583333 0.0768518518519 0.141145833333
5 0.715740740741 0.148697916667 0.0851851851852 0.1359375
5 0.789814814815 0.147135416667 0.0814814814815 0.143229166667
5 0.0712962962963 0.3609375 0.0962962962963 0.144791666667
5 0.145833333333 0.365104166667 0.0898148148148 0.147916666667
5 0.328703703704 0.359895833333 0.0851851851852 0.146875
5 0.222222222222 0.359114583333 0.0851851851852 0.1390625
5 0.472685185185 0.36640625 0.0935185185185 0.121354166667
5 0.413888888889 0.36640625 0.062962962963 0.115104166667
5 0.581018518519 0.351822916667 0.0842592592593 0.150520833333
5 0.665740740741 0.3453125 0.0962962962963 0.154166666667
5 0.741203703704 0.340104166667 0.0601851851852 0.147916666667
5 0.025462962963 0.562760416667 0.0527777777778 0.141145833333
5 0.0680555555556 0.546614583333 0.0861111111111 0.140104166667
5 0.128240740741 0.5359375 0.0787037037037 0.128125
5 0.217592592593 0.541927083333 0.0833333333333 0.127604166667
5 0.302777777778 0.55078125 0.0907407407407 0.143229166667
5 0.375925925926 0.547395833333 0.0796296296296 0.119791666667
5 0.455555555556 0.55390625 0.0981481481481 0.125520833333
5 0.547222222222 0.534635416667 0.087037037037 0.1421875
5 0.603240740741 0.536458333333 0.0601851851852 0.145833333333
5 0.658333333333 0.540625 0.0814814814815 0.152083333333
5 0.738425925926 0.534895833333 0.102777777778 0.144791666667
5 0.0666666666667 0.754427083333 0.125925925926 0.1859375
5 0.159722222222 0.757291666667 0.134259259259 0.194791666667
5 0.25 0.710416666667 0.124074074074 0.105208333333
5 0.37037037037 0.715104166667 0.153703703704 0.121875
5 0.524074074074 0.745572916667 0.172222222222 0.1828125
5 0.659259259259 0.76015625 0.112962962963 0.150520833333
5 0.727314814815 0.73046875 0.100925925926 0.152604166667
5 0.82037037037 0.709635416667 0.112962962963 0.1234375
5 0.898148148148 0.747916666667 0.125925925926 0.152083333333
