1 0.0291666666667 0.10703125 0.0601851851852 0.1078125
1 0.087962962963 0.108333333333 0.087037037037 0.1125
1 0.146759259259 0.11015625 0.0601851851852 0.106770833333
1 0.204166666667 0.11015625 0.0842592592593 0.116145833333
1 0.280092592593 0.113020833333 0.0768518518519 0.108333333333
1 0.347222222222 0.114583333333 0.0740740740741 0.113541666667
1 0.430555555556 0.117708333333 0.0888888888889 0.105208333333
1 0.509722222222 0.1234375 0.0990740740741 0.103125
1 0.6125 0.125260416667 0.102777777778 0.113020833333
1 0.688425925926 0.122916666667 0.075 0.111458333333
1 0.7625 0.12109375 0.075 0.115104166667
1 0.834722222222 0.12578125 0.0953703703704 0.1171875
1 0.921759259259 0.122395833333 0.0805555555556 0.121875
1 0.971296296296 0.128385416667 0.0555555555556 0.109895833333
1 0.115277777778 0.266927083333 0.137962962963 0.130729166667
1 0.219444444444 0.269270833333 0.114814814815 0.129166666667
1 0.3375 0.27265625 0.117592592593 0.130729166667
1 0.448611111111 0.27578125 0.117592592593 0.127604166667
1 0.550925925926 0.276822916667 0.111111111111 0.125520833333
1 0.673148148148 0.279427083333 0.125925925926 0.1296875
1 0.777777777778 0.277864583333 0.109259259259 0.1296875
1 0.883333333333 0.280989583333 0.109259259259 0.128645833333
1 0.958333333333 0.284375 0.0814814814815 0.128125
1 0.0351851851852 0.432552083333 0.0722222222222 0.1171875
1 0.118518518519 0.429427083333 0.107407407407 0.118229166667
1 0.215277777778 0.42734375 0.119444444444 0.1296875
1 0.32962962963 0.43125 0.112962962963 0.126041666667
1 0.439814814815 0.430729166667 0.127777777778 0.120833333333
1 0.621759259259 0.431770833333 0.113888888889 0.125
1 0.726851851852 0.434895833333 0.109259259259 0.123958333333
1 0.833796296296 0.436458333333 0.113888888889 0.122916666667
1 0.914814814815 0.43515625 0.124074074074 0.118229166667
1 0.0435185185185 0.568489583333 0.0888888888889 0.1109375
1 0.161574074074 0.571875 0.115740740741 0.113541666667
1 0.273611111111 0.572916666667 0.117592592593 0.111458333333
1 0.40787037037 0.573177083333 0.117592592593 0.1046875
1 0.517592592593 0.572916666667 0.111111111111 0.102083333333
1 0.62962962963 0.572135416667 0.105555555556 0.106770833333
1 0.731018518519 0.574479166667 0.113888888889 0.10625
1 0.822222222222 0.571875 0.0944444444444 0.109375
1 0.918981481481 0.575520833333 0.115740740741 0.102083333333
1 0.148148148148 0.719270833333 0.109259259259 0.1125
1 0.243055555556 0.718229166667 0.110185185185 0.110416666667
1 0.35787037037 0.714583333333 0.102777777778 0.115625
1 0.453240740741 0.715885416667 0.0972222222222 0.119270833333
1 0.532407407407 0.714322916667 0.103703703704 0.1140625
1 0.631944444444 0.713802083333 0.110185185185 0.1171875
1 0.735185185185 0.711979166667 0.105555555556 0.115625
1 0.830555555556 0.709635416667 0.0907407407407 0.1140625
1 0.925 0.705989583333 0.107407407407 0.106770833333
1 0.0722222222222 0.912239583333 0.0759259259259 0.0692708333333
1 0.642592592593 0.879427083333 0.133333333333 0.138020833333
1 0.759722222222 0.88046875 0.113888888889 0.138020833333
1 0.869907407407 0.88203125 0.115740740741 0.1390625
1 0.958333333333 0.888020833333 0.0814814814815 0.14375
