0 0.102314814815 0.0994791666667 0.0787037037037 0.08125
0 0.116666666667 0.180208333333 0.0740740740741 0.06875
0 0.0240740740741 0.184114583333 0.05 0.0671875
0 0.0527777777778 0.103125 0.0574074074074 0.0697916666667
0 0.0611111111111 0.18359375 0.0462962962963 0.0682291666667
0 0.45787037037 0.0578125 0.0787037037037 0.116666666667
0 0.518055555556 0.0598958333333 0.0953703703704 0.1125
0 0.603240740741 0.0565104166667 0.113888888889 0.1140625
0 0.691666666667 0.0536458333333 0.101851851852 0.108333333333
0 0.779166666667 0.0536458333333 0.112037037037 0.108333333333
0 0.442592592593 0.16328125 0.109259259259 0.1046875
0 0.519907407407 0.159114583333 0.0861111111111 0.1078125
0 0.602314814815 0.160677083333 0.115740740741 0.1078125
0 0.683796296296 0.156510416667 0.117592592593 0.118229166667
0 0.767592592593 0.158333333333 0.0925925925926 0.116666666667
0 0.0712962962963 0.2859375 0.0777777777778 0.0625
0 0.127314814815 0.35390625 0.0824074074074 0.0661458333333
0 0.183333333333 0.35625 0.0759259259259 0.0614583333333
0 0.266666666667 0.300520833333 0.0703703703704 0.0822916666667
0 0.369444444444 0.3109375 0.0907407407407 0.0916666666667
0 0.441666666667 0.314583333333 0.1 0.0916666666667
0 0.505555555556 0.321354166667 0.107407407407 0.0958333333333
0 0.577777777778 0.321875 0.0907407407407 0.109375
0 0.647222222222 0.32890625 0.0907407407407 0.106770833333
0 0.724537037037 0.331770833333 0.0935185185185 0.108333333333
0 0.253240740741 0.3765625 0.0805555555556 0.08125
0 0.29537037037 0.381510416667 0.0666666666667 0.0755208333333
0 0.377777777778 0.393229166667 0.0703703703704 0.0822916666667
0 0.4375 0.400260416667 0.075 0.0869791666667
0 0.501388888889 0.411197916667 0.0787037037037 0.0859375
0 0.565277777778 0.42265625 0.0953703703704 0.0901041666667
0 0.707407407407 0.436458333333 0.0907407407407 0.090625
0 0.14537037037 0.46328125 0.05 0.0671875
0 0.183796296296 0.465364583333 0.0435185185185 0.0630208333333
0 0.246296296296 0.48671875 0.0537037037037 0.0661458333333
0 0.30787037037 0.49375 0.062037037037 0.0708333333333
0 0.138425925926 0.5234375 0.0601851851852 0.0604166666667
0 0.175925925926 0.526822916667 0.0537037037037 0.0651041666667
0 0.218055555556 0.54140625 0.0601851851852 0.0661458333333
0 0.256481481481 0.552864583333 0.062962962963 0.0640625
0 0.288425925926 0.558072916667 0.0564814814815 0.0744791666667
0 0.319444444444 0.573177083333 0.0555555555556 0.0651041666667
0 0.355092592593 0.511197916667 0.0657407407407 0.0776041666667
0 0.394444444444 0.525 0.0666666666667 0.078125
0 0.467592592593 0.531770833333 0.0925925925926 0.0916666666667
0 0.355092592593 0.588020833333 0.0657407407407 0.0697916666667
0 0.413888888889 0.6015625 0.0685185185185 0.0729166666667
0 0.477314814815 0.6140625 0.0805555555556 0.0802083333333
0 0.537962962963 0.548697916667 0.0703703703704 0.0838541666667
0 0.601388888889 0.562760416667 0.0972222222222 0.0859375
0 0.676388888889 0.574739583333 0.0953703703704 0.0963541666667
0 0.545833333333 0.630989583333 0.0805555555556 0.0838541666667
0 0.601388888889 0.6484375 0.0805555555556 0.0833333333333
0 0.674074074074 0.6609375 0.0703703703704 0.08125
0 0.367592592593 0.69765625 0.0574074074074 0.0869791666667
0 0.427314814815 0.714322916667 0.0953703703704 0.0953125
0 0.507407407407 0.74375 0.0944444444444 0.0989583333333
0 0.568518518519 0.778645833333 0.0722222222222 0.103125
0 0.644444444444 0.795833333333 0.105555555556 0.1125
0 0.354166666667 0.81953125 0.0601851851852 0.0859375
0 0.40462962963 0.840364583333 0.062962962963 0.0838541666667
0 0.45 0.861458333333 0.0740740740741 0.08125
0 0.509722222222 0.88984375 0.0657407407407 0.0869791666667
0 0.568055555556 0.90859375 0.0805555555556 0.0859375
0 0.631944444444 0.929427083333 0.0768518518519 0.0973958333333
0 0.225925925926 0.881510416667 0.0537037037037 0.0869791666667
0 0.264814814815 0.898958333333 0.0666666666667 0.09375
0 0.311111111111 0.9265625 0.0685185185185 0.09375
0 0.357407407407 0.945572916667 0.087037037037 0.0973958333333
