1 0.106018518519 0.238020833333 0.169444444444 0.230208333333
1 0.246296296296 0.2359375 0.151851851852 0.2375
1 0.384259259259 0.236458333333 0.148148148148 0.240625
1 0.526388888889 0.218489583333 0.152777777778 0.272395833333
1 0.669907407407 0.211979166667 0.156481481481 0.276041666667
1 0.818055555556 0.211979166667 0.176851851852 0.270833333333
1 0.941666666667 0.209114583333 0.114814814815 0.291145833333
1 0.0578703703704 0.5453125 0.117592592593 0.198958333333
1 0.172685185185 0.547135416667 0.139814814815 0.209895833333
1 0.305555555556 0.530989583333 0.124074074074 0.1890625
1 0.415740740741 0.544270833333 0.12962962963 0.204166666667
1 0.542592592593 0.517447916667 0.144444444444 0.243229166667
1 0.67037037037 0.524739583333 0.151851851852 0.2453125
1 0.797685185185 0.518229166667 0.139814814815 0.2375
1 0.903240740741 0.51015625 0.117592592593 0.230729166667
1 0.956018518519 0.53203125 0.0861111111111 0.228645833333
1 0.0939814814815 0.80390625 0.132407407407 0.1984375
1 0.22037037037 0.796354166667 0.12962962963 0.196875
1 0.328703703704 0.796354166667 0.124074074074 0.196875
1 0.452777777778 0.790625 0.142592592593 0.204166666667
1 0.582407407407 0.79296875 0.146296296296 0.197395833333
1 0.7 0.788541666667 0.125925925926 0.194791666667
1 0.814351851852 0.752083333333 0.123148148148 0.114583333333
1 0.931481481481 0.749739583333 0.127777777778 0.1171875
1 0.814351851852 0.841666666667 0.132407407407 0.0833333333333
1 0.924537037037 0.842708333333 0.121296296296 0.0927083333333
