1 0.0425925925926 0.142447916667 0.087037037037 0.141145833333
1 0.228703703704 0.0934895833333 0.0888888888889 0.0359375
1 0.389351851852 0.0916666666667 0.0842592592593 0.0375
1 0.463425925926 0.0934895833333 0.100925925926 0.0338541666667
1 0.548611111111 0.0950520833333 0.0824074074074 0.0328125
1 0.704166666667 0.102083333333 0.0842592592593 0.0375
1 0.784259259259 0.0955729166667 0.0925925925926 0.0338541666667
1 0.867592592593 0.0932291666667 0.087037037037 0.0385416666667
1 0.950925925926 0.0955729166667 0.0925925925926 0.0359375
1 0.231944444444 0.140885416667 0.102777777778 0.0640625
1 0.313888888889 0.142447916667 0.087037037037 0.0671875
1 0.388425925926 0.138541666667 0.0824074074074 0.0729166666667
1 0.467592592593 0.140885416667 0.0888888888889 0.0755208333333
1 0.542592592593 0.139583333333 0.087037037037 0.0729166666667
1 0.622685185185 0.146354166667 0.0787037037037 0.0708333333333
1 0.696759259259 0.142447916667 0.0824074074074 0.0630208333333
1 0.775925925926 0.14140625 0.0888888888889 0.0723958333333
1 0.855092592593 0.141927083333 0.102777777778 0.0682291666667
1 0.9375 0.14140625 0.0861111111111 0.0692708333333
1 0.0972222222222 0.341927083333 0.105555555556 0.1203125
1 0.158333333333 0.3421875 0.0888888888889 0.129166666667
1 0.283333333333 0.2796875 0.12037037037 0.133333333333
1 0.368981481481 0.302864583333 0.0805555555556 0.0755208333333
1 0.451851851852 0.28203125 0.124074074074 0.128645833333
1 0.534259259259 0.302083333333 0.0740740740741 0.08125
1 0.618981481481 0.28203125 0.115740740741 0.124479166667
1 0.733796296296 0.27734375 0.123148148148 0.130729166667
1 0.874537037037 0.277864583333 0.137962962963 0.1296875
1 0.965277777778 0.305208333333 0.0675925925926 0.0729166666667
1 0.0375 0.54296875 0.0768518518519 0.1390625
1 0.0925925925926 0.534895833333 0.0685185185185 0.11875
1 0.149074074074 0.536458333333 0.0703703703704 0.121875
1 0.198611111111 0.544010416667 0.0953703703704 0.1296875
1 0.288425925926 0.444010416667 0.121296296296 0.128645833333
1 0.37962962963 0.4609375 0.087037037037 0.0791666666667
1 0.41712962963 0.42890625 0.102777777778 0.1078125
1 0.500462962963 0.427864583333 0.0972222222222 0.100520833333
1 0.599074074074 0.433072916667 0.112962962963 0.1140625
1 0.66712962963 0.4515625 0.0638888888889 0.0739583333333
1 0.741203703704 0.4359375 0.0842592592593 0.116666666667
1 0.833333333333 0.439322916667 0.125925925926 0.1265625
1 0.908796296296 0.434114583333 0.0583333333333 0.116145833333
1 0.960185185185 0.434895833333 0.0777777777778 0.105208333333
1 0.388425925926 0.5796875 0.115740740741 0.1125
1 0.483796296296 0.564322916667 0.0972222222222 0.0755208333333
1 0.573148148148 0.570052083333 0.103703703704 0.0776041666667
1 0.641666666667 0.570833333333 0.0703703703704 0.0833333333333
1 0.708333333333 0.576041666667 0.105555555556 0.0916666666667
1 0.833333333333 0.584114583333 0.125925925926 0.109895833333
1 0.939814814815 0.582291666667 0.107407407407 0.104166666667
1 0.0731481481481 0.710416666667 0.0907407407407 0.144791666667
1 0.143518518519 0.714322916667 0.0777777777778 0.143229166667
1 0.218518518519 0.717708333333 0.0925925925926 0.136458333333
1 0.343981481481 0.724739583333 0.113888888889 0.1109375
1 0.424074074074 0.714322916667 0.0888888888889 0.0953125
1 0.588888888889 0.71484375 0.109259259259 0.0890625
1 0.689351851852 0.732291666667 0.113888888889 0.123958333333
1 0.786574074074 0.727604166667 0.0972222222222 0.110416666667
1 0.949537037037 0.727604166667 0.0990740740741 0.114583333333
1 0.0569444444444 0.899479166667 0.102777777778 0.134375
1 0.140277777778 0.90078125 0.0842592592593 0.1296875
1 0.210185185185 0.908333333333 0.109259259259 0.142708333333
1 0.302777777778 0.8890625 0.122222222222 0.130208333333
1 0.421296296296 0.897135416667 0.124074074074 0.155729166667
1 0.497222222222 0.925 0.0666666666667 0.0739583333333
1 0.560185185185 0.8734375 0.109259259259 0.114583333333
1 0.674537037037 0.875260416667 0.115740740741 0.127604166667
1 0.779166666667 0.90703125 0.115740740741 0.147395833333
1 0.856481481481 0.9453125 0.0518518518519 0.0708333333333
1 0.931481481481 0.902864583333 0.12037037037 0.141145833333
