4 0.075462962963 0.22578125 0.152777777778 0.165104166667
4 0.247222222222 0.22421875 0.17962962963 0.1359375
4 0.422222222222 0.228385416667 0.183333333333 0.130729166667
4 0.753703703704 0.236197916667 0.161111111111 0.0828125
4 0.916203703704 0.378125 0.165740740741 0.103125
4 0.608333333333 0.3890625 0.203703703704 0.155208333333
4 0.413888888889 0.423177083333 0.185185185185 0.0869791666667
4 0.208796296296 0.39375 0.191666666667 0.147916666667
4 0.385648148148 0.54453125 0.239814814815 0.155729166667
4 0.60462962963 0.540625 0.211111111111 0.154166666667
4 0.899074074074 0.540625 0.175925925926 0.142708333333
4 0.923611111111 0.220052083333 0.150925925926 0.100520833333
4 0.750925925926 0.387239583333 0.116666666667 0.0921875
4 0.744907407407 0.525260416667 0.0898148148148 0.108854166667
4 0.0699074074074 0.391927083333 0.136111111111 0.140104166667
4 0.0791666666667 0.515625 0.160185185185 0.104166666667
4 0.0731481481481 0.666145833333 0.142592592593 0.119791666667
4 0.199074074074 0.662760416667 0.157407407407 0.119270833333
4 0.391666666667 0.6859375 0.2 0.135416666667
4 0.583333333333 0.69609375 0.188888888889 0.1578125
4 0.766666666667 0.704427083333 0.157407407407 0.133854166667
4 0.922685185185 0.707291666667 0.152777777778 0.1375
4 0.122685185185 0.80390625 0.175 0.125520833333
4 0.294907407407 0.781510416667 0.152777777778 0.118229166667
4 0.465740740741 0.863802083333 0.196296296296 0.1671875
4 0.644907407407 0.857552083333 0.134259259259 0.108854166667
4 0.8 0.855208333333 0.137037037037 0.104166666667
4 0.872222222222 0.830208333333 0.111111111111 0.0875
