4 0.0833333333333 0.0419270833333 0.168518518519 0.0848958333333
4 0.260648148148 0.0455729166667 0.221296296296 0.0921875
4 0.477314814815 0.0520833333333 0.206481481481 0.105208333333
4 0.653240740741 0.0526041666667 0.163888888889 0.10625
4 0.818981481481 0.0557291666667 0.178703703704 0.1125
4 0.944907407407 0.0604166666667 0.108333333333 0.121875
4 0.10462962963 0.2015625 0.211111111111 0.175
4 0.324074074074 0.225260416667 0.212962962963 0.140104166667
4 0.5125 0.244791666667 0.191666666667 0.1125
4 0.714351851852 0.25390625 0.210185185185 0.116145833333
4 0.925925925926 0.2515625 0.146296296296 0.130208333333
4 0.0907407407407 0.390625 0.183333333333 0.1375
4 0.272222222222 0.397395833333 0.188888888889 0.136458333333
4 0.48287037037 0.403125 0.19537037037 0.136458333333
4 0.641203703704 0.409895833333 0.149074074074 0.1375
4 0.779166666667 0.414583333333 0.20462962963 0.139583333333
4 0.940740740741 0.414583333333 0.116666666667 0.1375
4 0.0976851851852 0.565104166667 0.178703703704 0.140625
4 0.218055555556 0.567447916667 0.115740740741 0.133854166667
4 0.332407407407 0.569791666667 0.166666666667 0.136458333333
4 0.482407407407 0.575260416667 0.153703703704 0.1421875
4 0.602314814815 0.573697916667 0.121296296296 0.1359375
4 0.725 0.58046875 0.155555555556 0.131770833333
4 0.869907407407 0.587760416667 0.158333333333 0.133854166667
4 0.116203703704 0.735416666667 0.191666666667 0.129166666667
4 0.287962962963 0.73515625 0.187037037037 0.124479166667
4 0.456018518519 0.741666666667 0.189814814815 0.130208333333
4 0.625 0.740104166667 0.174074074074 0.121875
4 0.771759259259 0.750520833333 0.176851851852 0.130208333333
4 0.920833333333 0.749739583333 0.149074074074 0.131770833333
4 0.152314814815 0.861979166667 0.191666666667 0.0708333333333
4 0.346296296296 0.866927083333 0.181481481481 0.0734375
4 0.156481481481 0.91875 0.187037037037 0.0552083333333
4 0.347222222222 0.9234375 0.183333333333 0.0510416666667
4 0.541666666667 0.868229166667 0.183333333333 0.0614583333333
4 0.541203703704 0.923958333333 0.176851851852 0.0614583333333
4 0.724074074074 0.871614583333 0.183333333333 0.0682291666667
4 0.714814814815 0.92890625 0.185185185185 0.0567708333333
4 0.905092592593 0.880729166667 0.180555555556 0.071875
4 0.899537037037 0.937760416667 0.199074074074 0.0526041666667
