2 0.075462962963 0.12421875 0.152777777778 0.169270833333
2 0.243981481481 0.11484375 0.213888888889 0.169270833333
2 0.0694444444444 0.2796875 0.140740740741 0.146875
2 0.24212962963 0.273697916667 0.197222222222 0.1171875
2 0.4375 0.116145833333 0.213888888889 0.164583333333
2 0.6375 0.11796875 0.213888888889 0.1515625
2 0.82962962963 0.120572916667 0.207407407407 0.143229166667
2 0.9375 0.1234375 0.123148148148 0.142708333333
2 0.925925925926 0.25078125 0.146296296296 0.115104166667
2 0.800925925926 0.253125 0.166666666667 0.121875
2 0.637037037037 0.256770833333 0.198148148148 0.133333333333
2 0.430555555556 0.2578125 0.166666666667 0.135416666667
2 0.107407407407 0.479427083333 0.212962962963 0.1484375
2 0.128240740741 0.590364583333 0.212037037037 0.1203125
2 0.301388888889 0.4875 0.189814814815 0.134375
2 0.309259259259 0.58359375 0.17962962963 0.113020833333
2 0.447222222222 0.459895833333 0.15 0.134375
2 0.591666666667 0.445833333333 0.177777777778 0.136458333333
2 0.448148148148 0.56796875 0.131481481481 0.102604166667
2 0.578703703704 0.548958333333 0.137037037037 0.096875
2 0.704166666667 0.520572916667 0.158333333333 0.111979166667
2 0.736111111111 0.42109375 0.135185185185 0.111979166667
2 0.866666666667 0.41328125 0.196296296296 0.118229166667
2 0.95 0.4140625 0.0981481481481 0.107291666667
2 0.84212962963 0.51015625 0.141666666667 0.0984375
2 0.945833333333 0.50234375 0.102777777778 0.0880208333333
2 0.0898148148148 0.7703125 0.181481481481 0.123958333333
2 0.281018518519 0.732291666667 0.149074074074 0.105208333333
2 0.440277777778 0.696354166667 0.15462962963 0.101041666667
2 0.602777777778 0.677604166667 0.162962962963 0.0916666666667
2 0.746296296296 0.655208333333 0.148148148148 0.090625
2 0.869444444444 0.626302083333 0.127777777778 0.0786458333333
2 0.954166666667 0.616145833333 0.0898148148148 0.08125
2 0.103240740741 0.83984375 0.191666666667 0.128645833333
2 0.285648148148 0.809895833333 0.180555555556 0.128125
2 0.426388888889 0.77265625 0.167592592593 0.1078125
2 0.576851851852 0.752604166667 0.162962962963 0.0927083333333
2 0.731481481481 0.724739583333 0.144444444444 0.0932291666667
2 0.860185185185 0.69296875 0.146296296296 0.0890625
2 0.94537037037 0.67890625 0.107407407407 0.0848958333333
2 0.164814814815 0.9703125 0.15 0.0583333333333
2 0.306481481481 0.96015625 0.162962962963 0.0755208333333
2 0.4375 0.934114583333 0.139814814815 0.0953125
2 0.549537037037 0.91171875 0.121296296296 0.0890625
2 0.662037037037 0.89140625 0.144444444444 0.1109375
2 0.773148148148 0.856770833333 0.127777777778 0.104166666667
2 0.881018518519 0.838541666667 0.134259259259 0.103125
