4 0.0601851851852 0.0864583333333 0.109259259259 0.09375
4 0.174537037037 0.0848958333333 0.147222222222 0.130208333333
4 0.3125 0.0895833333333 0.150925925926 0.130208333333
4 0.451851851852 0.0895833333333 0.151851851852 0.128125
4 0.618518518519 0.0934895833333 0.140740740741 0.124479166667
4 0.737037037037 0.0950520833333 0.101851851852 0.124479166667
4 0.837037037037 0.09609375 0.122222222222 0.119270833333
4 0.947222222222 0.0942708333333 0.103703703704 0.10625
4 0.0722222222222 0.270572916667 0.137037037037 0.0828125
4 0.114351851852 0.290625 0.162037037037 0.065625
4 0.265740740741 0.275260416667 0.175925925926 0.0994791666667
4 0.433796296296 0.278125 0.178703703704 0.0958333333333
4 0.642592592593 0.257552083333 0.181481481481 0.149479166667
4 0.830555555556 0.258072916667 0.198148148148 0.143229166667
4 0.943981481481 0.262239583333 0.110185185185 0.1515625
4 0.0611111111111 0.426041666667 0.124074074074 0.129166666667
4 0.174074074074 0.421614583333 0.111111111111 0.125520833333
4 0.303703703704 0.426302083333 0.1 0.125520833333
4 0.426851851852 0.43046875 0.138888888889 0.133854166667
4 0.596296296296 0.427083333333 0.185185185185 0.13125
4 0.736574074074 0.43515625 0.14537037037 0.141145833333
4 0.853240740741 0.440885416667 0.178703703704 0.1421875
4 0.964351851852 0.442708333333 0.0694444444444 0.133333333333
4 0.111111111111 0.579947916667 0.198148148148 0.0942708333333
4 0.251851851852 0.572395833333 0.0851851851852 0.105208333333
4 0.335648148148 0.566666666667 0.100925925926 0.0875
4 0.452777777778 0.575260416667 0.124074074074 0.0994791666667
4 0.611111111111 0.59375 0.185185185185 0.0958333333333
4 0.782407407407 0.587760416667 0.155555555556 0.115104166667
4 0.931018518519 0.58828125 0.136111111111 0.1109375
4 0.0736111111111 0.721614583333 0.121296296296 0.1109375
4 0.2 0.726302083333 0.12962962963 0.116145833333
4 0.40462962963 0.73203125 0.272222222222 0.119270833333
4 0.651851851852 0.738802083333 0.183333333333 0.1078125
4 0.762037037037 0.736979166667 0.137037037037 0.113541666667
4 0.906944444444 0.74140625 0.173148148148 0.1171875
4 0.0675925925926 0.887760416667 0.137037037037 0.150520833333
4 0.230092592593 0.91015625 0.206481481481 0.100520833333
4 0.447685185185 0.905729166667 0.193518518519 0.121875
4 0.621296296296 0.849739583333 0.175925925926 0.0619791666667
4 0.806481481481 0.892447916667 0.190740740741 0.0932291666667
4 0.635185185185 0.92734375 0.187037037037 0.0932291666667
4 0.808333333333 0.9578125 0.17037037037 0.0458333333333
4 0.948148148148 0.93359375 0.101851851852 0.0921875
