1 0.117592592593 0.163020833333 0.0981481481481 0.183333333333
1 0.194444444444 0.171875 0.105555555556 0.16875
1 0.267592592593 0.177604166667 0.0925925925926 0.170833333333
1 0.350925925926 0.180208333333 0.0925925925926 0.161458333333
1 0.420833333333 0.186979166667 0.0898148148148 0.147916666667
1 0.494444444444 0.185416666667 0.0833333333333 0.144791666667
1 0.556481481481 0.1828125 0.0592592592593 0.160416666667
1 0.610185185185 0.188020833333 0.0740740740741 0.145833333333
1 0.676851851852 0.1921875 0.0648148148148 0.147916666667
1 0.138888888889 0.3546875 0.087037037037 0.15
1 0.212037037037 0.365885416667 0.087037037037 0.1546875
1 0.298611111111 0.350520833333 0.0935185185185 0.147916666667
1 0.371296296296 0.3546875 0.0833333333333 0.142708333333
1 0.438888888889 0.352083333333 0.0962962962963 0.1375
1 0.522222222222 0.3546875 0.0833333333333 0.129166666667
1 0.596759259259 0.348697916667 0.0898148148148 0.130729166667
1 0.668981481481 0.350260416667 0.0675925925926 0.130729166667
1 0.664351851852 0.500520833333 0.0712962962963 0.125
1 0.602314814815 0.497916666667 0.0712962962963 0.123958333333
1 0.546759259259 0.508333333333 0.0712962962963 0.123958333333
1 0.489814814815 0.501302083333 0.0685185185185 0.113020833333
1 0.43287037037 0.516927083333 0.0657407407407 0.1234375
1 0.381944444444 0.516145833333 0.0990740740741 0.129166666667
1 0.313888888889 0.5265625 0.0740740740741 0.132291666667
1 0.238425925926 0.52734375 0.0953703703704 0.133854166667
1 0.161111111111 0.5265625 0.0833333333333 0.139583333333
1 0.0810185185185 0.531770833333 0.0898148148148 0.129166666667
1 0.111574074074 0.683854166667 0.108333333333 0.116666666667
1 0.212037037037 0.654947916667 0.111111111111 0.115104166667
1 0.309259259259 0.650520833333 0.0962962962963 0.10625
1 0.380092592593 0.641927083333 0.0898148148148 0.0994791666667
1 0.481944444444 0.627083333333 0.108333333333 0.121875
1 0.560185185185 0.6265625 0.0592592592593 0.122916666667
1 0.639814814815 0.615104166667 0.0962962962963 0.114583333333
1 0.0712962962963 0.859375 0.144444444444 0.182291666667
1 0.181018518519 0.83203125 0.117592592593 0.156770833333
1 0.287962962963 0.827083333333 0.133333333333 0.153125
1 0.383333333333 0.8078125 0.114814814815 0.15
1 0.469444444444 0.788802083333 0.0925925925926 0.159895833333
1 0.55 0.780208333333 0.0833333333333 0.163541666667
1 0.623611111111 0.761979166667 0.10462962963 0.16875
1 0.715277777778 0.676041666667 0.0805555555556 0.111458333333
1 0.783333333333 0.660416666667 0.0925925925926 0.111458333333
1 0.865277777778 0.661197916667 0.0898148148148 0.109895833333
1 0.938888888889 0.64375 0.0648148148148 0.109375
1 0.737037037037 0.53515625 0.0925925925926 0.115104166667
1 0.810648148148 0.53515625 0.0805555555556 0.115104166667
1 0.880092592593 0.5421875 0.0898148148148 0.132291666667
1 0.768055555556 0.39453125 0.0990740740741 0.118229166667
1 0.850925925926 0.392708333333 0.0925925925926 0.101041666667
1 0.90787037037 0.395572916667 0.0898148148148 0.1234375
1 0.25462962963 0.0276041666667 0.0703703703704 0.05625
1 0.3375 0.0317708333333 0.0768518518519 0.0645833333333
1 0.398611111111 0.0346354166667 0.062037037037 0.0703125
1 0.453703703704 0.0356770833333 0.0703703703704 0.0723958333333
1 0.508796296296 0.0364583333333 0.0805555555556 0.0739583333333
1 0.561111111111 0.0393229166667 0.0574074074074 0.0796875
1 0.607407407407 0.0427083333333 0.0722222222222 0.0864583333333
1 0.660648148148 0.04375 0.0601851851852 0.0885416666667
1 0.712037037037 0.046875 0.0722222222222 0.0947916666667
1 0.771759259259 0.06171875 0.0601851851852 0.0973958333333
1 0.818055555556 0.06328125 0.062037037037 0.0963541666667
1 0.863425925926 0.0651041666667 0.062037037037 0.102083333333
1 0.906944444444 0.06796875 0.062037037037 0.0984375
1 0.944444444444 0.0674479166667 0.0518518518519 0.116145833333
1 0.983796296296 0.071875 0.0305555555556 0.115625
1 0.0402777777778 0.161197916667 0.0824074074074 0.1734375
1 0.743981481481 0.2078125 0.075 0.0614583333333
1 0.802777777778 0.211458333333 0.0888888888889 0.059375
1 0.861574074074 0.211458333333 0.062037037037 0.0572916666667
1 0.911574074074 0.21484375 0.0638888888889 0.0588541666667
1 0.966203703704 0.21953125 0.062037037037 0.0619791666667
1 0.747222222222 0.26171875 0.0722222222222 0.0557291666667
1 0.797685185185 0.2640625 0.0694444444444 0.053125
1 0.851851851852 0.263020833333 0.0685185185185 0.0510416666667
1 0.902777777778 0.262760416667 0.0666666666667 0.0536458333333
1 0.948148148148 0.26875 0.0537037037037 0.053125
1 0.982407407407 0.269270833333 0.0333333333333 0.0614583333333
1 0.0384259259259 0.35546875 0.0787037037037 0.152604166667
