1 0.0453703703704 0.207291666667 0.0925925925926 0.130208333333
1 0.113425925926 0.20625 0.0842592592593 0.136458333333
1 0.185648148148 0.211458333333 0.0842592592593 0.133333333333
1 0.263425925926 0.213020833333 0.0972222222222 0.120833333333
1 0.353240740741 0.214322916667 0.0787037037037 0.127604166667
1 0.427314814815 0.218229166667 0.0824074074074 0.121875
1 0.50787037037 0.216666666667 0.0990740740741 0.130208333333
1 0.578703703704 0.220052083333 0.0888888888889 0.131770833333
1 0.65462962963 0.224739583333 0.0888888888889 0.1296875
1 0.715740740741 0.228645833333 0.0703703703704 0.114583333333
1 0.770833333333 0.2375 0.0824074074074 0.102083333333
1 0.847222222222 0.22421875 0.0703703703704 0.130729166667
1 0.913888888889 0.22421875 0.0888888888889 0.149479166667
1 0.969444444444 0.228125 0.0592592592593 0.145833333333
1 0.0458333333333 0.3734375 0.087962962963 0.144791666667
1 0.121759259259 0.372916666667 0.0731481481481 0.141666666667
1 0.165277777778 0.37890625 0.087962962963 0.141145833333
1 0.225462962963 0.377604166667 0.0787037037037 0.141666666667
1 0.300462962963 0.382552083333 0.0768518518519 0.140104166667
1 0.385185185185 0.3828125 0.0888888888889 0.133333333333
1 0.446759259259 0.38515625 0.0842592592593 0.140104166667
1 0.509722222222 0.39453125 0.0824074074074 0.109895833333
1 0.564814814815 0.399479166667 0.0907407407407 0.120833333333
1 0.636111111111 0.394791666667 0.0648148148148 0.109375
1 0.685648148148 0.401822916667 0.0805555555556 0.1140625
1 0.750462962963 0.40234375 0.0657407407407 0.105729166667
1 0.802777777778 0.405208333333 0.0851851851852 0.111458333333
1 0.87037037037 0.405989583333 0.0888888888889 0.1265625
1 0.930555555556 0.4078125 0.0722222222222 0.127083333333
1 0.976388888889 0.409895833333 0.0453703703704 0.132291666667
1 0.0393518518519 0.543489583333 0.0805555555556 0.1359375
1 0.105555555556 0.546614583333 0.0759259259259 0.1390625
1 0.172222222222 0.548958333333 0.0740740740741 0.134375
1 0.231481481481 0.5453125 0.0703703703704 0.127083333333
1 0.296759259259 0.545572916667 0.087962962963 0.131770833333
1 0.373611111111 0.554166666667 0.0824074074074 0.133333333333
1 0.451851851852 0.5609375 0.0833333333333 0.144791666667
1 0.518518518519 0.559114583333 0.0722222222222 0.125520833333
1 0.568981481481 0.55234375 0.062037037037 0.116145833333
1 0.624074074074 0.554947916667 0.0685185185185 0.1171875
1 0.669907407407 0.565364583333 0.0824074074074 0.1171875
1 0.737037037037 0.5671875 0.0759259259259 0.111458333333
1 0.790277777778 0.566927083333 0.0638888888889 0.1078125
1 0.850925925926 0.570833333333 0.087037037037 0.130208333333
1 0.91712962963 0.571875 0.075 0.122916666667
1 0.974537037037 0.5734375 0.0490740740741 0.125
1 0.0351851851852 0.700260416667 0.0722222222222 0.118229166667
1 0.0847222222222 0.689322916667 0.0731481481481 0.0942708333333
1 0.148148148148 0.686458333333 0.0888888888889 0.071875
1 0.2 0.706770833333 0.0888888888889 0.121875
1 0.271759259259 0.70390625 0.0768518518519 0.1109375
1 0.339351851852 0.709114583333 0.0824074074074 0.1171875
1 0.412037037037 0.7125 0.0851851851852 0.119791666667
1 0.524074074074 0.702864583333 0.0777777777778 0.106770833333
1 0.551388888889 0.71953125 0.0601851851852 0.109895833333
1 0.593981481481 0.711458333333 0.037962962963 0.103125
1 0.635185185185 0.7234375 0.0740740740741 0.111458333333
1 0.700925925926 0.728125 0.0740740740741 0.109375
1 0.7625 0.727604166667 0.0657407407407 0.103125
1 0.828703703704 0.721354166667 0.0740740740741 0.111458333333
1 0.896759259259 0.722395833333 0.0824074074074 0.113541666667
1 0.958796296296 0.725260416667 0.0805555555556 0.119270833333
1 0.0324074074074 0.899479166667 0.0666666666667 0.10625
1 0.222685185185 0.908333333333 0.0972222222222 0.1125
1 0.440740740741 0.908072916667 0.0925925925926 0.1171875
1 0.637962962963 0.852604166667 0.0925925925926 0.084375
