1 0.143981481481 0.256770833333 0.100925925926 0.154166666667
1 0.212962962963 0.259375 0.0981481481481 0.148958333333
1 0.299074074074 0.259895833333 0.0925925925926 0.145833333333
1 0.394444444444 0.263020833333 0.0981481481481 0.152083333333
1 0.484259259259 0.264322916667 0.0814814814815 0.149479166667
1 0.573148148148 0.26484375 0.114814814815 0.146354166667
1 0.671296296296 0.264583333333 0.0888888888889 0.153125
1 0.756481481481 0.263020833333 0.122222222222 0.15
1 0.856481481481 0.263020833333 0.107407407407 0.153125
1 0.943518518519 0.260416666667 0.0925925925926 0.1625
1 0.14537037037 0.447395833333 0.0888888888889 0.158333333333
1 0.297222222222 0.04609375 0.107407407407 0.0932291666667
1 0.400462962963 0.0450520833333 0.0990740740741 0.0911458333333
1 0.490277777778 0.0455729166667 0.100925925926 0.0921875
1 0.582407407407 0.0432291666667 0.109259259259 0.0875
1 0.677314814815 0.0427083333333 0.0935185185185 0.0864583333333
1 0.766666666667 0.0416666666667 0.107407407407 0.084375
1 0.894444444444 0.0421875 0.0907407407407 0.0854166666667
1 0.836574074074 0.0494791666667 0.062037037037 0.0802083333333
1 0.960185185185 0.0450520833333 0.0777777777778 0.0911458333333
1 0.0763888888889 0.438802083333 0.10462962963 0.171354166667
1 0.21712962963 0.45390625 0.0953703703704 0.136979166667
1 0.286111111111 0.459114583333 0.0888888888889 0.140104166667
1 0.355555555556 0.461458333333 0.0907407407407 0.140625
1 0.423148148148 0.459114583333 0.0777777777778 0.138020833333
1 0.529166666667 0.447395833333 0.0768518518519 0.135416666667
1 0.594907407407 0.448177083333 0.0768518518519 0.1390625
1 0.624537037037 0.457291666667 0.0824074074074 0.151041666667
1 0.693518518519 0.463020833333 0.0851851851852 0.153125
1 0.7625 0.460416666667 0.075 0.154166666667
1 0.840740740741 0.458333333333 0.087037037037 0.153125
1 0.915740740741 0.461458333333 0.0851851851852 0.152083333333
1 0.969444444444 0.46796875 0.0592592592593 0.152604166667
1 0.0865740740741 0.619010416667 0.100925925926 0.138020833333
1 0.155555555556 0.61875 0.0740740740741 0.123958333333
1 0.22037037037 0.620052083333 0.0851851851852 0.130729166667
1 0.293518518519 0.624479166667 0.0944444444444 0.123958333333
1 0.359259259259 0.62578125 0.0833333333333 0.130729166667
1 0.425 0.624739583333 0.0703703703704 0.128645833333
1 0.490740740741 0.630989583333 0.087037037037 0.141145833333
1 0.552777777778 0.6296875 0.0777777777778 0.141666666667
1 0.618518518519 0.632552083333 0.087037037037 0.138020833333
1 0.689351851852 0.63515625 0.0768518518519 0.138020833333
1 0.759722222222 0.635677083333 0.0805555555556 0.133854166667
1 0.829166666667 0.641927083333 0.0972222222222 0.140104166667
1 0.909722222222 0.642708333333 0.0805555555556 0.134375
1 0.0393518518519 0.7703125 0.0805555555556 0.103125
1 0.0981481481481 0.7734375 0.0777777777778 0.10625
1 0.203240740741 0.778645833333 0.0861111111111 0.1125
1 0.265740740741 0.784375 0.0722222222222 0.1125
1 0.328703703704 0.78671875 0.0740740740741 0.1171875
1 0.389351851852 0.787239583333 0.0805555555556 0.116145833333
1 0.444907407407 0.788802083333 0.0768518518519 0.119270833333
1 0.505092592593 0.79453125 0.0787037037037 0.1171875
1 0.561111111111 0.798697916667 0.0666666666667 0.118229166667
1 0.624537037037 0.801822916667 0.0824074074074 0.1171875
1 0.686111111111 0.803385416667 0.0703703703704 0.1203125
1 0.750462962963 0.8046875 0.0694444444444 0.117708333333
1 0.814814814815 0.809114583333 0.0722222222222 0.118229166667
1 0.876851851852 0.809114583333 0.0759259259259 0.1203125
1 0.936574074074 0.81171875 0.0805555555556 0.118229166667
1 0.0217592592593 0.94296875 0.0453703703704 0.111979166667
1 0.0662037037037 0.940104166667 0.0675925925926 0.111458333333
1 0.124537037037 0.937760416667 0.0787037037037 0.106770833333
1 0.175925925926 0.940104166667 0.0703703703704 0.111458333333
1 0.240277777778 0.94140625 0.0824074074074 0.116145833333
1 0.313888888889 0.949479166667 0.0666666666667 0.1
1 0.363425925926 0.941666666667 0.062037037037 0.110416666667
1 0.422222222222 0.944010416667 0.0648148148148 0.105729166667
1 0.471759259259 0.947395833333 0.0638888888889 0.103125
1 0.525 0.945833333333 0.0555555555556 0.107291666667
1 0.581481481481 0.946354166667 0.0740740740741 0.103125
1 0.641203703704 0.95625 0.0583333333333 0.0864583333333
1 0.705092592593 0.95234375 0.0694444444444 0.0942708333333
