4 0.0388888888889 0.137760416667 0.0796296296296 0.150520833333
4 0.203240740741 0.13515625 0.217592592593 0.141145833333
4 0.402314814815 0.1359375 0.221296296296 0.146875
4 0.598148148148 0.134375 0.198148148148 0.145833333333
4 0.771759259259 0.1390625 0.167592592593 0.138541666667
4 0.930092592593 0.1140625 0.137962962963 0.179166666667
4 0.0717592592593 0.309114583333 0.14537037037 0.0932291666667
4 0.216203703704 0.30625 0.182407407407 0.0916666666667
4 0.37037037037 0.304427083333 0.166666666667 0.0911458333333
4 0.543981481481 0.3015625 0.178703703704 0.096875
4 0.756944444444 0.29921875 0.200925925926 0.0942708333333
4 0.933333333333 0.298697916667 0.131481481481 0.0953125
4 0.101851851852 0.452864583333 0.157407407407 0.0942708333333
4 0.243518518519 0.441145833333 0.140740740741 0.0697916666667
4 0.374074074074 0.440885416667 0.162962962963 0.0828125
4 0.513425925926 0.436458333333 0.147222222222 0.0791666666667
4 0.626851851852 0.434895833333 0.101851851852 0.0802083333333
4 0.728240740741 0.432291666667 0.119444444444 0.078125
4 0.820833333333 0.449739583333 0.210185185185 0.0411458333333
4 0.0337962962963 0.579427083333 0.0694444444444 0.0744791666667
4 0.120833333333 0.576302083333 0.132407407407 0.0734375
4 0.258333333333 0.574739583333 0.15 0.0765625
4 0.393981481481 0.56875 0.149074074074 0.0791666666667
4 0.521759259259 0.562760416667 0.134259259259 0.0765625
4 0.65 0.559635416667 0.144444444444 0.0734375
4 0.77037037037 0.5578125 0.137037037037 0.0791666666667
4 0.898611111111 0.550520833333 0.137962962963 0.0729166666667
4 0.0527777777778 0.691666666667 0.107407407407 0.0635416666667
4 0.16712962963 0.693489583333 0.149074074074 0.0744791666667
4 0.294444444444 0.690885416667 0.140740740741 0.0755208333333
4 0.427777777778 0.682291666667 0.144444444444 0.0708333333333
4 0.543981481481 0.67578125 0.136111111111 0.0651041666667
4 0.658333333333 0.67109375 0.124074074074 0.0598958333333
4 0.763888888889 0.668489583333 0.111111111111 0.0671875
4 0.886111111111 0.65703125 0.15 0.0671875
4 0.122685185185 0.80390625 0.247222222222 0.0703125
4 0.385185185185 0.80390625 0.292592592593 0.0828125
4 0.660648148148 0.788541666667 0.297222222222 0.0916666666667
4 0.870833333333 0.775260416667 0.130555555556 0.0921875
4 0.959722222222 0.7734375 0.0787037037037 0.090625
