1 0.0546296296296 0.135416666667 0.111111111111 0.102083333333
1 0.17037037037 0.139583333333 0.087037037037 0.0895833333333
1 0.239814814815 0.142708333333 0.0703703703704 0.08125
1 0.318055555556 0.1328125 0.0824074074074 0.107291666667
1 0.39212962963 0.129947916667 0.0787037037037 0.118229166667
1 0.464351851852 0.127604166667 0.0824074074074 0.122916666667
1 0.538425925926 0.1296875 0.0916666666667 0.111458333333
1 0.625 0.1328125 0.0907407407407 0.110416666667
1 0.695833333333 0.13515625 0.0842592592593 0.1078125
1 0.766666666667 0.135677083333 0.087037037037 0.106770833333
1 0.836111111111 0.13046875 0.0888888888889 0.1265625
1 0.924537037037 0.122916666667 0.117592592593 0.136458333333
1 0.103240740741 0.327083333333 0.0972222222222 0.146875
1 0.209259259259 0.321354166667 0.0833333333333 0.142708333333
1 0.283333333333 0.323697916667 0.0907407407407 0.1515625
1 0.359722222222 0.321354166667 0.0787037037037 0.154166666667
1 0.440740740741 0.321875 0.0648148148148 0.14375
1 0.49212962963 0.324739583333 0.0842592592593 0.1515625
1 0.549537037037 0.320833333333 0.0638888888889 0.145833333333
1 0.619444444444 0.327083333333 0.0888888888889 0.146875
1 0.692592592593 0.327083333333 0.0833333333333 0.154166666667
1 0.768981481481 0.32734375 0.075 0.149479166667
1 0.866666666667 0.333072916667 0.0888888888889 0.149479166667
1 0.960185185185 0.334114583333 0.0777777777778 0.158854166667
1 0.102314814815 0.564583333333 0.0824074074074 0.142708333333
1 0.17037037037 0.5546875 0.124074074074 0.141666666667
1 0.259259259259 0.555208333333 0.0722222222222 0.133333333333
1 0.363425925926 0.541927083333 0.0861111111111 0.125520833333
1 0.493981481481 0.557291666667 0.0972222222222 0.142708333333
1 0.569444444444 0.550520833333 0.0703703703704 0.129166666667
1 0.635185185185 0.550520833333 0.0740740740741 0.123958333333
1 0.689351851852 0.561458333333 0.0805555555556 0.136458333333
1 0.761574074074 0.575 0.130555555556 0.142708333333
1 0.884259259259 0.574739583333 0.103703703704 0.1359375
1 0.960185185185 0.56328125 0.0777777777778 0.130729166667
1 0.0671296296296 0.731510416667 0.128703703704 0.136979166667
1 0.186574074074 0.735416666667 0.123148148148 0.136458333333
1 0.29537037037 0.738020833333 0.124074074074 0.135416666667
1 0.40787037037 0.74140625 0.117592592593 0.138020833333
1 0.501388888889 0.73046875 0.0990740740741 0.1109375
1 0.593981481481 0.739322916667 0.123148148148 0.119270833333
1 0.70462962963 0.742708333333 0.107407407407 0.126041666667
1 0.818981481481 0.760416666667 0.137962962963 0.153125
1 0.899537037037 0.74609375 0.0842592592593 0.119270833333
1 0.952777777778 0.75078125 0.0925925925926 0.128645833333
1 0.1 0.924479166667 0.148148148148 0.15
1 0.200925925926 0.912239583333 0.0944444444444 0.125520833333
1 0.297685185185 0.926302083333 0.136111111111 0.146354166667
1 0.458333333333 0.932291666667 0.140740740741 0.134375
1 0.590740740741 0.933333333333 0.142592592593 0.132291666667
1 0.705092592593 0.933333333333 0.132407407407 0.132291666667
1 0.8125 0.933333333333 0.119444444444 0.132291666667
1 0.916203703704 0.93359375 0.117592592593 0.121354166667
