1 0.087037037037 0.0794270833333 0.162962962963 0.109895833333
1 0.237037037037 0.0817708333333 0.101851851852 0.105208333333
1 0.347222222222 0.0765625 0.087037037037 0.11875
1 0.41712962963 0.0755208333333 0.0953703703704 0.120833333333
1 0.484722222222 0.0765625 0.075 0.109375
1 0.539351851852 0.0747395833333 0.0731481481481 0.109895833333
1 0.59212962963 0.0638020833333 0.062037037037 0.1203125
1 0.656018518519 0.0666666666667 0.0787037037037 0.114583333333
1 0.719444444444 0.0661458333333 0.0777777777778 0.115625
1 0.784259259259 0.06328125 0.0851851851852 0.115104166667
1 0.962037037037 0.0690104166667 0.0740740740741 0.103645833333
1 0.0300925925926 0.32265625 0.062037037037 0.144270833333
1 0.164814814815 0.30859375 0.142592592593 0.158854166667
1 0.289351851852 0.309895833333 0.136111111111 0.160416666667
1 0.400462962963 0.3125 0.136111111111 0.155208333333
1 0.525 0.305729166667 0.101851851852 0.164583333333
1 0.607407407407 0.304166666667 0.101851851852 0.165625
1 0.696759259259 0.300520833333 0.0861111111111 0.163541666667
1 0.781481481481 0.299479166667 0.107407407407 0.163541666667
1 0.861574074074 0.3015625 0.0787037037037 0.154166666667
1 0.946759259259 0.300520833333 0.10462962963 0.154166666667
1 0.0703703703704 0.464322916667 0.142592592593 0.0578125
1 0.200925925926 0.465364583333 0.157407407407 0.0630208333333
1 0.0467592592593 0.556510416667 0.0953703703704 0.138020833333
1 0.146759259259 0.573177083333 0.158333333333 0.1578125
1 0.279166666667 0.557291666667 0.152777777778 0.154166666667
1 0.423148148148 0.56328125 0.144444444444 0.168229166667
1 0.519907407407 0.546614583333 0.115740740741 0.1484375
1 0.603703703704 0.562239583333 0.109259259259 0.1515625
1 0.669444444444 0.548177083333 0.0759259259259 0.1515625
1 0.73287037037 0.559375 0.0972222222222 0.155208333333
1 0.815277777778 0.566666666667 0.0842592592593 0.144791666667
1 0.900462962963 0.559895833333 0.102777777778 0.142708333333
1 0.966203703704 0.562760416667 0.0657407407407 0.136979166667
1 0.0763888888889 0.760677083333 0.15462962963 0.161979166667
1 0.211111111111 0.741927083333 0.127777777778 0.1296875
1 0.305092592593 0.76171875 0.150925925926 0.159895833333
1 0.423611111111 0.755989583333 0.136111111111 0.161979166667
1 0.535185185185 0.740885416667 0.101851851852 0.125520833333
1 0.63287037037 0.723697916667 0.112037037037 0.0973958333333
1 0.727314814815 0.7375 0.0990740740741 0.120833333333
1 0.825462962963 0.73984375 0.0972222222222 0.127604166667
1 0.916203703704 0.750260416667 0.100925925926 0.1484375
1 0.049537037037 0.93671875 0.100925925926 0.125520833333
1 0.105092592593 0.927864583333 0.134259259259 0.1171875
1 0.264351851852 0.940625 0.152777777778 0.117708333333
1 0.545833333333 0.948177083333 0.108333333333 0.0744791666667
1 0.626851851852 0.9609375 0.087037037037 0.071875
1 0.706944444444 0.961197916667 0.0824074074074 0.0755208333333
1 0.802777777778 0.959635416667 0.0814814814815 0.0765625
1 0.89212962963 0.966145833333 0.0990740740741 0.0666666666667
