1 0.189351851852 0.104947916667 0.134259259259 0.0942708333333
1 0.507407407407 0.08515625 0.124074074074 0.138020833333
1 0.0217592592593 0.31171875 0.0453703703704 0.1484375
1 0.0856481481481 0.314322916667 0.115740740741 0.156770833333
1 0.175 0.312760416667 0.105555555556 0.150520833333
1 0.291666666667 0.31484375 0.111111111111 0.150520833333
1 0.368518518519 0.312760416667 0.0759259259259 0.136979166667
1 0.435185185185 0.31484375 0.087037037037 0.1296875
1 0.516666666667 0.319010416667 0.101851851852 0.1421875
1 0.631018518519 0.312760416667 0.112037037037 0.171354166667
1 0.702777777778 0.308072916667 0.087037037037 0.1578125
1 0.815277777778 0.31484375 0.0972222222222 0.150520833333
1 0.881018518519 0.319010416667 0.113888888889 0.1609375
1 0.955092592593 0.316927083333 0.0842592592593 0.1515625
1 0.0259259259259 0.546614583333 0.0537037037037 0.136979166667
1 0.0865740740741 0.549479166667 0.0842592592593 0.13125
1 0.152777777778 0.5484375 0.0851851851852 0.123958333333
1 0.204166666667 0.563802083333 0.0972222222222 0.1296875
1 0.310185185185 0.554427083333 0.0907407407407 0.127604166667
1 0.37962962963 0.559375 0.107407407407 0.122916666667
1 0.460185185185 0.551822916667 0.107407407407 0.128645833333
1 0.531018518519 0.540625 0.100925925926 0.14375
1 0.597685185185 0.551041666667 0.0990740740741 0.14375
1 0.682407407407 0.53671875 0.0907407407407 0.1359375
1 0.746296296296 0.555729166667 0.0907407407407 0.136458333333
1 0.84212962963 0.566666666667 0.100925925926 0.133333333333
1 0.0638888888889 0.736979166667 0.12962962963 0.165625
1 0.200925925926 0.739322916667 0.127777777778 0.147395833333
1 0.352314814815 0.747395833333 0.134259259259 0.163541666667
1 0.455092592593 0.744010416667 0.117592592593 0.149479166667
1 0.583333333333 0.7140625 0.109259259259 0.102083333333
1 0.675925925926 0.719791666667 0.087037037037 0.103125
1 0.776388888889 0.743229166667 0.130555555556 0.127083333333
1 0.0824074074074 0.923958333333 0.146296296296 0.151041666667
1 0.1875 0.9234375 0.121296296296 0.152083333333
1 0.292592592593 0.9234375 0.125925925926 0.152083333333
1 0.391666666667 0.928645833333 0.125925925926 0.141666666667
1 0.49212962963 0.928645833333 0.0972222222222 0.141666666667
1 0.571296296296 0.930989583333 0.1 0.136979166667
1 0.664814814815 0.9296875 0.105555555556 0.139583333333
1 0.763888888889 0.930208333333 0.109259259259 0.138541666667
1 0.85 0.933854166667 0.112962962963 0.13125
1 0.959259259259 0.936197916667 0.0796296296296 0.1265625
1 0.962962962963 0.0979166666667 0.0722222222222 0.10625
