1 0.0217592592593 0.142708333333 0.0453703703704 0.155208333333
1 0.0731481481481 0.142447916667 0.0907407407407 0.1578125
1 0.149537037037 0.14609375 0.0787037037037 0.150520833333
1 0.221759259259 0.14140625 0.0787037037037 0.159895833333
1 0.289351851852 0.15078125 0.0953703703704 0.1484375
1 0.368518518519 0.150260416667 0.0851851851852 0.158854166667
1 0.441666666667 0.15 0.087037037037 0.152083333333
1 0.510648148148 0.1546875 0.10462962963 0.15625
1 0.584722222222 0.1859375 0.0731481481481 0.0958333333333
1 0.639351851852 0.18671875 0.075 0.0973958333333
1 0.708333333333 0.18125 0.0888888888889 0.103125
1 0.785185185185 0.181770833333 0.0907407407407 0.1
1 0.861111111111 0.18125 0.107407407407 0.103125
1 0.924074074074 0.18359375 0.0851851851852 0.0942708333333
1 0.968055555556 0.18828125 0.062037037037 0.103645833333
1 0.0689814814815 0.34453125 0.0787037037037 0.140104166667
1 0.146296296296 0.34375 0.0925925925926 0.14375
1 0.221296296296 0.344270833333 0.0703703703704 0.133333333333
1 0.291203703704 0.3515625 0.0953703703704 0.13125
1 0.369907407407 0.350260416667 0.0824074074074 0.1265625
1 0.425462962963 0.353645833333 0.0824074074074 0.133333333333
1 0.556018518519 0.359375 0.0935185185185 0.103125
1 0.622685185185 0.36484375 0.102777777778 0.106770833333
1 0.711111111111 0.369270833333 0.103703703704 0.111458333333
1 0.808796296296 0.37109375 0.113888888889 0.1171875
1 0.874074074074 0.361458333333 0.107407407407 0.14375
1 0.939814814815 0.358333333333 0.0907407407407 0.142708333333
1 0.0324074074074 0.518229166667 0.0666666666667 0.13125
1 0.0912037037037 0.519791666667 0.0805555555556 0.130208333333
1 0.160648148148 0.523697916667 0.0805555555556 0.128645833333
1 0.226388888889 0.523958333333 0.0805555555556 0.121875
1 0.290277777778 0.52734375 0.0805555555556 0.119270833333
1 0.355555555556 0.5296875 0.0907407407407 0.116666666667
1 0.440740740741 0.5015625 0.0888888888889 0.102083333333
1 0.501388888889 0.496614583333 0.0824074074074 0.0880208333333
1 0.562962962963 0.497916666667 0.0666666666667 0.0885416666667
1 0.631018518519 0.512760416667 0.0916666666667 0.0953125
1 0.695833333333 0.509895833333 0.0601851851852 0.0802083333333
1 0.748148148148 0.514583333333 0.087037037037 0.0916666666667
1 0.804166666667 0.522916666667 0.0787037037037 0.101041666667
1 0.896296296296 0.5453125 0.107407407407 0.132291666667
1 0.963425925926 0.540104166667 0.0712962962963 0.1375
1 0.0435185185185 0.6796875 0.0888888888889 0.125
1 0.106944444444 0.677604166667 0.0805555555556 0.133333333333
1 0.171296296296 0.684114583333 0.0796296296296 0.1296875
1 0.270833333333 0.6671875 0.0583333333333 0.0916666666667
1 0.308796296296 0.67265625 0.0805555555556 0.106770833333
1 0.372685185185 0.673177083333 0.0601851851852 0.0984375
1 0.412962962963 0.679427083333 0.0833333333333 0.108854166667
1 0.547685185185 0.660416666667 0.0731481481481 0.0635416666667
1 0.613425925926 0.665625 0.0768518518519 0.0625
1 0.66712962963 0.69921875 0.0935185185185 0.0973958333333
1 0.726851851852 0.72109375 0.105555555556 0.108854166667
1 0.795833333333 0.720833333333 0.0824074074074 0.103125
1 0.909722222222 0.696875 0.0768518518519 0.113541666667
1 0.779166666667 0.88828125 0.149074074074 0.158854166667
1 0.87962962963 0.90390625 0.161111111111 0.169270833333
