1 0.105555555556 0.139583333333 0.101851851852 0.178125
1 0.190277777778 0.14453125 0.117592592593 0.1703125
1 0.292592592593 0.144791666667 0.105555555556 0.178125
1 0.357407407407 0.157552083333 0.0925925925926 0.161979166667
1 0.43287037037 0.16015625 0.0898148148148 0.149479166667
1 0.502314814815 0.140364583333 0.0675925925926 0.1828125
1 0.556481481481 0.14375 0.0833333333333 0.176041666667
1 0.621296296296 0.165625 0.0777777777778 0.153125
1 0.693518518519 0.15859375 0.0925925925926 0.1390625
1 0.686111111111 0.330208333333 0.0962962962963 0.132291666667
1 0.606018518519 0.329427083333 0.0712962962963 0.130729166667
1 0.527314814815 0.338541666667 0.0805555555556 0.161458333333
1 0.458333333333 0.329166666667 0.0851851851852 0.142708333333
1 0.3875 0.333333333333 0.075 0.144791666667
1 0.318518518519 0.336979166667 0.087037037037 0.158333333333
1 0.231481481481 0.333333333333 0.111111111111 0.155208333333
1 0.139351851852 0.334635416667 0.0898148148148 0.1515625
1 0.167592592593 0.504947916667 0.0777777777778 0.1265625
1 0.243055555556 0.506770833333 0.0990740740741 0.1375
1 0.31712962963 0.497135416667 0.0805555555556 0.128645833333
1 0.383333333333 0.497916666667 0.0833333333333 0.134375
1 0.44537037037 0.486979166667 0.0703703703704 0.13125
1 0.647685185185 0.595833333333 0.0805555555556 0.101041666667
1 0.57037037037 0.6046875 0.0925925925926 0.104166666667
1 0.483796296296 0.615104166667 0.10462962963 0.108333333333
1 0.399074074074 0.622916666667 0.0962962962963 0.109375
1 0.31712962963 0.63515625 0.136111111111 0.109895833333
1 0.218518518519 0.645572916667 0.111111111111 0.102604166667
1 0.130092592593 0.656770833333 0.126851851852 0.104166666667
1 0.0888888888889 0.841927083333 0.135185185185 0.175520833333
1 0.19537037037 0.811197916667 0.151851851852 0.149479166667
1 0.300462962963 0.804427083333 0.113888888889 0.152604166667
1 0.389814814815 0.786979166667 0.0962962962963 0.145833333333
1 0.469907407407 0.762760416667 0.121296296296 0.1390625
1 0.553240740741 0.748177083333 0.0768518518519 0.178645833333
1 0.630555555556 0.73828125 0.114814814815 0.156770833333
1 0.724537037037 0.656770833333 0.10462962963 0.111458333333
1 0.801851851852 0.649739583333 0.0925925925926 0.1046875
1 0.886574074074 0.639322916667 0.0842592592593 0.1078125
1 0.957407407407 0.630729166667 0.0648148148148 0.11875
1 0.747685185185 0.51171875 0.108333333333 0.113020833333
1 0.777314814815 0.371354166667 0.117592592593 0.116666666667
1 0.874074074074 0.374739583333 0.0962962962963 0.109895833333
1 0.939351851852 0.365104166667 0.0712962962963 0.114583333333
1 0.783333333333 0.0380208333333 0.0833333333333 0.0770833333333
1 0.838888888889 0.0408854166667 0.0462962962963 0.0828125
1 0.881944444444 0.0432291666667 0.062037037037 0.0875
1 0.0342592592593 0.138020833333 0.0703703703704 0.178125
1 0.754166666667 0.184895833333 0.0824074074074 0.05
1 0.821296296296 0.187760416667 0.0814814814815 0.0578125
1 0.877777777778 0.186979166667 0.0666666666667 0.059375
1 0.930555555556 0.192447916667 0.0685185185185 0.0536458333333
1 0.97037037037 0.193229166667 0.0574074074074 0.0520833333333
1 0.760185185185 0.235677083333 0.0703703703704 0.0619791666667
1 0.818055555556 0.238020833333 0.062037037037 0.0541666666667
1 0.868981481481 0.238020833333 0.0601851851852 0.0572916666667
1 0.915740740741 0.239322916667 0.0555555555556 0.0640625
1 0.960185185185 0.24140625 0.0574074074074 0.0526041666667
1 0.0402777777778 0.327604166667 0.0824074074074 0.153125
1 0.0282407407407 0.517447916667 0.0583333333333 0.1390625
1 0.087037037037 0.511197916667 0.105555555556 0.1421875
1 0.506481481481 0.485677083333 0.0592592592593 0.115104166667
1 0.55787037037 0.478125 0.0675925925926 0.104166666667
1 0.614351851852 0.476302083333 0.075 0.1078125
1 0.66712962963 0.473697916667 0.0768518518519 0.108854166667
1 0.837037037037 0.509375 0.0907407407407 0.115625
1 0.898611111111 0.499739583333 0.102777777778 0.119270833333
1 0.961111111111 0.502604166667 0.0759259259259 0.1
1 0.0416666666667 0.680208333333 0.0851851851852 0.123958333333
