4 0.0569444444444 0.252083333333 0.115740740741 0.13125
4 0.179166666667 0.2484375 0.163888888889 0.136458333333
4 0.340740740741 0.249739583333 0.137037037037 0.133854166667
4 0.50787037037 0.212760416667 0.175 0.1078125
4 0.729166666667 0.20546875 0.108333333333 0.0984375
4 0.899537037037 0.247916666667 0.199074074074 0.15625
4 0.885648148148 0.398958333333 0.189814814815 0.1375
4 0.668055555556 0.416927083333 0.160185185185 0.127604166667
4 0.520833333333 0.441927083333 0.165740740741 0.1328125
4 0.369444444444 0.40859375 0.146296296296 0.116145833333
4 0.216666666667 0.4140625 0.125925925926 0.105208333333
4 0.0726851851852 0.42265625 0.147222222222 0.116145833333
4 0.0314814814815 0.586979166667 0.0648148148148 0.120833333333
4 0.139814814815 0.78125 0.190740740741 0.15625
4 0.187037037037 0.88515625 0.155555555556 0.100520833333
4 0.335648148148 0.884895833333 0.160185185185 0.111458333333
4 0.323148148148 0.75078125 0.138888888889 0.131770833333
4 0.487037037037 0.762239583333 0.174074074074 0.140104166667
4 0.216203703704 0.602604166667 0.149074074074 0.122916666667
4 0.386574074074 0.607291666667 0.160185185185 0.11875
4 0.575 0.574739583333 0.142592592593 0.1265625
4 0.705092592593 0.56640625 0.132407407407 0.124479166667
4 0.877314814815 0.577083333333 0.176851851852 0.129166666667
4 0.615277777778 0.72421875 0.134259259259 0.108854166667
4 0.728240740741 0.719270833333 0.123148148148 0.10625
4 0.899537037037 0.734635416667 0.165740740741 0.118229166667
4 0.688888888889 0.853125 0.138888888889 0.105208333333
4 0.875462962963 0.899739583333 0.160185185185 0.131770833333
4 0.543055555556 0.917447916667 0.193518518519 0.100520833333
