0 0.0560185185185 0.0864583333333 0.0842592592593 0.0802083333333
0 0.0546296296296 0.164583333333 0.0907407407407 0.0791666666667
0 0.187962962963 0.08046875 0.0888888888889 0.0869791666667
0 0.179166666667 0.16796875 0.100925925926 0.0838541666667
0 0.265740740741 0.0799479166667 0.0592592592593 0.0880208333333
0 0.324074074074 0.0736979166667 0.0703703703704 0.100520833333
0 0.259722222222 0.169791666667 0.0768518518519 0.0895833333333
0 0.312962962963 0.165885416667 0.0759259259259 0.0973958333333
0 0.414814814815 0.0731770833333 0.0944444444444 0.0973958333333
0 0.487037037037 0.0723958333333 0.0833333333333 0.101041666667
0 0.569444444444 0.071875 0.103703703704 0.109375
0 0.651388888889 0.0625 0.0657407407407 0.111458333333
0 0.721296296296 0.0638020833333 0.107407407407 0.127604166667
0 0.400462962963 0.165625 0.0916666666667 0.104166666667
0 0.478703703704 0.169010416667 0.087037037037 0.106770833333
0 0.548611111111 0.173177083333 0.0953703703704 0.103645833333
0 0.621759259259 0.16796875 0.0805555555556 0.1046875
0 0.689814814815 0.173177083333 0.1 0.1078125
0 0.151388888889 0.287760416667 0.0657407407407 0.0796875
0 0.197685185185 0.287760416667 0.0564814814815 0.0734375
0 0.247222222222 0.29296875 0.0648148148148 0.0786458333333
0 0.337037037037 0.306510416667 0.0611111111111 0.0661458333333
0 0.300462962963 0.385677083333 0.0638888888889 0.0651041666667
0 0.460185185185 0.409895833333 0.0574074074074 0.0645833333333
0 0.651851851852 0.429427083333 0.087037037037 0.0953125
0 0.239351851852 0.6796875 0.0601851851852 0.090625
0 0.275925925926 0.693489583333 0.0555555555556 0.0953125
0 0.325462962963 0.711979166667 0.0731481481481 0.1
0 0.396296296296 0.738020833333 0.0703703703704 0.078125
0 0.440740740741 0.757291666667 0.0648148148148 0.090625
0 0.588888888889 0.5765625 0.0759259259259 0.102083333333
0 0.675462962963 0.594791666667 0.10462962963 0.103125
0 0.756481481481 0.618229166667 0.0833333333333 0.10625
0 0.839814814815 0.63828125 0.112962962963 0.1078125
0 0.935648148148 0.661197916667 0.119444444444 0.116145833333
0 0.570833333333 0.66640625 0.100925925926 0.0911458333333
0 0.649537037037 0.685416666667 0.0824074074074 0.0927083333333
0 0.731944444444 0.708072916667 0.112037037037 0.0963541666667
0 0.808796296296 0.728645833333 0.100925925926 0.103125
0 0.890277777778 0.753645833333 0.136111111111 0.109375
0 0.960185185185 0.77734375 0.0777777777778 0.109895833333
0 0.0402777777778 0.495572916667 0.062037037037 0.0953125
0 0.087037037037 0.50078125 0.0722222222222 0.100520833333
0 0.12962962963 0.507291666667 0.0722222222222 0.0927083333333
0 0.205092592593 0.525 0.115740740741 0.101041666667
