2 0.963020833333 0.119907407407 0.0729166666667 0.110185185185
2 0.889583333333 0.135648148148 0.0864583333333 0.112037037037
2 0.815104166667 0.130092592593 0.075 0.10462962963
2 0.740885416667 0.125 0.0755208333333 0.0962962962963
2 0.6640625 0.125 0.0791666666667 0.1
2 0.5875 0.129166666667 0.0802083333333 0.0916666666667
2 0.515885416667 0.133796296296 0.0734375 0.0972222222222
2 0.43828125 0.137037037037 0.0776041666667 0.0944444444444
2 0.365625 0.312037037037 0.0822916666667 0.118518518519
2 0.4421875 0.251851851852 0.0791666666667 0.087037037037
2 0.4390625 0.3375 0.075 0.075
2 0.51875 0.248148148148 0.0697916666667 0.087037037037
2 0.505729166667 0.338425925926 0.075 0.087962962963
2 0.577604166667 0.328240740741 0.0729166666667 0.0824074074074
2 0.6625 0.247685185185 0.0760416666667 0.0916666666667
2 0.65625 0.337037037037 0.075 0.0796296296296
2 0.728645833333 0.314351851852 0.0770833333333 0.113888888889
2 0.80859375 0.242592592593 0.0692708333333 0.0796296296296
2 0.802604166667 0.329166666667 0.0729166666667 0.0990740740741
2 0.870833333333 0.326851851852 0.0760416666667 0.107407407407
2 0.872395833333 0.229166666667 0.0770833333333 0.0731481481481
2 0.948958333333 0.319907407407 0.0760416666667 0.0953703703704
2 0.947916666667 0.508796296296 0.084375 0.125
2 0.863020833333 0.503240740741 0.0770833333333 0.110185185185
2 0.797916666667 0.516203703704 0.0822916666667 0.113888888889
2 0.726041666667 0.447685185185 0.0802083333333 0.0953703703704
2 0.726041666667 0.529166666667 0.0947916666667 0.0657407407407
2 0.649479166667 0.518055555556 0.075 0.0768518518519
2 0.650520833333 0.441203703704 0.075 0.0787037037037
2 0.578645833333 0.446759259259 0.075 0.0972222222222
2 0.582291666667 0.51712962963 0.084375 0.0675925925926
2 0.508854166667 0.449537037037 0.08125 0.106481481481
2 0.513020833333 0.520833333333 0.0854166666667 0.0638888888889
2 0.4390625 0.441203703704 0.06875 0.0898148148148
2 0.446875 0.518055555556 0.0802083333333 0.0731481481481
2 0.3765625 0.5125 0.0729166666667 0.110185185185
2 0.306770833333 0.504166666667 0.0833333333333 0.130555555556
2 0.240104166667 0.50787037037 0.08125 0.0972222222222
2 0.1640625 0.510648148148 0.0875 0.113888888889
2 0.0875 0.506944444444 0.0802083333333 0.110185185185
2 0.292708333333 0.322685185185 0.0760416666667 0.0990740740741
2 0.29453125 0.120833333333 0.0796875 0.110185185185
2 0.217447916667 0.0486111111111 0.0921875 0.0990740740741
2 0.219791666667 0.138888888889 0.0802083333333 0.0796296296296
2 0.220833333333 0.329166666667 0.0739583333333 0.0953703703704
2 0.2203125 0.250462962963 0.0895833333333 0.0712962962963
2 0.144791666667 0.323611111111 0.096875 0.121296296296
2 0.1015625 0.714351851852 0.0708333333333 0.0805555555556
2 0.168229166667 0.716203703704 0.0708333333333 0.0805555555556
2 0.169791666667 0.634722222222 0.0802083333333 0.087962962963
2 0.09375 0.63287037037 0.0697916666667 0.0805555555556
2 0.234375 0.724537037037 0.0864583333333 0.0824074074074
2 0.305208333333 0.719907407407 0.0802083333333 0.110185185185
2 0.374479166667 0.715277777778 0.0770833333333 0.0898148148148
2 0.438020833333 0.722222222222 0.0895833333333 0.0944444444444
2 0.446875 0.628240740741 0.0635416666667 0.0787037037037
2 0.50625 0.6375 0.084375 0.10462962963
2 0.5765625 0.636574074074 0.06875 0.102777777778
2 0.644270833333 0.635648148148 0.075 0.0898148148148
2 0.715625 0.64212962963 0.0802083333333 0.087962962963
2 0.790104166667 0.645833333333 0.0666666666667 0.102777777778
2 0.856770833333 0.647685185185 0.0708333333333 0.0953703703704
2 0.936979166667 0.645833333333 0.09375 0.102777777778
2 0.930208333333 0.743055555556 0.0802083333333 0.0638888888889
2 0.85625 0.736111111111 0.0760416666667 0.0851851851852
2 0.786979166667 0.725462962963 0.0791666666667 0.0768518518519
2 0.713541666667 0.714351851852 0.0822916666667 0.0842592592593
2 0.647395833333 0.719907407407 0.0708333333333 0.0731481481481
2 0.573958333333 0.724537037037 0.0802083333333 0.0675925925926
2 0.710416666667 0.931018518519 0.0760416666667 0.0731481481481
2 0.717708333333 0.845833333333 0.0677083333333 0.0842592592593
2 0.652083333333 0.8375 0.0677083333333 0.100925925926
2 0.646354166667 0.920833333333 0.075 0.075
2 0.590625 0.841203703704 0.071875 0.108333333333
2 0.5828125 0.938425925926 0.06875 0.0916666666667
2 0.516145833333 0.846759259259 0.08125 0.119444444444
2 0.51875 0.933796296296 0.084375 0.0861111111111
2 0.450520833333 0.849537037037 0.06875 0.117592592593
2 0.454166666667 0.930092592593 0.0760416666667 0.075
2 0.384895833333 0.841203703704 0.0770833333333 0.10462962963
2 0.3859375 0.925462962963 0.06875 0.0657407407407
2 0.315104166667 0.835648148148 0.0604166666667 0.0898148148148
2 0.322395833333 0.918055555556 0.0708333333333 0.0694444444444
2 0.244270833333 0.839351851852 0.0833333333333 0.108333333333
2 0.253125 0.921759259259 0.065625 0.0694444444444
2 0.0510416666667 0.910648148148 0.090625 0.117592592593
2 0.154166666667 0.868981481481 0.0927083333333 0.10462962963
2 0.0145833333333 0.134722222222 0.0302083333333 0.100925925926
2 0.0661458333333 0.135648148148 0.0739583333333 0.0842592592593
2 0.14296875 0.130092592593 0.0776041666667 0.110185185185
2 0.3734375 0.110185185185 0.0604166666667 0.137037037037
2 0.434635416667 0.0444444444444 0.0744791666667 0.0907407407407
2 0.5125 0.0425925925926 0.078125 0.0833333333333
2 0.588020833333 0.0412037037037 0.0791666666667 0.0842592592593
2 0.0729166666667 0.241203703704 0.075 0.0601851851852
2 0.0760416666667 0.325 0.0739583333333 0.1
2 0.0177083333333 0.316203703704 0.0354166666667 0.108333333333
2 0.658854166667 0.0375 0.0729166666667 0.0731481481481
2 0.74140625 0.0388888888889 0.0838541666667 0.0796296296296
2 0.81875 0.0407407407407 0.0697916666667 0.0759259259259
2 0.890625 0.0356481481481 0.0802083333333 0.0712962962963
2 0.9546875 0.232407407407 0.084375 0.0666666666667
2 0.7328125 0.229166666667 0.0604166666667 0.0601851851852
2 0.5796875 0.241666666667 0.05 0.0703703703704
2 0.3828125 0.626388888889 0.059375 0.0712962962963
2 0.0765625 0.825925925926 0.0697916666667 0.062962962963
2 0.03671875 0.703240740741 0.0609375 0.123148148148
2 0.325260416667 0.622222222222 0.0463541666667 0.062962962963
2 0.77734375 0.901388888889 0.0619791666667 0.0731481481481
2 0.82734375 0.861574074074 0.0401041666667 0.0657407407407
2 0.770052083333 0.813425925926 0.0411458333333 0.0453703703704
2 0.8828125 0.863888888889 0.0583333333333 0.0666666666667
2 0.884375 0.814351851852 0.0583333333333 0.0361111111111
2 0.93125 0.8375 0.034375 0.0638888888889
2 0.9296875 0.895833333333 0.03125 0.0509259259259
2 0.974479166667 0.85787037037 0.0510416666667 0.110185185185
2 0.971875 0.945833333333 0.05625 0.0657407407407
2 0.3 0.243981481481 0.06875 0.0675925925926
2 0.8734375 0.426388888889 0.0666666666667 0.0361111111111
2 0.80234375 0.430092592593 0.0703125 0.0564814814815
2 0.377864583333 0.430555555556 0.0546875 0.0518518518519
