4 0.0337962962963 0.187239583333 0.0694444444444 0.1234375
4 0.0861111111111 0.187239583333 0.0666666666667 0.116145833333
4 0.145833333333 0.181770833333 0.102777777778 0.121875
4 0.211574074074 0.18125 0.106481481481 0.122916666667
4 0.285185185185 0.183072916667 0.0962962962963 0.124479166667
4 0.362037037037 0.184114583333 0.0944444444444 0.122395833333
4 0.437037037037 0.179947916667 0.0833333333333 0.125520833333
4 0.514351851852 0.183333333333 0.0861111111111 0.120833333333
4 0.588425925926 0.18828125 0.0731481481481 0.1140625
4 0.653703703704 0.18828125 0.0814814814815 0.108854166667
4 0.714351851852 0.18828125 0.0712962962963 0.108854166667
4 0.813888888889 0.179427083333 0.0703703703704 0.122395833333
4 0.882407407407 0.179427083333 0.0814814814815 0.1171875
4 0.958796296296 0.173958333333 0.0731481481481 0.120833333333
4 0.0430555555556 0.358072916667 0.087962962963 0.100520833333
4 0.116666666667 0.354427083333 0.0777777777778 0.100520833333
4 0.202314814815 0.35625 0.0787037037037 0.10625
4 0.280555555556 0.353125 0.0962962962963 0.105208333333
4 0.353703703704 0.35078125 0.0685185185185 0.100520833333
4 0.411574074074 0.352083333333 0.062037037037 0.105208333333
4 0.466203703704 0.350260416667 0.0638888888889 0.1015625
4 0.538888888889 0.34921875 0.087037037037 0.103645833333
4 0.610185185185 0.349739583333 0.0722222222222 0.100520833333
4 0.678703703704 0.347135416667 0.0796296296296 0.100520833333
4 0.748148148148 0.347135416667 0.0796296296296 0.100520833333
4 0.804166666667 0.345052083333 0.0731481481481 0.100520833333
4 0.871296296296 0.345572916667 0.0833333333333 0.1015625
4 0.938425925926 0.341927083333 0.075 0.0994791666667
4 0.0625 0.513020833333 0.0916666666667 0.090625
4 0.134259259259 0.5109375 0.0833333333333 0.0989583333333
4 0.205092592593 0.504947916667 0.0731481481481 0.0973958333333
4 0.271759259259 0.502604166667 0.075 0.0927083333333
4 0.339814814815 0.502604166667 0.0796296296296 0.0947916666667
4 0.412037037037 0.4984375 0.0796296296296 0.09375
4 0.477314814815 0.49765625 0.0712962962963 0.0921875
4 0.556481481481 0.491145833333 0.0685185185185 0.0791666666667
4 0.621759259259 0.490885416667 0.062037037037 0.0776041666667
4 0.678240740741 0.489322916667 0.0583333333333 0.0828125
4 0.733333333333 0.491145833333 0.0703703703704 0.0885416666667
4 0.795833333333 0.490104166667 0.0694444444444 0.0864583333333
4 0.860648148148 0.488020833333 0.0657407407407 0.0885416666667
4 0.918055555556 0.48671875 0.0787037037037 0.0859375
4 0.0657407407407 0.65078125 0.0907407407407 0.0817708333333
4 0.133333333333 0.64375 0.0777777777778 0.08125
4 0.202314814815 0.644270833333 0.0787037037037 0.0802083333333
4 0.271759259259 0.64296875 0.075 0.0828125
4 0.337962962963 0.638802083333 0.0666666666667 0.0817708333333
4 0.410648148148 0.63671875 0.0768518518519 0.0838541666667
4 0.479166666667 0.63046875 0.075 0.0765625
4 0.54537037037 0.629947916667 0.0796296296296 0.0776041666667
4 0.609722222222 0.62578125 0.0768518518519 0.0765625
4 0.673148148148 0.625260416667 0.0648148148148 0.0776041666667
4 0.732407407407 0.62265625 0.0648148148148 0.0755208333333
4 0.792592592593 0.62109375 0.0703703703704 0.0765625
4 0.85 0.61875 0.0703703703704 0.0770833333333
4 0.917592592593 0.618229166667 0.0703703703704 0.078125
4 0.037037037037 0.783072916667 0.0759259259259 0.0838541666667
4 0.0972222222222 0.776302083333 0.0814814814815 0.0828125
4 0.167592592593 0.77421875 0.0648148148148 0.0828125
4 0.235648148148 0.76953125 0.0768518518519 0.0776041666667
4 0.299537037037 0.765625 0.0712962962963 0.078125
4 0.373611111111 0.761979166667 0.075 0.078125
4 0.440277777778 0.75859375 0.0694444444444 0.0755208333333
4 0.499537037037 0.754947916667 0.0768518518519 0.0755208333333
4 0.558796296296 0.750260416667 0.0638888888889 0.0703125
4 0.624074074074 0.75078125 0.0814814814815 0.0692708333333
4 0.683796296296 0.747916666667 0.0564814814815 0.0708333333333
4 0.74537037037 0.744270833333 0.0685185185185 0.0708333333333
4 0.804166666667 0.74140625 0.0601851851852 0.0744791666667
4 0.864351851852 0.739583333333 0.0583333333333 0.0729166666667
4 0.919907407407 0.7390625 0.062037037037 0.0739583333333
4 0.0189814814815 0.915625 0.0398148148148 0.096875
4 0.0689814814815 0.912760416667 0.075 0.0932291666667
4 0.131481481481 0.906770833333 0.0814814814815 0.0958333333333
4 0.207407407407 0.895572916667 0.0777777777778 0.0848958333333
4 0.273148148148 0.897135416667 0.0685185185185 0.0932291666667
4 0.332407407407 0.898958333333 0.0611111111111 0.096875
4 0.394907407407 0.890104166667 0.0842592592593 0.0958333333333
4 0.458333333333 0.88828125 0.0666666666667 0.0921875
4 0.515740740741 0.885416666667 0.0666666666667 0.0979166666667
4 0.568518518519 0.879947916667 0.062962962963 0.0942708333333
4 0.631018518519 0.875260416667 0.0601851851852 0.0901041666667
4 0.69212962963 0.872135416667 0.0694444444444 0.0911458333333
4 0.749074074074 0.869270833333 0.0518518518519 0.0947916666667
4 0.798148148148 0.863802083333 0.0685185185185 0.0911458333333
4 0.868981481481 0.864583333333 0.0657407407407 0.096875
4 0.921296296296 0.862760416667 0.0685185185185 0.0953125
