0 0.322685185185 0.120052083333 0.0824074074074 0.0776041666667
0 0.614814814815 0.12109375 0.087037037037 0.0796875
0 0.905555555556 0.129166666667 0.101851851852 0.0822916666667
0 0.319907407407 0.208072916667 0.0787037037037 0.0640625
0 0.591666666667 0.2125 0.0907407407407 0.0729166666667
0 0.878703703704 0.21640625 0.0851851851852 0.0859375
0 0.226851851852 0.33515625 0.0722222222222 0.0661458333333
0 0.14537037037 0.332552083333 0.0944444444444 0.0671875
0 0.14537037037 0.407552083333 0.087037037037 0.0744791666667
0 0.221759259259 0.409375 0.0824074074074 0.06875
0 0.444907407407 0.346354166667 0.0638888888889 0.0739583333333
0 0.453703703704 0.423697916667 0.0703703703704 0.0651041666667
0 0.666666666667 0.361197916667 0.0888888888889 0.0953125
0 0.756481481481 0.368229166667 0.114814814815 0.0854166666667
0 0.89212962963 0.373958333333 0.102777777778 0.0739583333333
0 0.656944444444 0.451041666667 0.108333333333 0.0822916666667
0 0.747222222222 0.446354166667 0.105555555556 0.0895833333333
0 0.878240740741 0.457552083333 0.115740740741 0.0807291666667
0 0.0416666666667 0.507552083333 0.0851851851852 0.0755208333333
0 0.0435185185185 0.574739583333 0.0888888888889 0.0682291666667
0 0.0990740740741 0.574739583333 0.0814814814815 0.0734375
0 0.10462962963 0.506510416667 0.0703703703704 0.0640625
0 0.162962962963 0.516927083333 0.0851851851852 0.0734375
0 0.158333333333 0.58515625 0.0888888888889 0.0682291666667
0 0.22962962963 0.521354166667 0.087037037037 0.0708333333333
0 0.29537037037 0.53125 0.103703703704 0.071875
0 0.222685185185 0.58828125 0.0638888888889 0.0765625
0 0.291666666667 0.600260416667 0.087037037037 0.0661458333333
0 0.0310185185185 0.68359375 0.0638888888889 0.0682291666667
0 0.205092592593 0.704427083333 0.0990740740741 0.0776041666667
0 0.299537037037 0.699739583333 0.0824074074074 0.0776041666667
0 0.355092592593 0.7015625 0.0583333333333 0.0739583333333
0 0.408796296296 0.71015625 0.0583333333333 0.0734375
0 0.460185185185 0.716145833333 0.0666666666667 0.0802083333333
0 0.520833333333 0.735677083333 0.0675925925926 0.100520833333
0 0.584722222222 0.743229166667 0.0768518518519 0.113541666667
0 0.661574074074 0.754166666667 0.0953703703704 0.0989583333333
0 0.0791666666667 0.792447916667 0.0787037037037 0.0619791666667
0 0.741203703704 0.886979166667 0.0805555555556 0.08125
0 0.965277777778 0.936458333333 0.0675925925926 0.071875
