2 0.305092592593 0.133333333333 0.247222222222 0.127083333333
2 0.55 0.130729166667 0.244444444444 0.125
2 0.755555555556 0.216666666667 0.240740740741 0.0927083333333
2 0.559722222222 0.23046875 0.237962962963 0.0921875
2 0.343055555556 0.233072916667 0.256481481481 0.0869791666667
2 0.122685185185 0.240885416667 0.234259259259 0.0994791666667
2 0.15787037037 0.35546875 0.237962962963 0.0817708333333
2 0.378703703704 0.341666666667 0.235185185185 0.0885416666667
2 0.756481481481 0.397395833333 0.203703703704 0.0947916666667
2 0.577777777778 0.413802083333 0.188888888889 0.1046875
2 0.395833333333 0.427604166667 0.243518518519 0.0833333333333
2 0.178240740741 0.427604166667 0.210185185185 0.09375
2 0.2 0.553385416667 0.216666666667 0.0890625
2 0.372685185185 0.545833333333 0.178703703704 0.090625
2 0.56712962963 0.5265625 0.234259259259 0.0875
2 0.758333333333 0.609114583333 0.17962962963 0.0994791666667
2 0.585648148148 0.609895833333 0.223148148148 0.0833333333333
2 0.395833333333 0.631510416667 0.213888888889 0.0682291666667
2 0.184259259259 0.633333333333 0.203703703704 0.0645833333333
2 0.226388888889 0.73671875 0.200925925926 0.0734375
2 0.422222222222 0.725260416667 0.203703703704 0.0817708333333
2 0.613425925926 0.715885416667 0.178703703704 0.0869791666667
2 0.79212962963 0.702604166667 0.191666666667 0.0854166666667
2 0.7875 0.778385416667 0.191666666667 0.0807291666667
2 0.602777777778 0.795572916667 0.231481481481 0.0630208333333
2 0.42037037037 0.80625 0.194444444444 0.0697916666667
2 0.238425925926 0.816666666667 0.213888888889 0.059375
2 0.0990740740741 0.137760416667 0.196296296296 0.0880208333333
2 0.936111111111 0.212760416667 0.125925925926 0.0963541666667
2 0.929166666667 0.115364583333 0.139814814815 0.0963541666667
2 0.920833333333 0.321354166667 0.156481481481 0.0729166666667
2 0.925 0.40078125 0.144444444444 0.0744791666667
2 0.0361111111111 0.441145833333 0.0740740740741 0.0791666666667
2 0.9125 0.521614583333 0.173148148148 0.0776041666667
2 0.915740740741 0.600520833333 0.166666666667 0.084375
2 0.935648148148 0.769270833333 0.123148148148 0.084375
2 0.0601851851852 0.75 0.122222222222 0.0927083333333
2 0.0671296296296 0.820833333333 0.136111111111 0.0583333333333
2 0.0402777777778 0.640885416667 0.0824074074074 0.0890625
2 0.0444444444444 0.550520833333 0.0907407407407 0.078125
