1 0.0351851851852 0.13828125 0.0722222222222 0.158854166667
1 0.0976851851852 0.1390625 0.0990740740741 0.147916666667
1 0.176388888889 0.139583333333 0.0953703703704 0.154166666667
1 0.266666666667 0.137760416667 0.0907407407407 0.159895833333
1 0.348148148148 0.139583333333 0.0888888888889 0.146875
1 0.435648148148 0.142447916667 0.0953703703704 0.146354166667
1 0.582407407407 0.166145833333 0.0685185185185 0.103125
1 0.671296296296 0.0848958333333 0.105555555556 0.0395833333333
1 0.843981481481 0.0859375 0.100925925926 0.0395833333333
1 0.932407407407 0.0869791666667 0.101851851852 0.0395833333333
1 0.666203703704 0.137760416667 0.0990740740741 0.0765625
1 0.753240740741 0.13828125 0.0935185185185 0.0755208333333
1 0.839814814815 0.135416666667 0.0925925925926 0.071875
1 0.922222222222 0.136197916667 0.0888888888889 0.0734375
1 0.0569444444444 0.345052083333 0.102777777778 0.152604166667
1 0.127777777778 0.344010416667 0.0851851851852 0.1484375
1 0.1875 0.347395833333 0.0972222222222 0.153125
1 0.263425925926 0.345572916667 0.100925925926 0.156770833333
1 0.351388888889 0.351302083333 0.0953703703704 0.138020833333
1 0.4375 0.3484375 0.0916666666667 0.125
1 0.499074074074 0.349739583333 0.0740740740741 0.125520833333
1 0.561111111111 0.351041666667 0.103703703704 0.14375
1 0.686574074074 0.287239583333 0.139814814815 0.136979166667
1 0.774074074074 0.31328125 0.0648148148148 0.0869791666667
1 0.876851851852 0.287239583333 0.15 0.1390625
1 0.953703703704 0.3109375 0.0703703703704 0.0875
1 0.0240740740741 0.564322916667 0.05 0.1359375
1 0.074537037037 0.56328125 0.0842592592593 0.1359375
1 0.140277777778 0.565625 0.0805555555556 0.135416666667
1 0.2125 0.566145833333 0.0805555555556 0.134375
1 0.282407407407 0.5671875 0.0851851851852 0.134375
1 0.368518518519 0.565885416667 0.0759259259259 0.140104166667
1 0.437962962963 0.552604166667 0.0703703703704 0.133333333333
1 0.496296296296 0.551041666667 0.0759259259259 0.134375
1 0.56712962963 0.564583333333 0.0861111111111 0.144791666667
1 0.748611111111 0.608072916667 0.102777777778 0.1203125
1 0.905555555556 0.589322916667 0.109259259259 0.0880208333333
1 0.0282407407407 0.744270833333 0.0583333333333 0.145833333333
1 0.0981481481481 0.744270833333 0.111111111111 0.145833333333
1 0.182407407407 0.74375 0.0907407407407 0.142708333333
1 0.253703703704 0.745572916667 0.0888888888889 0.141145833333
1 0.330555555556 0.745052083333 0.087037037037 0.138020833333
1 0.397685185185 0.743229166667 0.087962962963 0.145833333333
1 0.473611111111 0.74140625 0.0731481481481 0.147395833333
1 0.552777777778 0.7421875 0.0833333333333 0.155208333333
1 0.679166666667 0.75078125 0.100925925926 0.1265625
1 0.759722222222 0.745052083333 0.0805555555556 0.1078125
1 0.925462962963 0.742708333333 0.119444444444 0.0989583333333
1 0.0324074074074 0.929166666667 0.0666666666667 0.140625
1 0.0912037037037 0.93203125 0.0805555555556 0.134895833333
1 0.158796296296 0.932552083333 0.0675925925926 0.133854166667
1 0.292592592593 0.915104166667 0.0722222222222 0.121875
1 0.358796296296 0.939583333333 0.0805555555556 0.119791666667
1 0.441666666667 0.940625 0.0833333333333 0.117708333333
1 0.515740740741 0.937239583333 0.0833333333333 0.124479166667
1 0.625462962963 0.928645833333 0.134259259259 0.141666666667
1 0.743981481481 0.92578125 0.115740740741 0.147395833333
1 0.81712962963 0.957291666667 0.0398148148148 0.0791666666667
1 0.872685185185 0.907552083333 0.117592592593 0.116145833333
1 0.958796296296 0.915885416667 0.0805555555556 0.127604166667
1 0.831481481481 0.436979166667 0.0814814814815 0.113541666667
1 0.768518518519 0.476822916667 0.0648148148148 0.0838541666667
1 0.684722222222 0.462760416667 0.108333333333 0.1265625
1 0.961574074074 0.452604166667 0.075 0.11875
