6 0.0130208333333 0.324537037037 0.0270833333333 0.0898148148148
6 0.03828125 0.325 0.0338541666667 0.0888888888889
6 0.09375 0.259722222222 0.04375 0.0787037037037
6 0.0966145833333 0.329166666667 0.0432291666667 0.075
6 0.14609375 0.252314814815 0.0390625 0.0638888888889
6 0.138541666667 0.322685185185 0.0375 0.0842592592593
6 0.187760416667 0.293981481481 0.0307291666667 0.0583333333333
6 0.214322916667 0.296759259259 0.0359375 0.0564814814815
6 0.25 0.295833333333 0.04375 0.0546296296296
6 0.176302083333 0.338425925926 0.0401041666667 0.0527777777778
6 0.2125 0.340740740741 0.0427083333333 0.0481481481481
6 0.249739583333 0.342592592593 0.0411458333333 0.0425925925926
6 0.0231770833333 0.0699074074074 0.0432291666667 0.0898148148148
6 0.059375 0.0657407407407 0.040625 0.0925925925926
6 0.0890625 0.0652777777778 0.0354166666667 0.0638888888889
6 0.11640625 0.0638888888889 0.0411458333333 0.0777777777778
6 0.028125 0.148611111111 0.0447916666667 0.075
6 0.0640625 0.144907407407 0.0447916666667 0.0712962962963
6 0.100260416667 0.142592592593 0.0453125 0.0814814814815
6 0.205729166667 0.0592592592593 0.0447916666667 0.0666666666667
6 0.15234375 0.0648148148148 0.0421875 0.0555555555556
6 0.140104166667 0.111111111111 0.04375 0.0462962962963
6 0.142708333333 0.151388888889 0.0375 0.0527777777778
6 0.176302083333 0.113425925926 0.0380208333333 0.0509259259259
6 0.177864583333 0.151388888889 0.0369791666667 0.0527777777778
6 0.211197916667 0.151851851852 0.0401041666667 0.05
6 0.287239583333 0.0791666666667 0.105729166667 0.0712962962963
6 0.271614583333 0.138888888889 0.0942708333333 0.0555555555556
6 0.367708333333 0.136111111111 0.105208333333 0.0592592592593
6 0.43203125 0.112962962963 0.0338541666667 0.0944444444444
6 0.458333333333 0.112962962963 0.0291666666667 0.0981481481481
6 0.483333333333 0.10787037037 0.0302083333333 0.087962962963
6 0.50703125 0.104166666667 0.0286458333333 0.087962962963
6 0.527083333333 0.106481481481 0.0229166666667 0.0888888888889
6 0.56640625 0.0990740740741 0.0307291666667 0.087037037037
6 0.591666666667 0.104166666667 0.03125 0.0861111111111
6 0.615104166667 0.0953703703704 0.0302083333333 0.0981481481481
6 0.629166666667 0.0467592592593 0.0291666666667 0.0601851851852
6 0.645833333333 0.0939814814815 0.0229166666667 0.0842592592593
6 0.668229166667 0.0884259259259 0.0302083333333 0.100925925926
6 0.695833333333 0.0898148148148 0.028125 0.109259259259
6 0.724739583333 0.0787037037037 0.0307291666667 0.116666666667
6 0.322135416667 0.264814814815 0.0984375 0.062962962963
6 0.31875 0.327314814815 0.102083333333 0.062037037037
6 0.41484375 0.322685185185 0.103645833333 0.0675925925926
6 0.836197916667 0.0185185185185 0.0505208333333 0.0388888888889
6 0.880729166667 0.0171296296296 0.0427083333333 0.0361111111111
6 0.8328125 0.0583333333333 0.04375 0.05
6 0.883333333333 0.0611111111111 0.04375 0.0537037037037
6 0.878645833333 0.102777777778 0.0489583333333 0.0481481481481
6 0.777864583333 0.0472222222222 0.0307291666667 0.0777777777778
6 0.802864583333 0.049537037037 0.0244791666667 0.0768518518519
6 0.92109375 0.0615740740741 0.0338541666667 0.125
6 0.948177083333 0.0601851851852 0.0338541666667 0.122222222222
6 0.97890625 0.0583333333333 0.0328125 0.118518518519
6 0.01953125 0.523148148148 0.0276041666667 0.087037037037
6 0.0455729166667 0.519907407407 0.0317708333333 0.0935185185185
6 0.136458333333 0.461574074074 0.04375 0.0898148148148
6 0.143229166667 0.527314814815 0.0427083333333 0.0768518518519
6 0.178125 0.493055555556 0.040625 0.139814814815
6 0.201822916667 0.481944444444 0.0255208333333 0.132407407407
6 0.219791666667 0.493981481481 0.0333333333333 0.136111111111
6 0.245052083333 0.494444444444 0.0338541666667 0.131481481481
6 0.303125 0.455555555556 0.096875 0.0888888888889
6 0.3015625 0.525 0.0864583333333 0.0685185185185
6 0.389322916667 0.469907407407 0.0973958333333 0.0731481481481
6 0.391666666667 0.528703703704 0.101041666667 0.0574074074074
6 0.465885416667 0.254166666667 0.0317708333333 0.0861111111111
6 0.494010416667 0.25 0.0265625 0.0925925925926
6 0.515625 0.242592592593 0.0291666666667 0.0907407407407
6 0.550520833333 0.269444444444 0.0520833333333 0.0666666666667
6 0.5453125 0.318981481481 0.059375 0.0546296296296
6 0.66640625 0.293518518519 0.0348958333333 0.101851851852
6 0.599479166667 0.293518518519 0.0302083333333 0.101851851852
6 0.701822916667 0.28287037037 0.0390625 0.113888888889
6 0.741145833333 0.281018518519 0.0510416666667 0.113888888889
6 0.775520833333 0.204166666667 0.0489583333333 0.0601851851852
6 0.777864583333 0.256018518519 0.0411458333333 0.0583333333333
6 0.823697916667 0.255092592593 0.0494791666667 0.0694444444444
6 0.7796875 0.306481481481 0.0447916666667 0.0574074074074
6 0.821875 0.307407407407 0.04375 0.0592592592593
6 0.861458333333 0.213888888889 0.0364583333333 0.0574074074074
6 0.898177083333 0.210648148148 0.0380208333333 0.0583333333333
6 0.8609375 0.264351851852 0.0395833333333 0.0564814814815
6 0.901302083333 0.265740740741 0.0411458333333 0.0611111111111
6 0.858854166667 0.307407407407 0.0354166666667 0.05
6 0.89765625 0.308796296296 0.0453125 0.0472222222222
6 0.94140625 0.263888888889 0.0380208333333 0.137037037037
6 0.970572916667 0.2625 0.0296875 0.137962962963
6 0.482552083333 0.434722222222 0.0723958333333 0.0675925925926
6 0.452083333333 0.513888888889 0.0270833333333 0.0907407407407
6 0.4765625 0.5125 0.028125 0.0935185185185
6 0.503125 0.512037037037 0.0333333333333 0.0888888888889
6 0.5328125 0.487037037037 0.0302083333333 0.0944444444444
6 0.558072916667 0.493981481481 0.0276041666667 0.0972222222222
6 0.580729166667 0.491666666667 0.0260416666667 0.0907407407407
6 0.616145833333 0.453240740741 0.0302083333333 0.102777777778
6 0.640625 0.457407407407 0.0291666666667 0.0981481481481
6 0.665364583333 0.457407407407 0.0286458333333 0.105555555556
6 0.7015625 0.489814814815 0.0270833333333 0.105555555556
6 0.73125 0.485648148148 0.0270833333333 0.108333333333
6 0.856510416667 0.39537037037 0.0307291666667 0.0574074074074
6 0.8265625 0.42037037037 0.0375 0.0666666666667
6 0.797916666667 0.466666666667 0.040625 0.0574074074074
6 0.799739583333 0.518518518519 0.0432291666667 0.0574074074074
6 0.83984375 0.476851851852 0.0348958333333 0.0481481481481
6 0.8453125 0.523611111111 0.0354166666667 0.0472222222222
6 0.879166666667 0.472222222222 0.0385416666667 0.0648148148148
6 0.880729166667 0.520833333333 0.0427083333333 0.0490740740741
6 0.90859375 0.473611111111 0.0276041666667 0.136111111111
6 0.938802083333 0.475925925926 0.0296875 0.131481481481
6 0.963802083333 0.473611111111 0.0317708333333 0.126851851852
6 0.98671875 0.470833333333 0.0255208333333 0.132407407407
6 0.0114583333333 0.688888888889 0.0239583333333 0.151851851852
6 0.034375 0.687037037037 0.0322916666667 0.138888888889
6 0.0622395833333 0.693981481481 0.0328125 0.134259259259
6 0.1859375 0.693518518519 0.0291666666667 0.122222222222
6 0.161197916667 0.714814814815 0.0484375 0.0759259259259
6 0.152083333333 0.638888888889 0.0458333333333 0.0777777777778
6 0.2109375 0.693055555556 0.0354166666667 0.130555555556
6 0.235677083333 0.689814814815 0.0296875 0.131481481481
6 0.2609375 0.691203703704 0.0322916666667 0.136111111111
6 0.765625 0.401388888889 0.0395833333333 0.0564814814815
6 0.752864583333 0.500462962963 0.0338541666667 0.0527777777778
6 0.490625 0.685185185185 0.0322916666667 0.12962962963
6 0.515885416667 0.685185185185 0.0255208333333 0.12962962963
6 0.5453125 0.687037037037 0.0291666666667 0.137037037037
6 0.571354166667 0.685185185185 0.0270833333333 0.133333333333
6 0.594791666667 0.684259259259 0.028125 0.137037037037
6 0.620572916667 0.682407407407 0.0265625 0.135185185185
6 0.645572916667 0.683796296296 0.0286458333333 0.137962962963
6 0.2859375 0.656018518519 0.0479166666667 0.0435185185185
6 0.293229166667 0.697222222222 0.05 0.0444444444444
6 0.301041666667 0.736574074074 0.04375 0.0490740740741
6 0.33515625 0.656481481481 0.0473958333333 0.0425925925926
6 0.34296875 0.69537037037 0.0442708333333 0.0481481481481
6 0.348958333333 0.735185185185 0.0458333333333 0.0407407407407
6 0.384114583333 0.659259259259 0.0494791666667 0.05
6 0.434635416667 0.659722222222 0.0484375 0.0490740740741
6 0.39375 0.702777777778 0.0489583333333 0.0462962962963
6 0.399479166667 0.736574074074 0.0489583333333 0.0435185185185
6 0.444010416667 0.698148148148 0.0494791666667 0.0388888888889
6 0.448958333333 0.734259259259 0.05 0.0481481481481
6 0.0270833333333 0.836574074074 0.0552083333333 0.134259259259
6 0.294791666667 0.835185185185 0.05 0.0425925925926
6 0.283333333333 0.881018518519 0.0302083333333 0.0453703703704
6 0.31953125 0.940277777778 0.0609375 0.0453703703704
6 0.421354166667 0.894907407407 0.0510416666667 0.0601851851852
6 0.484635416667 0.893055555556 0.0536458333333 0.0509259259259
6 0.54296875 0.907407407407 0.0546875 0.0462962962963
6 0.430729166667 0.944907407407 0.05625 0.0435185185185
6 0.486979166667 0.944444444444 0.053125 0.05
6 0.192708333333 0.935648148148 0.0541666666667 0.0490740740741
6 0.37421875 0.939814814815 0.0526041666667 0.0518518518519
6 0.599739583333 0.939351851852 0.0505208333333 0.0546296296296
6 0.657291666667 0.938888888889 0.05 0.0611111111111
6 0.78828125 0.8875 0.0567708333333 0.167592592593
1 0.70390625 0.693518518519 0.0255208333333 0.131481481481
1 0.685677083333 0.648148148148 0.0192708333333 0.0777777777778
1 0.745833333333 0.672685185185 0.0385416666667 0.163888888889
1 0.787239583333 0.665740740741 0.0348958333333 0.161111111111
1 0.825520833333 0.668981481481 0.0385416666667 0.167592592593
1 0.86328125 0.664814814815 0.0348958333333 0.162962962963
1 0.902864583333 0.664814814815 0.0369791666667 0.164814814815
1 0.940625 0.67962962963 0.028125 0.12962962963
1 0.984375 0.654166666667 0.0302083333333 0.15462962963
1 0.951041666667 0.657407407407 0.040625 0.155555555556
