1 0.0425925925926 0.196354166667 0.087037037037 0.09375
1 0.108333333333 0.191666666667 0.0777777777778 0.103125
1 0.168055555556 0.191666666667 0.0916666666667 0.103125
1 0.234722222222 0.191666666667 0.0842592592593 0.105208333333
1 0.288425925926 0.193489583333 0.0638888888889 0.0880208333333
1 0.3375 0.187760416667 0.0768518518519 0.0973958333333
1 0.398611111111 0.19140625 0.062037037037 0.0880208333333
1 0.454166666667 0.19140625 0.0694444444444 0.0880208333333
1 0.551851851852 0.185416666667 0.0888888888889 0.102083333333
1 0.621759259259 0.18125 0.0731481481481 0.101041666667
1 0.685185185185 0.1765625 0.0722222222222 0.103125
1 0.750462962963 0.17734375 0.0694444444444 0.1015625
1 0.821296296296 0.1765625 0.0851851851852 0.103125
1 0.89212962963 0.17890625 0.0657407407407 0.0890625
1 0.956018518519 0.1765625 0.0787037037037 0.09375
1 0.0541666666667 0.569270833333 0.0842592592593 0.1375
1 0.110185185185 0.565104166667 0.0740740740741 0.122916666667
1 0.15462962963 0.553645833333 0.0722222222222 0.122916666667
1 0.208333333333 0.562239583333 0.0851851851852 0.1265625
1 0.271759259259 0.563802083333 0.0768518518519 0.1296875
1 0.336574074074 0.551822916667 0.0583333333333 0.128645833333
1 0.386111111111 0.555729166667 0.0777777777778 0.134375
1 0.450925925926 0.554427083333 0.0648148148148 0.1296875
1 0.509722222222 0.536197916667 0.0583333333333 0.106770833333
1 0.566203703704 0.53828125 0.0638888888889 0.108854166667
1 0.635185185185 0.5484375 0.087037037037 0.135416666667
1 0.715277777778 0.545833333333 0.0583333333333 0.135416666667
1 0.767592592593 0.55625 0.0685185185185 0.142708333333
1 0.828240740741 0.557291666667 0.0787037037037 0.142708333333
1 0.915740740741 0.555729166667 0.0722222222222 0.139583333333
1 0.968518518519 0.551302083333 0.0611111111111 0.141145833333
1 0.15462962963 0.733854166667 0.0648148148148 0.132291666667
1 0.216666666667 0.7484375 0.0685185185185 0.126041666667
1 0.275925925926 0.745572916667 0.0685185185185 0.1296875
1 0.321759259259 0.741145833333 0.0638888888889 0.115625
1 0.388425925926 0.729947916667 0.0694444444444 0.121354166667
1 0.445833333333 0.727604166667 0.062037037037 0.121875
1 0.490277777778 0.740625 0.0712962962963 0.123958333333
1 0.561111111111 0.739322916667 0.087037037037 0.1328125
1 0.639814814815 0.736458333333 0.0740740740741 0.134375
1 0.702314814815 0.733333333333 0.0675925925926 0.126041666667
1 0.756481481481 0.735677083333 0.0740740740741 0.128645833333
1 0.816203703704 0.73671875 0.0787037037037 0.1265625
1 0.891203703704 0.733854166667 0.0842592592593 0.134375
1 0.963425925926 0.735416666667 0.0712962962963 0.145833333333
1 0.0291666666667 0.948958333333 0.0601851851852 0.101041666667
1 0.0837962962963 0.945833333333 0.0657407407407 0.102083333333
1 0.14537037037 0.947916666667 0.0666666666667 0.102083333333
1 0.231944444444 0.903385416667 0.102777777778 0.138020833333
1 0.315277777778 0.90546875 0.113888888889 0.141145833333
1 0.40787037037 0.908072916667 0.100925925926 0.138020833333
1 0.500462962963 0.905208333333 0.100925925926 0.134375
1 0.562962962963 0.866927083333 0.0666666666667 0.0651041666667
1 0.609259259259 0.867708333333 0.0685185185185 0.0708333333333
1 0.68287037037 0.886197916667 0.0990740740741 0.1078125
1 0.7875 0.868229166667 0.0824074074074 0.071875
1 0.873148148148 0.879427083333 0.0962962962963 0.0890625
1 0.956018518519 0.883333333333 0.0861111111111 0.0947916666667
