4 0.214814814815 0.142708333333 0.159259259259 0.129166666667
4 0.353703703704 0.16328125 0.137037037037 0.0921875
4 0.500462962963 0.159114583333 0.130555555556 0.0890625
4 0.623148148148 0.162239583333 0.138888888889 0.0901041666667
4 0.776851851852 0.159635416667 0.15 0.0921875
4 0.925925925926 0.1609375 0.146296296296 0.0927083333333
4 0.102777777778 0.299479166667 0.112962962963 0.0958333333333
4 0.225462962963 0.316145833333 0.137962962963 0.071875
4 0.369907407407 0.303385416667 0.134259259259 0.0880208333333
4 0.642592592593 0.300260416667 0.159259259259 0.0848958333333
4 0.778240740741 0.312239583333 0.134259259259 0.0848958333333
4 0.898148148148 0.310416666667 0.125925925926 0.09375
4 0.208796296296 0.447395833333 0.117592592593 0.0958333333333
4 0.319444444444 0.459114583333 0.124074074074 0.1078125
4 0.452777777778 0.45546875 0.127777777778 0.100520833333
4 0.578240740741 0.454427083333 0.119444444444 0.100520833333
4 0.690277777778 0.465625 0.132407407407 0.096875
4 0.824537037037 0.466927083333 0.137962962963 0.0973958333333
4 0.940740740741 0.467447916667 0.112962962963 0.105729166667
4 0.0990740740741 0.60859375 0.2 0.0828125
4 0.269907407407 0.61015625 0.160185185185 0.0578125
4 0.439351851852 0.555989583333 0.176851851852 0.0421875
4 0.431944444444 0.620572916667 0.178703703704 0.0588541666667
4 0.121759259259 0.741927083333 0.160185185185 0.0994791666667
4 0.446759259259 0.909635416667 0.178703703704 0.1421875
4 0.699537037037 0.89375 0.291666666667 0.103125
3 0.900925925926 0.937760416667 0.172222222222 0.115104166667
3 0.0569444444444 0.899739583333 0.0731481481481 0.133854166667
1 0.125 0.9015625 0.0722222222222 0.134375
1 0.0240740740741 0.290885416667 0.05 0.1015625
1 0.0208333333333 0.452083333333 0.0435185185185 0.105208333333
1 0.105555555556 0.452083333333 0.0814814814815 0.0979166666667
4 0.505092592593 0.319791666667 0.130555555556 0.0625
