1 0.0342592592593 0.14140625 0.0703703703704 0.118229166667
1 0.0912037037037 0.141927083333 0.0972222222222 0.121354166667
1 0.163888888889 0.142708333333 0.0833333333333 0.122916666667
1 0.237037037037 0.144270833333 0.0851851851852 0.114583333333
1 0.319444444444 0.145572916667 0.0888888888889 0.119270833333
1 0.385185185185 0.143229166667 0.0759259259259 0.121875
1 0.4375 0.162239583333 0.0657407407407 0.0901041666667
1 0.497222222222 0.159895833333 0.0777777777778 0.090625
1 0.559722222222 0.162760416667 0.0638888888889 0.0869791666667
1 0.621759259259 0.159895833333 0.0768518518519 0.0885416666667
1 0.686574074074 0.159375 0.0657407407407 0.084375
1 0.75787037037 0.154166666667 0.0805555555556 0.0947916666667
1 0.834722222222 0.153645833333 0.0824074074074 0.09375
1 0.90787037037 0.158333333333 0.0712962962963 0.0958333333333
1 0.964351851852 0.158854166667 0.0694444444444 0.090625
1 0.062037037037 0.297916666667 0.125925925926 0.125
1 0.166203703704 0.29765625 0.115740740741 0.131770833333
1 0.268055555556 0.298177083333 0.113888888889 0.124479166667
1 0.367592592593 0.298177083333 0.114814814815 0.124479166667
1 0.468518518519 0.294791666667 0.12037037037 0.13125
1 0.571296296296 0.299479166667 0.111111111111 0.126041666667
1 0.678240740741 0.298177083333 0.112037037037 0.128645833333
1 0.781481481481 0.299479166667 0.111111111111 0.128125
1 0.868981481481 0.298177083333 0.10462962963 0.121354166667
1 0.968518518519 0.305729166667 0.0611111111111 0.10625
1 0.0560185185185 0.448177083333 0.113888888889 0.118229166667
1 0.148611111111 0.45 0.113888888889 0.121875
1 0.250462962963 0.44921875 0.112037037037 0.116145833333
1 0.338888888889 0.447916666667 0.107407407407 0.111458333333
1 0.438425925926 0.448177083333 0.117592592593 0.118229166667
1 0.5375 0.44296875 0.100925925926 0.109895833333
1 0.628703703704 0.447135416667 0.107407407407 0.118229166667
1 0.731018518519 0.444010416667 0.113888888889 0.1171875
1 0.826851851852 0.443489583333 0.0777777777778 0.106770833333
1 0.887037037037 0.44296875 0.0722222222222 0.109895833333
1 0.936574074074 0.44296875 0.0675925925926 0.1078125
1 0.971296296296 0.437760416667 0.0555555555556 0.108854166667
1 0.0333333333333 0.5828125 0.0685185185185 0.110416666667
1 0.0930555555556 0.582291666667 0.113888888889 0.109375
1 0.190740740741 0.584635416667 0.103703703704 0.1109375
1 0.2875 0.581770833333 0.112037037037 0.108333333333
1 0.380092592593 0.584635416667 0.112037037037 0.1046875
1 0.466203703704 0.578385416667 0.0990740740741 0.105729166667
1 0.559259259259 0.579427083333 0.107407407407 0.105729166667
1 0.649537037037 0.57890625 0.0990740740741 0.1046875
1 0.741203703704 0.5765625 0.100925925926 0.104166666667
1 0.813888888889 0.570572916667 0.0740740740741 0.0973958333333
1 0.878703703704 0.570052083333 0.0555555555556 0.0963541666667
1 0.931018518519 0.570833333333 0.062037037037 0.090625
1 0.978703703704 0.572135416667 0.0407407407407 0.0901041666667
1 0.0546296296296 0.719010416667 0.111111111111 0.116145833333
1 0.156944444444 0.71875 0.0972222222222 0.111458333333
1 0.247222222222 0.71953125 0.109259259259 0.115104166667
1 0.34212962963 0.715104166667 0.100925925926 0.1125
1 0.435648148148 0.713541666667 0.102777777778 0.1125
1 0.507407407407 0.7109375 0.0666666666667 0.113541666667
1 0.574537037037 0.711458333333 0.0768518518519 0.114583333333
1 0.644444444444 0.710416666667 0.0759259259259 0.107291666667
1 0.716666666667 0.711458333333 0.0685185185185 0.114583333333
1 0.775925925926 0.707291666667 0.0648148148148 0.109375
1 0.843981481481 0.707291666667 0.0731481481481 0.113541666667
1 0.905555555556 0.703385416667 0.0722222222222 0.109895833333
1 0.968518518519 0.707552083333 0.0611111111111 0.1109375
1 0.105092592593 0.886197916667 0.121296296296 0.1453125
1 0.216666666667 0.886197916667 0.125925925926 0.1453125
1 0.321296296296 0.885416666667 0.112962962963 0.14375
1 0.429166666667 0.888020833333 0.132407407407 0.14375
1 0.547685185185 0.890885416667 0.125 0.1421875
1 0.658333333333 0.881510416667 0.125925925926 0.1421875
1 0.754166666667 0.884375 0.0990740740741 0.122916666667
1 0.848148148148 0.88515625 0.0888888888889 0.1171875
1 0.950925925926 0.878385416667 0.0962962962963 0.119270833333
