1 0.226851851852 0.1390625 0.0518518518519 0.0885416666667
1 0.281018518519 0.133072916667 0.0787037037037 0.0973958333333
1 0.360185185185 0.130729166667 0.0888888888889 0.102083333333
1 0.444907407407 0.134375 0.0972222222222 0.0947916666667
1 0.510648148148 0.1453125 0.0638888888889 0.0802083333333
1 0.577777777778 0.137239583333 0.0907407407407 0.0890625
1 0.677314814815 0.139583333333 0.0972222222222 0.0916666666667
1 0.775925925926 0.137760416667 0.105555555556 0.0953125
1 0.856944444444 0.141927083333 0.0990740740741 0.0890625
1 0.947685185185 0.138541666667 0.102777777778 0.0864583333333
1 0.0453703703704 0.329427083333 0.0925925925926 0.130729166667
1 0.119907407407 0.330729166667 0.0972222222222 0.13125
1 0.216666666667 0.333072916667 0.0962962962963 0.130729166667
1 0.343981481481 0.328385416667 0.0731481481481 0.140104166667
1 0.411111111111 0.3296875 0.0777777777778 0.146875
1 0.49212962963 0.33125 0.0805555555556 0.145833333333
1 0.563888888889 0.331770833333 0.0685185185185 0.15
1 0.637962962963 0.329947916667 0.0851851851852 0.1484375
1 0.708796296296 0.330208333333 0.0787037037037 0.14375
1 0.794444444444 0.33046875 0.0888888888889 0.147395833333
1 0.879166666667 0.331770833333 0.0805555555556 0.144791666667
1 0.0148148148148 0.537760416667 0.0314814814815 0.121354166667
1 0.0601851851852 0.534895833333 0.0851851851852 0.125
1 0.131018518519 0.538541666667 0.0824074074074 0.122916666667
1 0.211111111111 0.532552083333 0.0833333333333 0.1109375
1 0.275925925926 0.523958333333 0.0722222222222 0.110416666667
1 0.332407407407 0.523958333333 0.0666666666667 0.105208333333
1 0.378240740741 0.537239583333 0.0787037037037 0.125520833333
1 0.456018518519 0.543229166667 0.0916666666667 0.122916666667
1 0.520833333333 0.537760416667 0.0768518518519 0.119270833333
1 0.575462962963 0.53671875 0.0824074074074 0.128645833333
1 0.623148148148 0.55390625 0.0703703703704 0.128645833333
1 0.675 0.544010416667 0.0722222222222 0.127604166667
1 0.728703703704 0.552864583333 0.0814814814815 0.1265625
1 0.804166666667 0.55859375 0.0861111111111 0.128645833333
1 0.0351851851852 0.68828125 0.0722222222222 0.115104166667
1 0.087037037037 0.696875 0.0962962962963 0.125
1 0.149537037037 0.709895833333 0.0990740740741 0.145833333333
1 0.206018518519 0.6953125 0.0675925925926 0.1125
1 0.3625 0.696875 0.0935185185185 0.120833333333
1 0.487962962963 0.694010416667 0.0925925925926 0.0963541666667
1 0.597222222222 0.7109375 0.0925925925926 0.125
1 0.7 0.7171875 0.105555555556 0.133333333333
1 0.921296296296 0.74453125 0.148148148148 0.113020833333
1 0.0712962962963 0.890885416667 0.1 0.0661458333333
1 0.148148148148 0.89609375 0.0888888888889 0.0671875
1 0.0652777777778 0.93671875 0.0824074074074 0.0442708333333
1 0.133796296296 0.940364583333 0.0638888888889 0.0453125
1 0.193518518519 0.933072916667 0.0888888888889 0.0630208333333
1 0.30787037037 0.86875 0.0787037037037 0.110416666667
1 0.346296296296 0.895572916667 0.0925925925926 0.1421875
1 0.424074074074 0.901041666667 0.0759259259259 0.133333333333
1 0.502314814815 0.878645833333 0.0842592592593 0.113541666667
1 0.646296296296 0.903125 0.0925925925926 0.14375
1 0.784259259259 0.891927083333 0.122222222222 0.119270833333
1 0.901851851852 0.921875 0.133333333333 0.155208333333
1 0.0388888888889 0.14140625 0.0574074074074 0.0807291666667
1 0.087037037037 0.144270833333 0.0518518518519 0.078125
1 0.123148148148 0.146875 0.0574074074074 0.0822916666667
1 0.173148148148 0.144270833333 0.0555555555556 0.0875
