1 0.0268518518519 0.186458333333 0.0555555555556 0.0947916666667
1 0.0796296296296 0.1859375 0.0907407407407 0.0958333333333
1 0.146296296296 0.187760416667 0.0759259259259 0.0973958333333
1 0.214814814815 0.18671875 0.0759259259259 0.0973958333333
1 0.273148148148 0.186979166667 0.0740740740741 0.09375
1 0.336574074074 0.18828125 0.0657407407407 0.0890625
1 0.391203703704 0.181770833333 0.0731481481481 0.104166666667
1 0.454166666667 0.176041666667 0.075 0.111458333333
1 0.524074074074 0.170833333333 0.0740740740741 0.114583333333
1 0.591203703704 0.176302083333 0.0805555555556 0.106770833333
1 0.660648148148 0.176041666667 0.0768518518519 0.104166666667
1 0.725462962963 0.173697916667 0.0787037037037 0.106770833333
1 0.779166666667 0.181510416667 0.0583333333333 0.0963541666667
1 0.839814814815 0.17734375 0.0685185185185 0.106770833333
1 0.0425925925926 0.346354166667 0.087037037037 0.122916666667
1 0.128703703704 0.34609375 0.0907407407407 0.1296875
1 0.205092592593 0.34453125 0.0787037037037 0.1265625
1 0.260648148148 0.3453125 0.075 0.122916666667
1 0.31712962963 0.345833333333 0.0768518518519 0.123958333333
1 0.380092592593 0.346354166667 0.0787037037037 0.129166666667
1 0.46712962963 0.34609375 0.0805555555556 0.127604166667
1 0.547685185185 0.347395833333 0.0842592592593 0.130208333333
1 0.6125 0.347395833333 0.062037037037 0.125
1 0.673611111111 0.348177083333 0.0805555555556 0.130729166667
1 0.733796296296 0.342708333333 0.0657407407407 0.120833333333
1 0.802777777778 0.348177083333 0.0925925925926 0.1328125
1 0.903703703704 0.34375 0.0851851851852 0.132291666667
1 0.965277777778 0.34453125 0.0675925925926 0.128645833333
1 0.0217592592593 0.52578125 0.0453703703704 0.118229166667
1 0.0828703703704 0.527864583333 0.0768518518519 0.116145833333
1 0.171759259259 0.535677083333 0.0787037037037 0.1078125
1 0.246759259259 0.535677083333 0.0657407407407 0.111979166667
1 0.303703703704 0.533854166667 0.0574074074074 0.111458333333
1 0.388888888889 0.5515625 0.0888888888889 0.121875
1 0.346296296296 0.538802083333 0.0518518518519 0.1171875
1 0.501388888889 0.54765625 0.075 0.118229166667
1 0.57037037037 0.540104166667 0.0481481481481 0.121875
1 0.602314814815 0.548958333333 0.0657407407407 0.122916666667
1 0.641203703704 0.530989583333 0.062037037037 0.105729166667
1 0.691666666667 0.553385416667 0.0888888888889 0.1203125
1 0.758333333333 0.544270833333 0.0740740740741 0.120833333333
1 0.903703703704 0.538020833333 0.0759259259259 0.116666666667
1 0.966203703704 0.538541666667 0.0657407407407 0.115625
1 0.0444444444444 0.698958333333 0.0907407407407 0.126041666667
1 0.12962962963 0.69765625 0.0888888888889 0.119270833333
1 0.207407407407 0.689583333333 0.087037037037 0.103125
1 0.296759259259 0.69296875 0.10462962963 0.1078125
1 0.37962962963 0.694010416667 0.0907407407407 0.109895833333
1 0.471759259259 0.70390625 0.0972222222222 0.134895833333
1 0.535185185185 0.694010416667 0.0648148148148 0.109895833333
1 0.604166666667 0.695052083333 0.0861111111111 0.1078125
1 0.688888888889 0.709114583333 0.0944444444444 0.140104166667
1 0.761574074074 0.695833333333 0.0805555555556 0.109375
1 0.833796296296 0.6953125 0.0842592592593 0.110416666667
1 0.918981481481 0.706770833333 0.0990740740741 0.133333333333
1 0.0671296296296 0.863802083333 0.115740740741 0.127604166667
1 0.194907407407 0.86484375 0.115740740741 0.136979166667
1 0.301851851852 0.873958333333 0.107407407407 0.141666666667
1 0.39537037037 0.877083333333 0.112962962963 0.142708333333
1 0.486111111111 0.876302083333 0.0851851851852 0.1390625
1 0.569444444444 0.879166666667 0.107407407407 0.144791666667
1 0.66712962963 0.884375 0.0972222222222 0.151041666667
1 0.738888888889 0.866666666667 0.0925925925926 0.1375
1 0.899537037037 0.879947916667 0.100925925926 0.152604166667
