4 0.0962962962963 0.1359375 0.125925925926 0.096875
4 0.22962962963 0.139322916667 0.12962962963 0.0921875
4 0.347222222222 0.148958333333 0.114814814815 0.10625
4 0.451851851852 0.154427083333 0.125925925926 0.0911458333333
4 0.562037037037 0.159895833333 0.122222222222 0.0947916666667
4 0.668055555556 0.166927083333 0.121296296296 0.0994791666667
4 0.903703703704 0.164583333333 0.190740740741 0.122916666667
4 0.0296296296296 0.304947916667 0.0611111111111 0.0807291666667
4 0.153240740741 0.30546875 0.176851851852 0.0859375
4 0.335648148148 0.31015625 0.193518518519 0.0911458333333
4 0.520833333333 0.324479166667 0.182407407407 0.0885416666667
4 0.687962962963 0.33828125 0.17962962963 0.0734375
4 0.898148148148 0.334114583333 0.201851851852 0.1078125
4 0.0875 0.45625 0.176851851852 0.122916666667
4 0.235185185185 0.465104166667 0.140740740741 0.117708333333
4 0.343981481481 0.469270833333 0.150925925926 0.10625
4 0.506944444444 0.471875 0.167592592593 0.108333333333
4 0.650925925926 0.479947916667 0.159259259259 0.116145833333
4 0.783333333333 0.486458333333 0.153703703704 0.09375
4 0.925925925926 0.489322916667 0.146296296296 0.108854166667
4 0.0421296296296 0.61640625 0.0861111111111 0.100520833333
4 0.163425925926 0.628125 0.178703703704 0.127083333333
4 0.306944444444 0.621614583333 0.162037037037 0.1203125
4 0.455555555556 0.62265625 0.17037037037 0.108854166667
4 0.595833333333 0.62265625 0.176851851852 0.108854166667
4 0.74212962963 0.63828125 0.134259259259 0.108854166667
4 0.860185185185 0.632552083333 0.125925925926 0.108854166667
4 0.951388888889 0.63984375 0.0953703703704 0.1109375
4 0.075 0.77578125 0.151851851852 0.124479166667
4 0.208333333333 0.7765625 0.168518518519 0.120833333333
4 0.36712962963 0.777604166667 0.163888888889 0.120833333333
4 0.534259259259 0.779427083333 0.198148148148 0.122395833333
4 0.696759259259 0.76640625 0.149074074074 0.0765625
4 0.848611111111 0.765104166667 0.162037037037 0.0697916666667
4 0.962037037037 0.77109375 0.0740740740741 0.0744791666667
4 0.0444444444444 0.923958333333 0.0907407407407 0.122916666667
4 0.146296296296 0.930208333333 0.157407407407 0.120833333333
4 0.3125 0.928125 0.206481481481 0.127083333333
4 0.508333333333 0.926302083333 0.212962962963 0.116145833333
4 0.739814814815 0.910416666667 0.168518518519 0.071875
4 0.882407407407 0.905208333333 0.157407407407 0.0708333333333
