2 0.158796296296 0.02421875 0.167592592593 0.0494791666667
2 0.313888888889 0.028125 0.181481481481 0.0572916666667
2 0.0578703703704 0.10390625 0.117592592593 0.0963541666667
2 0.16712962963 0.0885416666667 0.171296296296 0.103125
2 0.303703703704 0.08984375 0.168518518519 0.109895833333
2 0.47962962963 0.03203125 0.159259259259 0.0640625
2 0.465277777778 0.100260416667 0.187962962963 0.0890625
2 0.640277777778 0.0963541666667 0.19537037037 0.102083333333
2 0.643518518519 0.0234375 0.177777777778 0.0416666666667
2 0.805092592593 0.0255208333333 0.175 0.0489583333333
2 0.795833333333 0.0861979166667 0.189814814815 0.1171875
2 0.946759259259 0.0200520833333 0.10462962963 0.0411458333333
2 0.947685185185 0.0875 0.102777777778 0.101041666667
2 0.074537037037 0.241666666667 0.150925925926 0.103125
2 0.0763888888889 0.334114583333 0.15462962963 0.0890625
2 0.231018518519 0.248958333333 0.150925925926 0.1
2 0.223611111111 0.343489583333 0.156481481481 0.0984375
2 0.339351851852 0.250260416667 0.156481481481 0.108854166667
2 0.471296296296 0.25703125 0.166666666667 0.108854166667
2 0.347222222222 0.341666666667 0.140740740741 0.0947916666667
2 0.466666666667 0.347135416667 0.144444444444 0.0890625
2 0.63287037037 0.276822916667 0.193518518519 0.0880208333333
2 0.620833333333 0.357291666667 0.193518518519 0.0916666666667
2 0.833333333333 0.277864583333 0.216666666667 0.0973958333333
2 0.811111111111 0.36171875 0.2 0.0869791666667
2 0.95 0.303125 0.0981481481481 0.0729166666667
2 0.944444444444 0.3734375 0.105555555556 0.0802083333333
2 0.049537037037 0.459114583333 0.100925925926 0.0911458333333
2 0.0518518518519 0.535677083333 0.105555555556 0.0755208333333
2 0.160648148148 0.4671875 0.130555555556 0.0875
2 0.15462962963 0.547135416667 0.142592592593 0.0755208333333
2 0.278240740741 0.486979166667 0.171296296296 0.110416666667
2 0.279166666667 0.560416666667 0.152777777778 0.0697916666667
2 0.425462962963 0.49453125 0.169444444444 0.0859375
2 0.416203703704 0.565625 0.137962962963 0.084375
2 0.589814814815 0.501822916667 0.177777777778 0.0869791666667
2 0.562037037037 0.57578125 0.17962962963 0.0869791666667
2 0.74212962963 0.519270833333 0.193518518519 0.09375
2 0.722685185185 0.590885416667 0.191666666667 0.0776041666667
2 0.902777777778 0.5234375 0.177777777778 0.102083333333
2 0.910648148148 0.61015625 0.176851851852 0.0932291666667
2 0.0703703703704 0.649479166667 0.122222222222 0.0833333333333
2 0.0671296296296 0.723697916667 0.136111111111 0.0671875
2 0.178240740741 0.734114583333 0.112037037037 0.0765625
2 0.180092592593 0.6671875 0.119444444444 0.0708333333333
2 0.290277777778 0.6859375 0.117592592593 0.0895833333333
2 0.280092592593 0.76015625 0.121296296296 0.0661458333333
2 0.4125 0.69296875 0.115740740741 0.0869791666667
2 0.403703703704 0.759895833333 0.105555555556 0.0708333333333
2 0.527777777778 0.772916666667 0.161111111111 0.1125
2 0.68287037037 0.778125 0.173148148148 0.113541666667
2 0.881944444444 0.724739583333 0.234259259259 0.0692708333333
2 0.880092592593 0.790104166667 0.230555555556 0.103125
2 0.868518518519 0.856770833333 0.240740740741 0.0625
2 0.0671296296296 0.849739583333 0.119444444444 0.0973958333333
2 0.101388888889 0.883072916667 0.150925925926 0.0973958333333
2 0.0476851851852 0.9203125 0.0842592592593 0.0645833333333
2 0.115740740741 0.940625 0.105555555556 0.06875
2 0.230555555556 0.893489583333 0.12962962963 0.0859375
2 0.221296296296 0.955729166667 0.127777777778 0.0708333333333
2 0.331481481481 0.901302083333 0.125925925926 0.0963541666667
2 0.339351851852 0.96640625 0.119444444444 0.0661458333333
2 0.483796296296 0.90390625 0.212037037037 0.0765625
2 0.486111111111 0.946875 0.166666666667 0.0416666666667
2 0.471296296296 0.974479166667 0.17962962963 0.0395833333333
2 0.676388888889 0.93828125 0.200925925926 0.100520833333
2 0.875 0.962760416667 0.196296296296 0.0734375
