1 0.0282407407407 0.140364583333 0.0583333333333 0.136979166667
1 0.100925925926 0.140364583333 0.109259259259 0.1390625
1 0.295833333333 0.08828125 0.0824074074074 0.0463541666667
1 0.459259259259 0.0921875 0.0925925925926 0.0385416666667
1 0.54537037037 0.0908854166667 0.0851851851852 0.0338541666667
1 0.622685185185 0.0934895833333 0.0861111111111 0.0359375
1 0.776388888889 0.0958333333333 0.0972222222222 0.040625
1 0.861574074074 0.0940104166667 0.0824074074074 0.0369791666667
1 0.940740740741 0.0911458333333 0.101851851852 0.0385416666667
1 0.299537037037 0.1390625 0.0953703703704 0.0697916666667
1 0.385185185185 0.140104166667 0.0925925925926 0.0697916666667
1 0.465277777778 0.1375 0.0842592592593 0.0708333333333
1 0.541666666667 0.137239583333 0.0925925925926 0.0755208333333
1 0.617592592593 0.142447916667 0.0759259259259 0.0671875
1 0.688425925926 0.146614583333 0.075 0.0588541666667
1 0.762962962963 0.143229166667 0.087037037037 0.065625
1 0.850462962963 0.13984375 0.0972222222222 0.0661458333333
1 0.931481481481 0.14140625 0.0666666666667 0.0692708333333
1 0.981944444444 0.138541666667 0.0342592592593 0.065625
1 0.0435185185185 0.3421875 0.0888888888889 0.13125
1 0.143981481481 0.3390625 0.0972222222222 0.122916666667
1 0.226851851852 0.340625 0.0888888888889 0.138541666667
1 0.344907407407 0.279166666667 0.119444444444 0.136458333333
1 0.433333333333 0.302864583333 0.0740740740741 0.0828125
1 0.515740740741 0.279947916667 0.114814814815 0.128645833333
1 0.596759259259 0.30234375 0.0805555555556 0.0880208333333
1 0.687962962963 0.280208333333 0.12962962963 0.134375
1 0.806018518519 0.2796875 0.115740740741 0.133333333333
1 0.938425925926 0.281770833333 0.121296296296 0.133333333333
1 0.0240740740741 0.544791666667 0.05 0.13125
1 0.0833333333333 0.54375 0.0907407407407 0.133333333333
1 0.14537037037 0.5328125 0.087037037037 0.122916666667
1 0.202314814815 0.534895833333 0.0805555555556 0.120833333333
1 0.256481481481 0.545052083333 0.0907407407407 0.130729166667
1 0.350925925926 0.439322916667 0.127777777778 0.130729166667
1 0.438425925926 0.45859375 0.0768518518519 0.0786458333333
1 0.463425925926 0.425520833333 0.0935185185185 0.1125
1 0.540277777778 0.42265625 0.102777777778 0.106770833333
1 0.650462962963 0.435416666667 0.121296296296 0.115625
1 0.727777777778 0.4515625 0.0666666666667 0.0677083333333
1 0.791666666667 0.435416666667 0.087037037037 0.111458333333
1 0.891203703704 0.439322916667 0.121296296296 0.1265625
1 0.448611111111 0.58125 0.0972222222222 0.113541666667
1 0.535648148148 0.565625 0.0972222222222 0.0729166666667
1 0.628703703704 0.567708333333 0.0907407407407 0.0822916666667
1 0.693981481481 0.56796875 0.0768518518519 0.0848958333333
1 0.760185185185 0.576041666667 0.107407407407 0.09375
1 0.890277777778 0.585677083333 0.115740740741 0.116145833333
1 0.0486111111111 0.720833333333 0.0990740740741 0.142708333333
1 0.122685185185 0.716145833333 0.0953703703704 0.142708333333
1 0.191666666667 0.7171875 0.0814814814815 0.142708333333
1 0.264814814815 0.71796875 0.0907407407407 0.143229166667
1 0.392592592593 0.721875 0.107407407407 0.114583333333
1 0.477314814815 0.715885416667 0.0972222222222 0.0963541666667
1 0.6375 0.7171875 0.115740740741 0.101041666667
1 0.743981481481 0.731510416667 0.112037037037 0.116145833333
1 0.840740740741 0.728125 0.107407407407 0.109375
1 0.0462962962963 0.878125 0.0703703703704 0.126041666667
1 0.100462962963 0.90546875 0.0990740740741 0.1390625
1 0.183333333333 0.90625 0.101851851852 0.134375
1 0.25787037037 0.915625 0.10462962963 0.134375
1 0.350462962963 0.88984375 0.117592592593 0.138020833333
1 0.469444444444 0.9015625 0.122222222222 0.14375
1 0.542592592593 0.92734375 0.05 0.0744791666667
1 0.602314814815 0.877083333333 0.119444444444 0.123958333333
1 0.726851851852 0.88203125 0.125925925926 0.127604166667
1 0.827314814815 0.910677083333 0.130555555556 0.149479166667
1 0.903240740741 0.94921875 0.0601851851852 0.0744791666667
1 0.960185185185 0.903645833333 0.0777777777778 0.142708333333
1 0.972222222222 0.728645833333 0.0537037037037 0.1125
