1 0.062962962963 0.141927083333 0.103703703704 0.109895833333
1 0.143055555556 0.14609375 0.0787037037037 0.106770833333
1 0.216666666667 0.145572916667 0.0796296296296 0.100520833333
1 0.287962962963 0.147135416667 0.0888888888889 0.1046875
1 0.367592592593 0.15 0.0907407407407 0.103125
1 0.435648148148 0.140625 0.0953703703704 0.123958333333
1 0.509259259259 0.13671875 0.0907407407407 0.131770833333
1 0.586111111111 0.134635416667 0.0907407407407 0.1390625
1 0.666666666667 0.142447916667 0.0888888888889 0.125520833333
1 0.743055555556 0.14296875 0.0935185185185 0.1265625
1 0.826388888889 0.144791666667 0.0861111111111 0.132291666667
1 0.935648148148 0.151041666667 0.112037037037 0.121875
1 0.0324074074074 0.33125 0.0666666666667 0.145833333333
1 0.137962962963 0.334635416667 0.0888888888889 0.146354166667
1 0.206018518519 0.33046875 0.0768518518519 0.140104166667
1 0.269444444444 0.332291666667 0.0888888888889 0.14375
1 0.337037037037 0.334114583333 0.087037037037 0.1453125
1 0.40462962963 0.334635416667 0.087037037037 0.1484375
1 0.506481481481 0.33984375 0.105555555556 0.138020833333
1 0.596296296296 0.33828125 0.0907407407407 0.152604166667
1 0.668055555556 0.3421875 0.0953703703704 0.142708333333
1 0.746296296296 0.342708333333 0.107407407407 0.145833333333
1 0.821296296296 0.345052083333 0.0888888888889 0.141145833333
1 0.867592592593 0.34453125 0.12037037037 0.147395833333
1 0.062037037037 0.542447916667 0.0722222222222 0.121354166667
1 0.160648148148 0.552604166667 0.100925925926 0.133333333333
1 0.239814814815 0.544791666667 0.0703703703704 0.126041666667
1 0.300462962963 0.548697916667 0.0601851851852 0.1296875
1 0.399074074074 0.571875 0.111111111111 0.136458333333
1 0.534722222222 0.565885416667 0.0990740740741 0.130729166667
1 0.638425925926 0.578125 0.0972222222222 0.133333333333
1 0.743981481481 0.583072916667 0.0953703703704 0.138020833333
1 0.816203703704 0.57265625 0.0824074074074 0.138020833333
1 0.959259259259 0.566927083333 0.0796296296296 0.140104166667
1 0.0291666666667 0.730989583333 0.0601851851852 0.138020833333
1 0.101388888889 0.73046875 0.100925925926 0.136979166667
1 0.185648148148 0.723697916667 0.100925925926 0.118229166667
1 0.283333333333 0.72890625 0.124074074074 0.119270833333
1 0.384259259259 0.731510416667 0.103703703704 0.127604166667
1 0.481944444444 0.747916666667 0.113888888889 0.14375
1 0.556944444444 0.7375 0.0861111111111 0.125
1 0.636111111111 0.736979166667 0.112962962963 0.123958333333
1 0.731944444444 0.758333333333 0.132407407407 0.151041666667
1 0.816203703704 0.74453125 0.0990740740741 0.122395833333
1 0.898611111111 0.744791666667 0.115740740741 0.123958333333
1 0.954166666667 0.758333333333 0.0898148148148 0.157291666667
1 0.0402777777778 0.91640625 0.0824074074074 0.138020833333
1 0.164814814815 0.919791666667 0.125925925926 0.154166666667
1 0.279166666667 0.92578125 0.132407407407 0.147395833333
1 0.384259259259 0.928645833333 0.111111111111 0.141666666667
1 0.487962962963 0.926822916667 0.122222222222 0.1453125
1 0.596296296296 0.929166666667 0.107407407407 0.140625
1 0.682407407407 0.933333333333 0.107407407407 0.132291666667
1 0.778240740741 0.928125 0.117592592593 0.142708333333
1 0.9375 0.93203125 0.123148148148 0.134895833333
