2 0.944270833333 0.124537037037 0.0875 0.110185185185
2 0.8640625 0.131481481481 0.0875 0.0944444444444
2 0.784375 0.126851851852 0.0677083333333 0.101851851852
2 0.709375 0.131018518519 0.0864583333333 0.110185185185
2 0.633854166667 0.127314814815 0.0708333333333 0.102777777778
2 0.562760416667 0.0412037037037 0.0859375 0.0805555555556
2 0.560677083333 0.134722222222 0.0744791666667 0.113888888889
2 0.475 0.0398148148148 0.084375 0.0814814814815
2 0.4875 0.125 0.0708333333333 0.103703703704
2 0.40078125 0.0421296296296 0.0786458333333 0.0861111111111
2 0.413802083333 0.125925925926 0.0776041666667 0.0944444444444
2 0.265104166667 0.115277777778 0.08125 0.119444444444
2 0.180729166667 0.050462962963 0.09375 0.0972222222222
2 0.183854166667 0.139351851852 0.0791666666667 0.0824074074074
2 0.0979166666667 0.118981481481 0.0885416666667 0.115740740741
2 0.108854166667 0.314814814815 0.0927083333333 0.124074074074
2 0.191145833333 0.331944444444 0.075 0.0916666666667
2 0.265625 0.328240740741 0.075 0.0935185185185
2 0.266145833333 0.244907407407 0.0791666666667 0.0768518518519
2 0.339583333333 0.325 0.0770833333333 0.103703703704
2 0.413020833333 0.243055555556 0.08125 0.0898148148148
2 0.413541666667 0.330555555556 0.078125 0.0814814814815
2 0.491145833333 0.243518518519 0.0697916666667 0.0777777777778
2 0.484375 0.326388888889 0.0822916666667 0.0861111111111
2 0.555989583333 0.325462962963 0.0755208333333 0.0916666666667
2 0.634375 0.24537037037 0.0760416666667 0.0888888888889
2 0.630729166667 0.331018518519 0.0791666666667 0.075
2 0.708072916667 0.319444444444 0.0786458333333 0.103703703704
2 0.77890625 0.32037037037 0.0703125 0.1
2 0.77421875 0.233333333333 0.0859375 0.0759259259259
2 0.846614583333 0.32962962963 0.0703125 0.0981481481481
2 0.850520833333 0.241203703704 0.075 0.0731481481481
2 0.921875 0.32037037037 0.0802083333333 0.0944444444444
2 0.922395833333 0.233796296296 0.09375 0.075
2 0.919791666667 0.511574074074 0.0739583333333 0.112037037037
2 0.841145833333 0.436574074074 0.0770833333333 0.0731481481481
2 0.839583333333 0.514351851852 0.078125 0.0842592592593
2 0.773958333333 0.524074074074 0.078125 0.0796296296296
2 0.7046875 0.443055555556 0.0854166666667 0.0824074074074
2 0.7 0.519907407407 0.084375 0.0768518518519
2 0.631770833333 0.442592592593 0.0791666666667 0.0796296296296
2 0.624739583333 0.516666666667 0.0786458333333 0.0796296296296
2 0.556770833333 0.452777777778 0.06875 0.1
2 0.55390625 0.528703703704 0.0661458333333 0.062962962963
2 0.48515625 0.446296296296 0.0776041666667 0.0888888888889
2 0.480729166667 0.528703703704 0.08125 0.0666666666667
2 0.413020833333 0.441203703704 0.0666666666667 0.0824074074074
2 0.413802083333 0.520833333333 0.0671875 0.087962962963
2 0.344010416667 0.505555555556 0.0703125 0.124074074074
2 0.2734375 0.509722222222 0.08125 0.141666666667
2 0.204166666667 0.509722222222 0.0802083333333 0.100925925926
2 0.126041666667 0.518981481481 0.0760416666667 0.0953703703704
2 0.0494791666667 0.5125 0.0770833333333 0.121296296296
2 0.125520833333 0.646759259259 0.0791666666667 0.0898148148148
2 0.0598958333333 0.731481481481 0.0791666666667 0.105555555556
2 0.134895833333 0.727777777778 0.0708333333333 0.0944444444444
2 0.209895833333 0.736574074074 0.075 0.102777777778
2 0.28125 0.731018518519 0.0739583333333 0.102777777778
2 0.354166666667 0.724537037037 0.0697916666667 0.126851851852
2 0.421875 0.729166666667 0.0822916666667 0.087962962963
2 0.488020833333 0.638425925926 0.0625 0.0990740740741
2 0.553125 0.722685185185 0.084375 0.0787037037037
2 0.553645833333 0.634722222222 0.0666666666667 0.0916666666667
2 0.621354166667 0.640277777778 0.0729166666667 0.0953703703704
2 0.696875 0.638425925926 0.0697916666667 0.0953703703704
2 0.6875 0.720833333333 0.071875 0.075
2 0.766145833333 0.6375 0.0708333333333 0.0898148148148
2 0.760416666667 0.725462962963 0.078125 0.0694444444444
2 0.835416666667 0.64212962963 0.0677083333333 0.0990740740741
2 0.832291666667 0.724537037037 0.0677083333333 0.0712962962963
2 0.911458333333 0.639351851852 0.090625 0.108333333333
2 0.903125 0.727314814815 0.0822916666667 0.0768518518519
2 0.9609375 0.844907407407 0.0770833333333 0.121296296296
2 0.758854166667 0.883796296296 0.0666666666667 0.123148148148
2 0.6921875 0.930555555556 0.0729166666667 0.103703703704
2 0.696875 0.843055555556 0.0697916666667 0.0935185185185
2 0.63125 0.846296296296 0.065625 0.0944444444444
2 0.6234375 0.938425925926 0.0645833333333 0.0861111111111
2 0.559895833333 0.934722222222 0.0625 0.0842592592593
2 0.5671875 0.843981481481 0.0770833333333 0.0842592592593
2 0.496354166667 0.850925925926 0.0708333333333 0.1
2 0.497395833333 0.951388888889 0.0708333333333 0.0953703703704
2 0.425 0.939351851852 0.0677083333333 0.0898148148148
2 0.425 0.854166666667 0.0677083333333 0.100925925926
2 0.359895833333 0.858796296296 0.0729166666667 0.102777777778
2 0.358854166667 0.949537037037 0.0625 0.0657407407407
2 0.283333333333 0.84537037037 0.0760416666667 0.0888888888889
2 0.293489583333 0.921759259259 0.0692708333333 0.0768518518519
2 0.21796875 0.852777777778 0.0776041666667 0.0962962962963
2 0.228125 0.93287037037 0.0802083333333 0.087962962963
2 0.116145833333 0.890277777778 0.08125 0.0953703703704
2 0.0330729166667 0.237037037037 0.0661458333333 0.0611111111111
2 0.0309895833333 0.322685185185 0.0630208333333 0.110185185185
2 0.03046875 0.129166666667 0.0609375 0.0916666666667
2 0.0307291666667 0.932407407407 0.0614583333333 0.116666666667
2 0.03671875 0.840740740741 0.0734375 0.0648148148148
2 0.296614583333 0.631481481481 0.0484375 0.0722222222222
2 0.858333333333 0.845833333333 0.0614583333333 0.102777777778
2 0.808333333333 0.844907407407 0.03125 0.0916666666667
2 0.960677083333 0.9375 0.0786458333333 0.0675925925926
2 0.909114583333 0.834259259259 0.0369791666667 0.0851851851852
2 0.904947916667 0.899074074074 0.0286458333333 0.0574074074074
2 0.96953125 0.725925925926 0.0557291666667 0.0666666666667
2 0.973177083333 0.632407407407 0.0473958333333 0.0925925925926
2 0.978645833333 0.50787037037 0.0427083333333 0.087962962963
2 0.974479166667 0.424537037037 0.05 0.0694444444444
2 0.98046875 0.309722222222 0.0359375 0.112037037037
2 0.977083333333 0.0351851851852 0.0458333333333 0.0722222222222
2 0.9296875 0.037037037037 0.0520833333333 0.0722222222222
2 0.8625 0.0388888888889 0.078125 0.0796296296296
2 0.785677083333 0.037037037037 0.0682291666667 0.0759259259259
2 0.709114583333 0.0361111111111 0.0796875 0.0740740740741
2 0.635416666667 0.037962962963 0.0645833333333 0.0759259259259
2 0.343489583333 0.108333333333 0.0692708333333 0.137037037037
2 0.186979166667 0.248148148148 0.0833333333333 0.0796296296296
2 0.424739583333 0.639814814815 0.0682291666667 0.0944444444444
2 0.3578125 0.628703703704 0.0645833333333 0.0666666666667
2 0.774479166667 0.443055555556 0.0541666666667 0.0842592592593
2 0.700260416667 0.236111111111 0.0630208333333 0.0777777777778
2 0.556510416667 0.239814814815 0.0609375 0.0814814814815
2 0.05546875 0.634259259259 0.0734375 0.0685185185185
