1 0.074537037037 0.08125 0.0972222222222 0.0416666666667
1 0.158796296296 0.0822916666667 0.0972222222222 0.0375
1 0.243981481481 0.08359375 0.102777777778 0.0328125
1 0.400462962963 0.0880208333333 0.0916666666667 0.0416666666667
1 0.481018518519 0.0846354166667 0.0953703703704 0.0369791666667
1 0.562037037037 0.0822916666667 0.0851851851852 0.0395833333333
1 0.639351851852 0.08515625 0.0824074074074 0.0338541666667
1 0.715277777778 0.08515625 0.0953703703704 0.0338541666667
1 0.793518518519 0.08515625 0.1 0.0359375
1 0.025 0.133072916667 0.0518518518519 0.0651041666667
1 0.0856481481481 0.1328125 0.0953703703704 0.0729166666667
1 0.163888888889 0.130989583333 0.0907407407407 0.0744791666667
1 0.250462962963 0.13046875 0.102777777778 0.0734375
1 0.339814814815 0.134895833333 0.0888888888889 0.059375
1 0.40787037037 0.134375 0.0805555555556 0.0625
1 0.486111111111 0.1328125 0.0888888888889 0.0708333333333
1 0.562037037037 0.131510416667 0.0814814814815 0.0734375
1 0.633796296296 0.130208333333 0.0972222222222 0.0708333333333
1 0.713425925926 0.131510416667 0.0953703703704 0.0734375
1 0.791666666667 0.132291666667 0.087037037037 0.071875
1 0.852314814815 0.134895833333 0.0638888888889 0.0614583333333
1 0.907407407407 0.135416666667 0.0685185185185 0.0604166666667
1 0.962037037037 0.138020833333 0.0740740740741 0.0625
1 0.0384259259259 0.270833333333 0.0787037037037 0.134375
1 0.0939814814815 0.2953125 0.0657407407407 0.08125
1 0.162037037037 0.273177083333 0.124074074074 0.1390625
1 0.256481481481 0.29609375 0.0740740740741 0.0869791666667
1 0.337962962963 0.275520833333 0.125925925926 0.134375
1 0.477314814815 0.275 0.134259259259 0.13125
1 0.605092592593 0.2734375 0.130555555556 0.132291666667
1 0.696759259259 0.298177083333 0.075 0.0869791666667
1 0.888888888889 0.26640625 0.146296296296 0.146354166667
1 0.0435185185185 0.43515625 0.0888888888889 0.127604166667
1 0.106018518519 0.453385416667 0.0824074074074 0.0848958333333
1 0.162962962963 0.426041666667 0.112962962963 0.109375
1 0.254166666667 0.419270833333 0.0953703703704 0.102083333333
1 0.347222222222 0.429427083333 0.103703703704 0.118229166667
1 0.421296296296 0.445833333333 0.0703703703704 0.071875
1 0.487037037037 0.424479166667 0.087037037037 0.114583333333
1 0.572222222222 0.434895833333 0.112962962963 0.13125
1 0.65462962963 0.42734375 0.0722222222222 0.108854166667
1 0.730555555556 0.425 0.0851851851852 0.109375
1 0.816203703704 0.437760416667 0.119444444444 0.127604166667
1 0.925 0.430729166667 0.111111111111 0.109375
1 0.137962962963 0.5765625 0.12962962963 0.113541666667
1 0.266666666667 0.560416666667 0.0944444444444 0.071875
1 0.348148148148 0.565104166667 0.105555555556 0.0833333333333
1 0.465277777778 0.569791666667 0.117592592593 0.0927083333333
1 0.589814814815 0.57890625 0.137037037037 0.106770833333
1 0.706018518519 0.5765625 0.110185185185 0.102083333333
1 0.823148148148 0.582552083333 0.0851851851852 0.0973958333333
1 0.935185185185 0.586458333333 0.127777777778 0.114583333333
1 0.108333333333 0.720052083333 0.127777777778 0.1109375
1 0.197222222222 0.709635416667 0.0703703703704 0.0901041666667
1 0.361574074074 0.711458333333 0.0990740740741 0.0989583333333
1 0.450925925926 0.728125 0.101851851852 0.115625
1 0.548611111111 0.7265625 0.112037037037 0.114583333333
1 0.728703703704 0.728125 0.105555555556 0.115625
1 0.818055555556 0.729166666667 0.102777777778 0.111458333333
1 0.916203703704 0.73046875 0.117592592593 0.1109375
1 0.0856481481481 0.888541666667 0.128703703704 0.135416666667
1 0.2 0.896614583333 0.122222222222 0.147395833333
1 0.277777777778 0.919010416667 0.0685185185185 0.0765625
1 0.348148148148 0.87578125 0.125925925926 0.119270833333
1 0.462037037037 0.879166666667 0.107407407407 0.119791666667
1 0.55787037037 0.908854166667 0.134259259259 0.141666666667
1 0.633796296296 0.946875 0.0638888888889 0.0697916666667
1 0.710185185185 0.903645833333 0.125925925926 0.135416666667
1 0.789351851852 0.9359375 0.062037037037 0.0729166666667
1 0.872685185185 0.910416666667 0.117592592593 0.142708333333
1 0.954166666667 0.95546875 0.062037037037 0.0661458333333
