0 0.0796296296296 0.0559895833333 0.161111111111 0.113020833333
0 0.361574074074 0.0502604166667 0.267592592593 0.1015625
0 0.0856481481481 0.172135416667 0.173148148148 0.1171875
0 0.357407407407 0.173697916667 0.235185185185 0.1203125
0 0.734722222222 0.0489583333333 0.249074074074 0.0989583333333
0 0.679166666667 0.166927083333 0.265740740741 0.136979166667
0 0.944444444444 0.163541666667 0.109259259259 0.134375
0 0.57037037037 0.35390625 0.12962962963 0.119270833333
0 0.690740740741 0.359635416667 0.127777777778 0.1171875
0 0.8 0.363020833333 0.161111111111 0.116666666667
0 0.445833333333 0.67109375 0.115740740741 0.1421875
0 0.549074074074 0.680989583333 0.114814814815 0.150520833333
0 0.648611111111 0.684895833333 0.108333333333 0.148958333333
0 0.72962962963 0.70390625 0.148148148148 0.155729166667
0 0.543518518519 0.850520833333 0.0962962962963 0.1125
0 0.642592592593 0.86953125 0.105555555556 0.116145833333
0 0.737962962963 0.883333333333 0.0944444444444 0.115625
0 0.843518518519 0.9 0.125925925926 0.1125
0 0.943518518519 0.91640625 0.111111111111 0.119270833333
0 0.45 0.34921875 0.103703703704 0.115104166667
0 0.455092592593 0.456770833333 0.0935185185185 0.110416666667
0 0.55787037037 0.466666666667 0.0972222222222 0.113541666667
0 0.662962962963 0.466145833333 0.101851851852 0.114583333333
0 0.781481481481 0.471875 0.124074074074 0.119791666667
0 0.0527777777778 0.582291666667 0.0907407407407 0.053125
0 0.131944444444 0.630208333333 0.0972222222222 0.133333333333
0 0.200925925926 0.637239583333 0.1 0.128645833333
0 0.271759259259 0.65234375 0.0972222222222 0.1359375
0 0.354166666667 0.655989583333 0.0842592592593 0.1421875
0 0.446759259259 0.836197916667 0.10462962963 0.1171875
0 0.366203703704 0.814583333333 0.0805555555556 0.101041666667
0 0.283333333333 0.803385416667 0.0907407407407 0.0973958333333
0 0.368518518519 0.44921875 0.101851851852 0.0973958333333
0 0.271296296296 0.44296875 0.107407407407 0.0942708333333
0 0.1875 0.438802083333 0.10462962963 0.0953125
0 0.175462962963 0.328385416667 0.0972222222222 0.0890625
0 0.260648148148 0.334635416667 0.0916666666667 0.0901041666667
