4 0.162962962963 0.194791666667 0.246296296296 0.122916666667
4 0.496296296296 0.210416666667 0.159259259259 0.0979166666667
4 0.074537037037 0.1859375 0.149074074074 0.122916666667
4 0.622222222222 0.20390625 0.114814814815 0.118229166667
4 0.714351851852 0.205729166667 0.10462962963 0.103125
4 0.138888888889 0.364583333333 0.172222222222 0.11875
4 0.258796296296 0.359114583333 0.123148148148 0.109895833333
4 0.57037037037 0.346614583333 0.109259259259 0.0921875
4 0.366203703704 0.5078125 0.123148148148 0.0645833333333
4 0.478240740741 0.497135416667 0.119444444444 0.0578125
4 0.811111111111 0.432552083333 0.157407407407 0.0755208333333
4 0.514814814815 0.7171875 0.101851851852 0.0822916666667
