1 0.0314814814815 0.24140625 0.0648148148148 0.196354166667
1 0.157407407407 0.264322916667 0.0907407407407 0.149479166667
1 0.246759259259 0.265364583333 0.0935185185185 0.140104166667
1 0.338888888889 0.272916666667 0.0925925925926 0.142708333333
1 0.408333333333 0.273177083333 0.101851851852 0.146354166667
1 0.503703703704 0.273958333333 0.101851851852 0.144791666667
1 0.598148148148 0.275520833333 0.105555555556 0.1375
1 0.69537037037 0.27578125 0.114814814815 0.1515625
1 0.7875 0.2765625 0.108333333333 0.15
1 0.898611111111 0.28125 0.123148148148 0.155208333333
1 0.0351851851852 0.449479166667 0.0722222222222 0.164583333333
1 0.333796296296 0.0505208333333 0.110185185185 0.0916666666667
1 0.436574074074 0.0484375 0.0842592592593 0.0979166666667
1 0.523148148148 0.05078125 0.105555555556 0.102604166667
1 0.623611111111 0.0484375 0.117592592593 0.0979166666667
1 0.709259259259 0.0489583333333 0.107407407407 0.0989583333333
1 0.806018518519 0.0526041666667 0.115740740741 0.10625
1 0.0773148148148 0.242708333333 0.0787037037037 0.188541666667
1 0.960185185185 0.280208333333 0.0777777777778 0.155208333333
1 0.0888888888889 0.447135416667 0.101851851852 0.169270833333
1 0.166203703704 0.452083333333 0.0953703703704 0.154166666667
1 0.239351851852 0.455989583333 0.0972222222222 0.1484375
1 0.303703703704 0.4609375 0.087037037037 0.145833333333
1 0.371759259259 0.463802083333 0.0916666666667 0.140104166667
1 0.443518518519 0.465885416667 0.087037037037 0.138020833333
1 0.538425925926 0.452604166667 0.0916666666667 0.134375
1 0.605555555556 0.451822916667 0.0796296296296 0.152604166667
1 0.651388888889 0.46875 0.0953703703704 0.155208333333
1 0.725925925926 0.466666666667 0.0703703703704 0.153125
1 0.791203703704 0.46875 0.0787037037037 0.155208333333
1 0.866666666667 0.47421875 0.0851851851852 0.1515625
1 0.938425925926 0.477083333333 0.0935185185185 0.141666666667
1 0.0282407407407 0.62578125 0.0583333333333 0.130729166667
1 0.0967592592593 0.630989583333 0.0972222222222 0.136979166667
1 0.173148148148 0.628645833333 0.0851851851852 0.139583333333
1 0.23287037037 0.634895833333 0.0805555555556 0.123958333333
1 0.312962962963 0.633333333333 0.0888888888889 0.130208333333
1 0.374074074074 0.639322916667 0.0777777777778 0.1296875
1 0.436574074074 0.63671875 0.0675925925926 0.1296875
1 0.50462962963 0.6390625 0.0851851851852 0.136458333333
1 0.569444444444 0.641927083333 0.0740740740741 0.140104166667
1 0.633796296296 0.6453125 0.0805555555556 0.133333333333
1 0.707407407407 0.645833333333 0.0703703703704 0.134375
1 0.781018518519 0.646614583333 0.0824074074074 0.128645833333
1 0.852314814815 0.650520833333 0.0805555555556 0.132291666667
1 0.930555555556 0.653645833333 0.0851851851852 0.135416666667
1 0.0425925925926 0.791927083333 0.087037037037 0.118229166667
1 0.108333333333 0.78828125 0.0944444444444 0.118229166667
1 0.217592592593 0.793229166667 0.0777777777778 0.113541666667
1 0.275 0.79609375 0.0703703703704 0.121354166667
1 0.337962962963 0.797135416667 0.0722222222222 0.115104166667
1 0.398611111111 0.802083333333 0.075 0.122916666667
1 0.464351851852 0.807291666667 0.075 0.121875
1 0.521759259259 0.80625 0.0657407407407 0.121875
1 0.580555555556 0.80625 0.0759259259259 0.123958333333
1 0.638425925926 0.812239583333 0.0768518518519 0.1171875
1 0.701388888889 0.814583333333 0.0824074074074 0.121875
1 0.764814814815 0.813802083333 0.0833333333333 0.118229166667
1 0.828703703704 0.817447916667 0.087037037037 0.122395833333
1 0.893518518519 0.81953125 0.0851851851852 0.1203125
1 0.956018518519 0.820052083333 0.075 0.1171875
1 0.0652777777778 0.9453125 0.0824074074074 0.108333333333
1 0.126851851852 0.951041666667 0.0740740740741 0.096875
1 0.185185185185 0.948177083333 0.0685185185185 0.102604166667
1 0.249537037037 0.951041666667 0.0768518518519 0.096875
1 0.312037037037 0.95 0.0703703703704 0.0989583333333
1 0.372685185185 0.951041666667 0.0638888888889 0.096875
1 0.427314814815 0.950520833333 0.0657407407407 0.0979166666667
1 0.48287037037 0.954166666667 0.062037037037 0.090625
1 0.539351851852 0.953385416667 0.0675925925926 0.0921875
1 0.6 0.95703125 0.0574074074074 0.0848958333333
1 0.655555555556 0.95703125 0.0666666666667 0.0848958333333
1 0.717592592593 0.957552083333 0.0703703703704 0.0838541666667
