0 0.746296296296 0.07421875 0.087037037037 0.0651041666667
0 0.522222222222 0.15 0.107407407407 0.101041666667
0 0.7875 0.158333333333 0.106481481481 0.105208333333
0 0.875 0.161197916667 0.112962962963 0.1015625
0 0.958333333333 0.135677083333 0.0814814814815 0.143229166667
0 0.583796296296 0.30625 0.102777777778 0.0708333333333
0 0.577314814815 0.3953125 0.112037037037 0.0614583333333
0 0.847685185185 0.304427083333 0.117592592593 0.0744791666667
0 0.833333333333 0.39296875 0.105555555556 0.0640625
0 0.542592592593 0.581770833333 0.0833333333333 0.0822916666667
0 0.766666666667 0.573697916667 0.0740740740741 0.0848958333333
0 0.971296296296 0.56953125 0.0555555555556 0.0786458333333
0 0.505555555556 0.717708333333 0.0833333333333 0.122916666667
0 0.734259259259 0.704427083333 0.111111111111 0.100520833333
0 0.815277777778 0.702083333333 0.0935185185185 0.09375
0 0.890277777778 0.6953125 0.0824074074074 0.0895833333333
0 0.949074074074 0.693489583333 0.0888888888889 0.0880208333333
0 0.497222222222 0.832552083333 0.0777777777778 0.0859375
0 0.559722222222 0.8265625 0.0805555555556 0.08125
0 0.631018518519 0.825520833333 0.0990740740741 0.0833333333333
0 0.704166666667 0.821875 0.0805555555556 0.0833333333333
0 0.771759259259 0.819791666667 0.0842592592593 0.08125
0 0.848148148148 0.81796875 0.0888888888889 0.0848958333333
0 0.92037037037 0.8 0.0685185185185 0.053125
