4 0.114351851852 0.1484375 0.175 0.117708333333
4 0.260185185185 0.176302083333 0.124074074074 0.0942708333333
4 0.391666666667 0.202604166667 0.131481481481 0.0854166666667
4 0.582407407407 0.223958333333 0.111111111111 0.0635416666667
4 0.701851851852 0.2234375 0.155555555556 0.0697916666667
4 0.857407407407 0.222395833333 0.157407407407 0.0739583333333
4 0.964351851852 0.222395833333 0.0694444444444 0.0697916666667
4 0.0800925925926 0.3125 0.162037037037 0.0958333333333
4 0.234259259259 0.318489583333 0.172222222222 0.0838541666667
4 0.378703703704 0.3234375 0.124074074074 0.0770833333333
4 0.47962962963 0.32890625 0.0925925925926 0.0682291666667
4 0.562037037037 0.342447916667 0.1 0.0411458333333
4 0.664814814815 0.331770833333 0.124074074074 0.0885416666667
4 0.775 0.33359375 0.0944444444444 0.0776041666667
4 0.881018518519 0.340364583333 0.119444444444 0.0838541666667
4 0.962962962963 0.33671875 0.0722222222222 0.100520833333
4 0.100462962963 0.43203125 0.202777777778 0.0692708333333
4 0.2625 0.421614583333 0.136111111111 0.0567708333333
4 0.377314814815 0.414583333333 0.110185185185 0.05625
4 0.466666666667 0.408854166667 0.1 0.046875
4 0.469907407407 0.447916666667 0.0898148148148 0.046875
4 0.381481481481 0.4640625 0.111111111111 0.05
4 0.271296296296 0.4765625 0.144444444444 0.0541666666667
4 0.123148148148 0.497916666667 0.164814814815 0.065625
4 0.43287037037 0.800260416667 0.121296296296 0.1015625
4 0.319907407407 0.860677083333 0.123148148148 0.152604166667
4 0.221296296296 0.905729166667 0.0703703703704 0.133333333333
4 0.137962962963 0.945572916667 0.114814814815 0.108854166667
4 0.0652777777778 0.808072916667 0.132407407407 0.159895833333
4 0.427777777778 0.670833333333 0.107407407407 0.1125
4 0.3375 0.697135416667 0.087962962963 0.109895833333
4 0.261574074074 0.72890625 0.10462962963 0.116145833333
4 0.175925925926 0.755208333333 0.111111111111 0.120833333333
4 0.0393518518519 0.66171875 0.0787037037037 0.0838541666667
4 0.446296296296 0.550260416667 0.0814814814815 0.0609375
4 0.380092592593 0.572395833333 0.0842592592593 0.0697916666667
4 0.311111111111 0.588802083333 0.0944444444444 0.0651041666667
4 0.228703703704 0.609114583333 0.0944444444444 0.0744791666667
4 0.134259259259 0.642447916667 0.109259259259 0.0786458333333
4 0.551851851852 0.434375 0.0703703703704 0.08125
4 0.641203703704 0.441927083333 0.119444444444 0.0848958333333
4 0.750925925926 0.451041666667 0.116666666667 0.0885416666667
4 0.877777777778 0.459114583333 0.125925925926 0.100520833333
4 0.966203703704 0.467708333333 0.0657407407407 0.0979166666667
4 0.558796296296 0.54609375 0.0990740740741 0.0765625
4 0.648611111111 0.55390625 0.0916666666667 0.0921875
4 0.7375 0.561458333333 0.117592592593 0.09375
4 0.855555555556 0.580208333333 0.131481481481 0.0989583333333
4 0.946759259259 0.590104166667 0.10462962963 0.105208333333
4 0.532407407407 0.641927083333 0.0574074074074 0.0796875
4 0.602314814815 0.659114583333 0.10462962963 0.0890625
4 0.683796296296 0.666145833333 0.0861111111111 0.0958333333333
4 0.790740740741 0.690104166667 0.12962962963 0.105208333333
4 0.906944444444 0.709114583333 0.137962962963 0.100520833333
4 0.549074074074 0.759114583333 0.0833333333333 0.0984375
4 0.634722222222 0.77578125 0.0898148148148 0.100520833333
4 0.728240740741 0.80078125 0.0990740740741 0.0984375
4 0.816203703704 0.813802083333 0.117592592593 0.100520833333
4 0.920833333333 0.84375 0.119444444444 0.114583333333
