4 0.114814814815 0.129166666667 0.231481481481 0.153125
4 0.127777777778 0.31328125 0.188888888889 0.103645833333
4 0.344444444444 0.311458333333 0.196296296296 0.101041666667
4 0.535185185185 0.311197916667 0.175925925926 0.105729166667
4 0.694444444444 0.30234375 0.172222222222 0.102604166667
4 0.900925925926 0.44453125 0.140740740741 0.0859375
4 0.768055555556 0.448177083333 0.149074074074 0.0838541666667
4 0.600925925926 0.448177083333 0.203703703704 0.0807291666667
4 0.430092592593 0.468489583333 0.25462962963 0.0598958333333
4 0.231481481481 0.463020833333 0.153703703704 0.09375
4 0.0958333333333 0.601822916667 0.14537037037 0.0869791666667
4 0.275925925926 0.596614583333 0.175925925926 0.0817708333333
4 0.443518518519 0.588802083333 0.148148148148 0.0786458333333
4 0.625925925926 0.58359375 0.161111111111 0.0848958333333
4 0.770833333333 0.5765625 0.137962962963 0.078125
4 0.914814814815 0.565885416667 0.15 0.0776041666667
4 0.858333333333 0.687760416667 0.12962962963 0.0713541666667
4 0.739814814815 0.694791666667 0.148148148148 0.0739583333333
4 0.596296296296 0.704427083333 0.151851851852 0.0692708333333
4 0.436111111111 0.711458333333 0.168518518519 0.071875
4 0.282407407407 0.7203125 0.138888888889 0.0625
4 0.140740740741 0.727604166667 0.175925925926 0.0729166666667
4 0.153703703704 0.859895833333 0.131481481481 0.105208333333
4 0.41712962963 0.82421875 0.158333333333 0.0755208333333
4 0.576388888889 0.827864583333 0.149074074074 0.0963541666667
4 0.731018518519 0.81875 0.143518518519 0.096875
4 0.368518518519 0.1234375 0.2 0.155208333333
4 0.536574074074 0.122916666667 0.167592592593 0.154166666667
4 0.689351851852 0.121614583333 0.223148148148 0.144270833333
4 0.890740740741 0.119791666667 0.2 0.145833333333
4 0.848148148148 0.3015625 0.222222222222 0.0989583333333
4 0.0787037037037 0.471875 0.159259259259 0.0822916666667
4 0.0412037037037 0.862239583333 0.0842592592593 0.1015625
4 0.273611111111 0.82890625 0.119444444444 0.0588541666667
4 0.854166666667 0.794010416667 0.121296296296 0.0598958333333
