1 0.0361111111111 0.141927083333 0.0740740740741 0.133854166667
1 0.109259259259 0.1484375 0.109259259259 0.132291666667
1 0.19212962963 0.1515625 0.0898148148148 0.111458333333
1 0.256944444444 0.15234375 0.0842592592593 0.109895833333
1 0.334259259259 0.149739583333 0.0962962962963 0.125520833333
1 0.406944444444 0.14296875 0.0990740740741 0.1390625
1 0.481481481481 0.1359375 0.0907407407407 0.139583333333
1 0.551851851852 0.1484375 0.087037037037 0.129166666667
1 0.624537037037 0.15078125 0.0953703703704 0.1234375
1 0.710648148148 0.14921875 0.0898148148148 0.131770833333
1 0.822222222222 0.150520833333 0.118518518519 0.13125
1 0.903703703704 0.342447916667 0.109259259259 0.175520833333
1 0.781944444444 0.349479166667 0.108333333333 0.173958333333
1 0.659722222222 0.341666666667 0.10462962963 0.161458333333
1 0.512962962963 0.338802083333 0.0944444444444 0.1515625
1 0.415740740741 0.336197916667 0.111111111111 0.1453125
1 0.325 0.3390625 0.0962962962963 0.15625
1 0.254166666667 0.33828125 0.0898148148148 0.1546875
1 0.183796296296 0.337239583333 0.102777777778 0.1578125
1 0.0611111111111 0.334895833333 0.0981481481481 0.152083333333
1 0.0865740740741 0.551041666667 0.108333333333 0.138541666667
1 0.168981481481 0.546354166667 0.0861111111111 0.1375
1 0.21712962963 0.5546875 0.0712962962963 0.139583333333
1 0.3125 0.569010416667 0.113888888889 0.141145833333
1 0.446296296296 0.565364583333 0.0907407407407 0.134895833333
1 0.55787037037 0.571614583333 0.0805555555556 0.156770833333
1 0.666203703704 0.586458333333 0.136111111111 0.140625
1 0.737037037037 0.565625 0.087037037037 0.134375
1 0.903703703704 0.56640625 0.087037037037 0.1359375
1 0.915740740741 0.752604166667 0.12962962963 0.145833333333
1 0.82962962963 0.7375 0.0925925925926 0.119791666667
1 0.733796296296 0.7375 0.0861111111111 0.130208333333
1 0.653703703704 0.754427083333 0.116666666667 0.163020833333
1 0.565740740741 0.72890625 0.0833333333333 0.1234375
1 0.421759259259 0.747135416667 0.117592592593 0.159895833333
1 0.318981481481 0.72890625 0.108333333333 0.130729166667
1 0.206018518519 0.720052083333 0.10462962963 0.1234375
1 0.0962962962963 0.9171875 0.12037037037 0.15625
1 0.210648148148 0.927083333333 0.113888888889 0.144791666667
1 0.32037037037 0.92265625 0.111111111111 0.153645833333
1 0.422222222222 0.925260416667 0.0925925925926 0.1484375
1 0.508333333333 0.927864583333 0.124074074074 0.143229166667
1 0.613425925926 0.9296875 0.117592592593 0.139583333333
1 0.704166666667 0.925 0.0898148148148 0.147916666667
1 0.875925925926 0.9328125 0.124074074074 0.129166666667
1 0.768055555556 0.1609375 0.0601851851852 0.104166666667
1 0.578703703704 0.345833333333 0.0888888888889 0.142708333333
1 0.962037037037 0.345833333333 0.0740740740741 0.154166666667
1 0.963425925926 0.564583333333 0.0712962962963 0.123958333333
1 0.0375 0.7296875 0.0768518518519 0.133333333333
1 0.117592592593 0.7265625 0.109259259259 0.114583333333
1 0.934259259259 0.17421875 0.122222222222 0.0776041666667
