1 0.0486111111111 0.211458333333 0.0990740740741 0.223958333333
1 0.130555555556 0.2 0.133333333333 0.226041666667
1 0.245833333333 0.2140625 0.136111111111 0.229166666667
1 0.351388888889 0.21328125 0.136111111111 0.227604166667
1 0.462037037037 0.211458333333 0.124074074074 0.241666666667
1 0.573611111111 0.216666666667 0.117592592593 0.238541666667
1 0.6875 0.226041666667 0.10462962963 0.226041666667
1 0.792592592593 0.231510416667 0.142592592593 0.222395833333
1 0.9375 0.232291666667 0.123148148148 0.217708333333
1 0.900925925926 0.475520833333 0.137037037037 0.19375
1 0.781944444444 0.476041666667 0.139814814815 0.2
1 0.134722222222 0.453645833333 0.15462962963 0.208333333333
1 0.257407407407 0.45390625 0.138888888889 0.2078125
1 0.353240740741 0.46328125 0.143518518519 0.202604166667
1 0.563888888889 0.473958333333 0.12962962963 0.190625
1 0.9375 0.880729166667 0.123148148148 0.139583333333
1 0.818518518519 0.879947916667 0.138888888889 0.138020833333
1 0.69212962963 0.881770833333 0.132407407407 0.147916666667
1 0.578240740741 0.878125 0.126851851852 0.134375
1 0.466666666667 0.885416666667 0.133333333333 0.130208333333
1 0.354166666667 0.878125 0.141666666667 0.140625
1 0.221296296296 0.872916666667 0.161111111111 0.1375
1 0.0828703703704 0.869270833333 0.152777777778 0.127083333333
1 0.0444444444444 0.458072916667 0.0907407407407 0.206770833333
1 0.456481481481 0.456770833333 0.107407407407 0.179166666667
1 0.684722222222 0.474739583333 0.119444444444 0.194270833333
1 0.0509259259259 0.686458333333 0.103703703704 0.176041666667
1 0.147685185185 0.689322916667 0.119444444444 0.177604166667
1 0.246296296296 0.694791666667 0.107407407407 0.173958333333
1 0.357407407407 0.687760416667 0.111111111111 0.161979166667
1 0.455092592593 0.684114583333 0.110185185185 0.169270833333
1 0.55462962963 0.689322916667 0.124074074074 0.168229166667
1 0.652314814815 0.691666666667 0.117592592593 0.165625
1 0.748148148148 0.701041666667 0.12037037037 0.177083333333
1 0.844907407407 0.704427083333 0.132407407407 0.172395833333
1 0.938425925926 0.71328125 0.121296296296 0.1828125
