1 0.0282407407407 0.202864583333 0.0583333333333 0.1296875
1 0.087962962963 0.202083333333 0.0907407407407 0.135416666667
1 0.15462962963 0.20859375 0.0851851851852 0.1203125
1 0.222685185185 0.2125 0.0805555555556 0.123958333333
1 0.313888888889 0.21328125 0.0907407407407 0.127604166667
1 0.387037037037 0.2171875 0.0851851851852 0.126041666667
1 0.465277777778 0.219010416667 0.100925925926 0.127604166667
1 0.54537037037 0.21953125 0.0851851851852 0.128645833333
1 0.626851851852 0.223958333333 0.0907407407407 0.133333333333
1 0.689814814815 0.230989583333 0.0685185185185 0.115104166667
1 0.737962962963 0.236979166667 0.0777777777778 0.103125
1 0.806018518519 0.228125 0.0824074074074 0.134375
1 0.874537037037 0.22578125 0.0805555555556 0.1484375
1 0.950925925926 0.22578125 0.0851851851852 0.1390625
1 0.0300925925926 0.370572916667 0.062037037037 0.1390625
1 0.0837962962963 0.37109375 0.062037037037 0.138020833333
1 0.128240740741 0.375260416667 0.0805555555556 0.141145833333
1 0.194907407407 0.375260416667 0.0787037037037 0.1390625
1 0.263425925926 0.3796875 0.0972222222222 0.141666666667
1 0.344907407407 0.379947916667 0.075 0.136979166667
1 0.413888888889 0.38203125 0.0814814814815 0.146354166667
1 0.477777777778 0.39140625 0.0722222222222 0.116145833333
1 0.531944444444 0.397395833333 0.0824074074074 0.122916666667
1 0.596296296296 0.398697916667 0.0703703703704 0.1171875
1 0.650462962963 0.403645833333 0.0768518518519 0.1125
1 0.708333333333 0.401822916667 0.0685185185185 0.1109375
1 0.775925925926 0.4046875 0.0685185185185 0.119791666667
1 0.839351851852 0.404166666667 0.0824074074074 0.134375
1 0.9 0.406510416667 0.0722222222222 0.1296875
1 0.962962962963 0.406770833333 0.0722222222222 0.133333333333
1 0.0217592592593 0.539583333333 0.0453703703704 0.130208333333
1 0.074537037037 0.540625 0.0842592592593 0.134375
1 0.137037037037 0.544010416667 0.0703703703704 0.1390625
1 0.191666666667 0.538802083333 0.0814814814815 0.1265625
1 0.268981481481 0.540625 0.0990740740741 0.130208333333
1 0.339814814815 0.549479166667 0.0888888888889 0.135416666667
1 0.418981481481 0.556770833333 0.0916666666667 0.141666666667
1 0.487962962963 0.55625 0.0685185185185 0.119791666667
1 0.530092592593 0.55234375 0.0657407407407 0.106770833333
1 0.581481481481 0.553385416667 0.0666666666667 0.1109375
1 0.627777777778 0.566927083333 0.0685185185185 0.1171875
1 0.698148148148 0.565364583333 0.0888888888889 0.1078125
1 0.755555555556 0.566145833333 0.0685185185185 0.113541666667
1 0.811111111111 0.566927083333 0.0851851851852 0.128645833333
1 0.880092592593 0.568489583333 0.0787037037037 0.1203125
1 0.956018518519 0.5703125 0.0861111111111 0.123958333333
1 0.0231481481481 0.697916666667 0.0481481481481 0.111458333333
1 0.0611111111111 0.684635416667 0.0703703703704 0.0963541666667
1 0.165740740741 0.7015625 0.0907407407407 0.120833333333
1 0.237962962963 0.697916666667 0.087037037037 0.111458333333
1 0.296759259259 0.704427083333 0.0935185185185 0.1171875
1 0.377777777778 0.704947916667 0.0833333333333 0.1203125
1 0.476851851852 0.702083333333 0.0703703703704 0.101041666667
1 0.513888888889 0.714322916667 0.0703703703704 0.118229166667
1 0.587962962963 0.718489583333 0.0740740740741 0.105729166667
1 0.662962962963 0.722395833333 0.0759259259259 0.109375
1 0.725925925926 0.723177083333 0.0740740740741 0.1078125
1 0.789351851852 0.715364583333 0.075 0.116145833333
1 0.855092592593 0.720833333333 0.075 0.121875
1 0.930555555556 0.721875 0.0796296296296 0.121875
1 0.974537037037 0.72578125 0.0490740740741 0.1203125
1 0.189814814815 0.89609375 0.0925925925926 0.118229166667
1 0.399537037037 0.899479166667 0.100925925926 0.115625
1 0.603703703704 0.848177083333 0.0925925925926 0.0796875
