4 0.0537037037037 0.163802083333 0.109259259259 0.0359375
4 0.180092592593 0.11875 0.152777777778 0.0479166666667
4 0.176851851852 0.161458333333 0.159259259259 0.0458333333333
4 0.351388888889 0.170572916667 0.187962962963 0.0255208333333
4 0.522685185185 0.15625 0.149074074074 0.0354166666667
4 0.647685185185 0.1578125 0.119444444444 0.0385416666667
4 0.854166666667 0.145572916667 0.134259259259 0.1015625
4 0.956481481481 0.1484375 0.0851851851852 0.09375
4 0.0805555555556 0.281770833333 0.127777777778 0.114583333333
4 0.195833333333 0.285416666667 0.130555555556 0.114583333333
4 0.317592592593 0.282552083333 0.114814814815 0.116145833333
4 0.452314814815 0.3109375 0.10462962963 0.065625
4 0.579166666667 0.256770833333 0.134259259259 0.0645833333333
4 0.566203703704 0.316927083333 0.134259259259 0.0567708333333
4 0.69537037037 0.31328125 0.116666666667 0.0609375
4 0.791666666667 0.292447916667 0.111111111111 0.1078125
4 0.914814814815 0.28828125 0.140740740741 0.118229166667
4 0.0935185185185 0.4234375 0.153703703704 0.117708333333
4 0.22962962963 0.38359375 0.112962962963 0.0401041666667
4 0.352777777778 0.384114583333 0.142592592593 0.0390625
4 0.487037037037 0.387760416667 0.144444444444 0.0390625
4 0.630555555556 0.3859375 0.140740740741 0.0395833333333
4 0.181018518519 0.42578125 0.147222222222 0.0484375
4 0.176851851852 0.473958333333 0.155555555556 0.0520833333333
4 0.330092592593 0.43125 0.14537037037 0.0520833333333
4 0.48287037037 0.432291666667 0.149074074074 0.046875
4 0.629166666667 0.4359375 0.149074074074 0.0489583333333
4 0.318518518519 0.477604166667 0.142592592593 0.0447916666667
4 0.465740740741 0.478125 0.157407407407 0.0458333333333
4 0.622222222222 0.478125 0.140740740741 0.0479166666667
4 0.781481481481 0.47421875 0.17037037037 0.0536458333333
4 0.933333333333 0.464583333333 0.131481481481 0.078125
4 0.0796296296296 0.579166666667 0.12962962963 0.10625
4 0.206481481481 0.57890625 0.116666666667 0.1015625
4 0.329166666667 0.589322916667 0.117592592593 0.108854166667
4 0.448611111111 0.59296875 0.132407407407 0.0994791666667
4 0.574074074074 0.604166666667 0.111111111111 0.071875
4 0.693981481481 0.600260416667 0.132407407407 0.0776041666667
4 0.890277777778 0.563020833333 0.141666666667 0.0552083333333
4 0.861574074074 0.603645833333 0.132407407407 0.0635416666667
4 0.0444444444444 0.72890625 0.0907407407407 0.106770833333
4 0.15787037037 0.72421875 0.143518518519 0.116145833333
4 0.288425925926 0.72109375 0.110185185185 0.109895833333
4 0.436111111111 0.703645833333 0.183333333333 0.0447916666667
4 0.437037037037 0.7484375 0.181481481481 0.0479166666667
4 0.622222222222 0.685416666667 0.187037037037 0.0385416666667
4 0.61712962963 0.714583333333 0.180555555556 0.0395833333333
4 0.622685185185 0.754427083333 0.191666666667 0.0505208333333
4 0.802314814815 0.722395833333 0.162037037037 0.1125
4 0.915740740741 0.72421875 0.103703703704 0.1203125
4 0.0902777777778 0.881770833333 0.147222222222 0.147916666667
4 0.197685185185 0.88359375 0.134259259259 0.1609375
4 0.307407407407 0.878125 0.0981481481481 0.147916666667
4 0.401388888889 0.881510416667 0.10462962963 0.1515625
4 0.527314814815 0.88828125 0.136111111111 0.144270833333
4 0.664351851852 0.879947916667 0.132407407407 0.1421875
4 0.7875 0.920572916667 0.0935185185185 0.0828125
4 0.873148148148 0.924739583333 0.0833333333333 0.0692708333333
4 0.944444444444 0.893229166667 0.0685185185185 0.0708333333333
