1 0.0805555555556 0.104427083333 0.0851851851852 0.0671875
1 0.0699074074074 0.15 0.0805555555556 0.0572916666667
1 0.234722222222 0.145833333333 0.0935185185185 0.0697916666667
1 0.301851851852 0.14609375 0.0833333333333 0.0651041666667
1 0.367592592593 0.08515625 0.0907407407407 0.0661458333333
1 0.439351851852 0.08515625 0.0787037037037 0.0682291666667
1 0.517592592593 0.08515625 0.0907407407407 0.0734375
1 0.589814814815 0.08515625 0.0833333333333 0.0682291666667
1 0.666666666667 0.0861979166667 0.0685185185185 0.0661458333333
1 0.725462962963 0.0838541666667 0.0657407407407 0.0708333333333
1 0.785185185185 0.0854166666667 0.0740740740741 0.0614583333333
1 0.845833333333 0.0841145833333 0.0768518518519 0.0661458333333
1 0.909722222222 0.133854166667 0.0805555555556 0.0916666666667
1 0.965277777778 0.134114583333 0.0675925925926 0.0984375
1 0.375925925926 0.14609375 0.0833333333333 0.0630208333333
1 0.449537037037 0.1484375 0.0787037037037 0.0625
1 0.517592592593 0.147135416667 0.0740740740741 0.0671875
1 0.593055555556 0.1484375 0.0805555555556 0.0625
1 0.662037037037 0.151302083333 0.0703703703704 0.0609375
1 0.719444444444 0.148697916667 0.0666666666667 0.0661458333333
1 0.783333333333 0.149479166667 0.0703703703704 0.0677083333333
1 0.843981481481 0.146614583333 0.0675925925926 0.0682291666667
1 0.087962962963 0.314322916667 0.107407407407 0.0942708333333
1 0.159722222222 0.3125 0.0787037037037 0.0927083333333
1 0.222685185185 0.315625 0.0805555555556 0.09375
1 0.33287037037 0.312760416667 0.0953703703704 0.0994791666667
1 0.487962962963 0.312760416667 0.0814814814815 0.0994791666667
1 0.555555555556 0.301041666667 0.0722222222222 0.120833333333
1 0.635185185185 0.298697916667 0.0833333333333 0.127604166667
1 0.709259259259 0.30859375 0.0833333333333 0.109895833333
1 0.768518518519 0.308072916667 0.0703703703704 0.1109375
1 0.839814814815 0.307552083333 0.0759259259259 0.109895833333
1 0.90462962963 0.30859375 0.0666666666667 0.103645833333
1 0.965277777778 0.3109375 0.0675925925926 0.103125
1 0.0393518518519 0.4734375 0.0805555555556 0.1
1 0.105092592593 0.478645833333 0.0805555555556 0.1125
1 0.189351851852 0.481770833333 0.0601851851852 0.102083333333
1 0.24212962963 0.484635416667 0.0787037037037 0.105729166667
1 0.300925925926 0.484114583333 0.0685185185185 0.0973958333333
1 0.3625 0.4875 0.0768518518519 0.109375
1 0.416203703704 0.484114583333 0.0601851851852 0.0973958333333
1 0.460185185185 0.49609375 0.0740740740741 0.1078125
1 0.502314814815 0.482291666667 0.0564814814815 0.103125
1 0.538425925926 0.459375 0.0416666666667 0.0822916666667
1 0.57962962963 0.457291666667 0.0462962962963 0.0739583333333
1 0.608333333333 0.476302083333 0.0574074074074 0.0984375
1 0.659722222222 0.485677083333 0.075 0.1078125
1 0.744444444444 0.492708333333 0.0740740740741 0.128125
1 0.812037037037 0.48125 0.0740740740741 0.103125
1 0.864814814815 0.478125 0.0518518518519 0.102083333333
1 0.908796296296 0.477864583333 0.062037037037 0.0984375
1 0.0231481481481 0.65078125 0.0481481481481 0.127604166667
1 0.074537037037 0.66171875 0.0805555555556 0.105729166667
1 0.144444444444 0.64140625 0.0759259259259 0.0932291666667
1 0.200925925926 0.640625 0.0537037037037 0.0916666666667
1 0.25462962963 0.666145833333 0.0740740740741 0.110416666667
1 0.311111111111 0.640364583333 0.0592592592593 0.0994791666667
1 0.356481481481 0.642447916667 0.0518518518519 0.0973958333333
1 0.384722222222 0.659895833333 0.0601851851852 0.102083333333
1 0.424537037037 0.646614583333 0.0435185185185 0.0942708333333
1 0.472222222222 0.640885416667 0.0703703703704 0.0963541666667
1 0.528240740741 0.64296875 0.062037037037 0.0984375
1 0.56712962963 0.659114583333 0.0787037037037 0.1078125
1 0.625925925926 0.655989583333 0.0685185185185 0.105729166667
1 0.670833333333 0.647135416667 0.0601851851852 0.0994791666667
1 0.727777777778 0.640885416667 0.0703703703704 0.0963541666667
1 0.794444444444 0.661197916667 0.0888888888889 0.106770833333
1 0.859722222222 0.662760416667 0.0861111111111 0.100520833333
1 0.924074074074 0.6609375 0.0759259259259 0.104166666667
1 0.0351851851852 0.805729166667 0.0722222222222 0.132291666667
1 0.128240740741 0.815104166667 0.0972222222222 0.132291666667
1 0.203703703704 0.804427083333 0.0888888888889 0.136979166667
1 0.266666666667 0.81171875 0.0907407407407 0.1390625
1 0.342592592593 0.81328125 0.0907407407407 0.1453125
1 0.40462962963 0.805729166667 0.0907407407407 0.136458333333
