6 0.365277777778 0.2828125 0.113888888889 0.0791666666667
6 0.48287037037 0.290625 0.119444444444 0.0802083333333
6 0.619907407407 0.29296875 0.119444444444 0.0828125
6 0.737962962963 0.297135416667 0.109259259259 0.0765625
6 0.855092592593 0.30078125 0.115740740741 0.0817708333333
6 0.962962962963 0.302604166667 0.0722222222222 0.0895833333333
6 0.523611111111 0.214583333333 0.10462962963 0.0614583333333
6 0.374537037037 0.467447916667 0.106481481481 0.0765625
6 0.476388888889 0.469791666667 0.102777777778 0.08125
6 0.586574074074 0.476041666667 0.106481481481 0.0791666666667
6 0.702777777778 0.484114583333 0.107407407407 0.0838541666667
6 0.825925925926 0.48046875 0.111111111111 0.0838541666667
6 0.940740740741 0.49375 0.116666666667 0.0697916666667
6 0.335648148148 0.640625 0.100925925926 0.0802083333333
6 0.446296296296 0.648958333333 0.111111111111 0.078125
6 0.572685185185 0.664583333333 0.117592592593 0.0802083333333
6 0.691203703704 0.674739583333 0.108333333333 0.0765625
6 0.785185185185 0.674479166667 0.0981481481481 0.071875
6 0.905092592593 0.68359375 0.117592592593 0.0776041666667
6 0.843518518519 0.614583333333 0.155555555556 0.0729166666667
6 0.63287037037 0.612239583333 0.132407407407 0.0661458333333
6 0.403240740741 0.59609375 0.143518518519 0.0692708333333
