4 0.121759259259 0.10546875 0.189814814815 0.1171875
4 0.300462962963 0.1234375 0.208333333333 0.08125
4 0.524074074074 0.0888020833333 0.125925925926 0.0359375
4 0.483796296296 0.136458333333 0.180555555556 0.0697916666667
4 0.670833333333 0.109114583333 0.178703703704 0.1359375
4 0.85 0.11875 0.185185185185 0.136458333333
4 0.96712962963 0.122916666667 0.0638888888889 0.125
4 0.0800925925926 0.273958333333 0.162037037037 0.146875
4 0.243518518519 0.278645833333 0.174074074074 0.144791666667
4 0.411574074074 0.2859375 0.163888888889 0.135416666667
4 0.548611111111 0.295833333333 0.132407407407 0.1125
4 0.682407407407 0.302083333333 0.125925925926 0.114583333333
4 0.802314814815 0.303645833333 0.136111111111 0.113541666667
4 0.945833333333 0.304427083333 0.106481481481 0.119270833333
4 0.0828703703704 0.4625 0.165740740741 0.129166666667
4 0.242592592593 0.470572916667 0.159259259259 0.125520833333
4 0.398148148148 0.464583333333 0.144444444444 0.120833333333
4 0.449537037037 0.498958333333 0.193518518519 0.0854166666667
4 0.533796296296 0.459375 0.126851851852 0.107291666667
4 0.655555555556 0.465364583333 0.12962962963 0.111979166667
4 0.829166666667 0.46640625 0.134259259259 0.111979166667
4 0.939351851852 0.478125 0.119444444444 0.119791666667
4 0.0935185185185 0.671614583333 0.140740740741 0.0776041666667
4 0.275 0.6609375 0.140740740741 0.0947916666667
4 0.390740740741 0.659895833333 0.122222222222 0.0802083333333
4 0.483796296296 0.64296875 0.117592592593 0.0901041666667
4 0.625462962963 0.634635416667 0.147222222222 0.1234375
4 0.759722222222 0.63359375 0.14537037037 0.1234375
4 0.889351851852 0.634895833333 0.126851851852 0.122916666667
4 0.968518518519 0.626041666667 0.0611111111111 0.1
4 0.0791666666667 0.792447916667 0.160185185185 0.105729166667
4 0.249074074074 0.790104166667 0.227777777778 0.101041666667
4 0.462962962963 0.777083333333 0.214814814815 0.0791666666667
4 0.0717592592593 0.962760416667 0.14537037037 0.0744791666667
4 0.25 0.9640625 0.196296296296 0.071875
4 0.473148148148 0.959114583333 0.201851851852 0.0817708333333
4 0.691666666667 0.955729166667 0.201851851852 0.0885416666667
4 0.899537037037 0.959895833333 0.199074074074 0.0802083333333
