5 0.0638888888889 0.14609375 0.101851851852 0.141145833333
5 0.152777777778 0.142447916667 0.111111111111 0.141145833333
5 0.255555555556 0.144791666667 0.0962962962963 0.138541666667
5 0.347222222222 0.151302083333 0.0907407407407 0.116145833333
5 0.433796296296 0.15390625 0.0861111111111 0.108854166667
5 0.535648148148 0.151302083333 0.0861111111111 0.108854166667
5 0.639351851852 0.14921875 0.0861111111111 0.0994791666667
5 0.711574074074 0.144270833333 0.0731481481481 0.109375
5 0.772222222222 0.14140625 0.0814814814815 0.115104166667
5 0.843518518519 0.134375 0.087037037037 0.123958333333
5 0.929166666667 0.122395833333 0.0935185185185 0.142708333333
5 0.977777777778 0.11875 0.0425925925926 0.145833333333
5 0.0689814814815 0.355729166667 0.113888888889 0.1625
5 0.148611111111 0.35390625 0.0768518518519 0.158854166667
5 0.215740740741 0.351302083333 0.0814814814815 0.156770833333
5 0.291666666667 0.347916666667 0.0833333333333 0.158333333333
5 0.366666666667 0.346875 0.0888888888889 0.158333333333
5 0.415277777778 0.344270833333 0.0731481481481 0.154166666667
5 0.496296296296 0.340625 0.0796296296296 0.146875
5 0.564351851852 0.340625 0.0916666666667 0.144791666667
5 0.62962962963 0.33828125 0.062962962963 0.140104166667
5 0.694444444444 0.336979166667 0.0814814814815 0.146875
5 0.763425925926 0.3359375 0.0824074074074 0.148958333333
5 0.896759259259 0.339583333333 0.0787037037037 0.125
5 0.827314814815 0.34296875 0.0601851851852 0.1234375
5 0.0263888888889 0.549739583333 0.0546296296296 0.141145833333
5 0.0837962962963 0.552083333333 0.0787037037037 0.147916666667
5 0.168981481481 0.548177083333 0.0916666666667 0.144270833333
5 0.230092592593 0.52890625 0.062037037037 0.127604166667
5 0.287037037037 0.533072916667 0.0796296296296 0.1484375
5 0.367592592593 0.541927083333 0.0833333333333 0.147395833333
5 0.428703703704 0.5359375 0.062962962963 0.142708333333
5 0.48287037037 0.528125 0.0768518518519 0.140625
5 0.523611111111 0.515104166667 0.075 0.121875
5 0.621296296296 0.518489583333 0.0759259259259 0.133854166667
5 0.68287037037 0.517708333333 0.062037037037 0.140625
5 0.733333333333 0.528645833333 0.0833333333333 0.146875
5 0.7875 0.52890625 0.0564814814815 0.125520833333
5 0.869907407407 0.53046875 0.0861111111111 0.1265625
5 0.956944444444 0.512239583333 0.0842592592593 0.1421875
5 0.110648148148 0.752604166667 0.182407407407 0.20625
5 0.25 0.725260416667 0.174074074074 0.156770833333
5 0.365277777778 0.741145833333 0.121296296296 0.195833333333
5 0.461574074074 0.734635416667 0.115740740741 0.184895833333
5 0.581018518519 0.737239583333 0.113888888889 0.1921875
5 0.716666666667 0.696614583333 0.155555555556 0.1234375
5 0.9125 0.729947916667 0.173148148148 0.1921875
