1 0.0981481481481 0.19921875 0.111111111111 0.165104166667
1 0.186111111111 0.201041666667 0.0833333333333 0.171875
1 0.273611111111 0.21328125 0.117592592593 0.165104166667
1 0.375925925926 0.215885416667 0.0925925925926 0.156770833333
1 0.469907407407 0.215104166667 0.102777777778 0.158333333333
1 0.604166666667 0.218229166667 0.112037037037 0.16875
1 0.801851851852 0.11875 0.166666666667 0.226041666667
1 0.6875 0.39453125 0.130555555556 0.219270833333
1 0.780092592593 0.405729166667 0.117592592593 0.210416666667
1 0.869907407407 0.4015625 0.136111111111 0.208333333333
1 0.943518518519 0.639583333333 0.111111111111 0.21875
1 0.883333333333 0.640104166667 0.0833333333333 0.189583333333
1 0.792592592593 0.633333333333 0.105555555556 0.203125
1 0.709259259259 0.64453125 0.111111111111 0.222395833333
1 0.641203703704 0.62890625 0.130555555556 0.1984375
1 0.588888888889 0.397916666667 0.105555555556 0.121875
1 0.497685185185 0.392708333333 0.150925925926 0.132291666667
1 0.397222222222 0.380729166667 0.142592592593 0.111458333333
1 0.281481481481 0.469270833333 0.114814814815 0.121875
1 0.366666666667 0.476302083333 0.111111111111 0.1046875
1 0.480555555556 0.491927083333 0.105555555556 0.0765625
1 0.191666666667 0.458072916667 0.0925925925926 0.113020833333
1 0.0888888888889 0.454427083333 0.105555555556 0.1203125
1 0.613425925926 0.855729166667 0.0990740740741 0.179166666667
1 0.696759259259 0.851302083333 0.112037037037 0.159895833333
1 0.774074074074 0.860677083333 0.111111111111 0.161979166667
1 0.854166666667 0.8703125 0.0990740740741 0.170833333333
1 0.951388888889 0.8703125 0.0898148148148 0.173958333333
1 0.933333333333 0.113020833333 0.131481481481 0.227083333333
1 0.384259259259 0.0369791666667 0.107407407407 0.075
1 0.485648148148 0.0403645833333 0.100925925926 0.0817708333333
1 0.586111111111 0.0421875 0.107407407407 0.0854166666667
1 0.684722222222 0.0432291666667 0.0990740740741 0.0875
1 0.939351851852 0.410416666667 0.119444444444 0.203125
