4 0.099537037037 0.184635416667 0.115740740741 0.108854166667
4 0.306944444444 0.235416666667 0.20462962963 0.169791666667
4 0.533333333333 0.19140625 0.225925925926 0.159895833333
4 0.749537037037 0.202604166667 0.186111111111 0.146875
4 0.921759259259 0.19375 0.15462962963 0.13125
4 0.0833333333333 0.41328125 0.168518518519 0.1515625
4 0.281481481481 0.397135416667 0.2 0.150520833333
4 0.523148148148 0.4203125 0.2 0.144791666667
4 0.687037037037 0.397135416667 0.181481481481 0.143229166667
4 0.893055555556 0.394270833333 0.212037037037 0.132291666667
4 0.912037037037 0.553645833333 0.174074074074 0.1375
4 0.049537037037 0.589583333333 0.100925925926 0.130208333333
4 0.1625 0.579427083333 0.125 0.1265625
4 0.328240740741 0.590625 0.19537037037 0.1375
4 0.482407407407 0.554947916667 0.153703703704 0.130729166667
4 0.702777777778 0.589583333333 0.183333333333 0.15625
4 0.899537037037 0.721614583333 0.162037037037 0.1328125
4 0.88287037037 0.853125 0.115740740741 0.129166666667
4 0.719444444444 0.721614583333 0.157407407407 0.118229166667
4 0.565277777778 0.732291666667 0.175 0.135416666667
4 0.362037037037 0.756770833333 0.183333333333 0.123958333333
4 0.193055555556 0.742447916667 0.132407407407 0.1171875
4 0.0703703703704 0.74296875 0.140740740741 0.116145833333
4 0.181944444444 0.879947916667 0.14537037037 0.108854166667
4 0.0791666666667 0.942708333333 0.160185185185 0.107291666667
4 0.343981481481 0.92890625 0.147222222222 0.1328125
4 0.589814814815 0.865104166667 0.155555555556 0.121875
4 0.749537037037 0.894270833333 0.169444444444 0.139583333333
