1 0.0689814814815 0.130989583333 0.0787037037037 0.0880208333333
1 0.13287037037 0.132552083333 0.075 0.0848958333333
1 0.201851851852 0.125260416667 0.0888888888889 0.108854166667
1 0.271759259259 0.1234375 0.0805555555556 0.1125
1 0.348148148148 0.1234375 0.0925925925926 0.1125
1 0.427314814815 0.126302083333 0.0916666666667 0.106770833333
1 0.508333333333 0.128645833333 0.0851851851852 0.113541666667
1 0.572685185185 0.13203125 0.0972222222222 0.106770833333
1 0.652777777778 0.13203125 0.0888888888889 0.1046875
1 0.716203703704 0.128125 0.0805555555556 0.126041666667
1 0.802777777778 0.11953125 0.112962962963 0.1484375
1 0.89537037037 0.11640625 0.109259259259 0.147395833333
1 0.95787037037 0.129166666667 0.0824074074074 0.133333333333
1 0.0217592592593 0.318489583333 0.0453703703704 0.1484375
1 0.0990740740741 0.312760416667 0.0851851851852 0.1390625
1 0.174537037037 0.316927083333 0.0824074074074 0.149479166667
1 0.246296296296 0.3171875 0.0907407407407 0.145833333333
1 0.334722222222 0.315625 0.0824074074074 0.140625
1 0.385185185185 0.31953125 0.0925925925926 0.1484375
1 0.446759259259 0.318489583333 0.0768518518519 0.1390625
1 0.507407407407 0.325520833333 0.0907407407407 0.145833333333
1 0.584722222222 0.325520833333 0.0972222222222 0.145833333333
1 0.652777777778 0.327083333333 0.0925925925926 0.146875
1 0.756481481481 0.328385416667 0.111111111111 0.147395833333
1 0.856481481481 0.329427083333 0.105555555556 0.149479166667
1 0.933333333333 0.3328125 0.0944444444444 0.144791666667
1 0.0611111111111 0.5390625 0.0981481481481 0.142708333333
1 0.151388888889 0.54375 0.0953703703704 0.133333333333
1 0.265740740741 0.53359375 0.0925925925926 0.127604166667
1 0.376851851852 0.54765625 0.101851851852 0.136979166667
1 0.455092592593 0.54140625 0.0805555555556 0.1265625
1 0.518055555556 0.544270833333 0.0787037037037 0.125
1 0.583796296296 0.552864583333 0.0787037037037 0.130729166667
1 0.636574074074 0.566145833333 0.137962962963 0.145833333333
1 0.768055555556 0.566145833333 0.100925925926 0.134375
1 0.845833333333 0.55859375 0.0842592592593 0.138020833333
1 0.883796296296 0.574739583333 0.115740740741 0.1359375
1 0.97037037037 0.5765625 0.0574074074074 0.164583333333
1 0.0712962962963 0.719010416667 0.12037037037 0.136979166667
1 0.184259259259 0.722916666667 0.140740740741 0.133333333333
1 0.29212962963 0.7265625 0.117592592593 0.133333333333
1 0.385185185185 0.717708333333 0.101851851852 0.113541666667
1 0.47962962963 0.727604166667 0.125925925926 0.119791666667
1 0.586574074074 0.731510416667 0.0972222222222 0.127604166667
1 0.693518518519 0.750260416667 0.125925925926 0.1484375
1 0.771759259259 0.734635416667 0.0805555555556 0.115104166667
1 0.853240740741 0.735677083333 0.112037037037 0.1171875
1 0.939351851852 0.76171875 0.119444444444 0.155729166667
1 0.0268518518519 0.903125 0.0555555555556 0.155208333333
1 0.0888888888889 0.8890625 0.101851851852 0.122916666667
1 0.190740740741 0.902864583333 0.127777777778 0.141145833333
1 0.344907407407 0.91328125 0.139814814815 0.146354166667
1 0.468518518519 0.920572916667 0.127777777778 0.1578125
1 0.583333333333 0.923958333333 0.124074074074 0.151041666667
1 0.681481481481 0.926302083333 0.112962962963 0.146354166667
1 0.794444444444 0.92734375 0.112962962963 0.144270833333
1 0.896296296296 0.933854166667 0.127777777778 0.13125
1 0.961111111111 0.932291666667 0.0759259259259 0.134375
