4 0.0898148148148 0.128645833333 0.181481481481 0.154166666667
4 0.287037037037 0.124479166667 0.198148148148 0.145833333333
4 0.524074074074 0.126822916667 0.201851851852 0.150520833333
4 0.690277777778 0.127083333333 0.162037037037 0.147916666667
4 0.836111111111 0.12578125 0.233333333333 0.150520833333
4 0.0962962962963 0.314583333333 0.194444444444 0.10625
4 0.281481481481 0.312760416667 0.187037037037 0.100520833333
4 0.49212962963 0.309114583333 0.206481481481 0.100520833333
4 0.681018518519 0.309895833333 0.193518518519 0.096875
4 0.83287037037 0.30703125 0.150925925926 0.102604166667
4 0.932407407407 0.30390625 0.133333333333 0.1015625
4 0.0814814814815 0.47734375 0.164814814815 0.0598958333333
4 0.202777777778 0.463020833333 0.188888888889 0.090625
4 0.382407407407 0.460416666667 0.168518518519 0.0885416666667
4 0.562962962963 0.471875 0.22962962963 0.0541666666667
4 0.737037037037 0.452083333333 0.17037037037 0.0885416666667
4 0.902777777778 0.451041666667 0.175925925926 0.08125
4 0.0824074074074 0.597916666667 0.166666666667 0.0802083333333
4 0.236111111111 0.5953125 0.151851851852 0.0802083333333
4 0.401851851852 0.590625 0.17037037037 0.0729166666667
4 0.568518518519 0.584114583333 0.155555555556 0.0723958333333
4 0.738888888889 0.58125 0.174074074074 0.075
4 0.898611111111 0.5796875 0.15462962963 0.08125
4 0.1125 0.718229166667 0.139814814815 0.0729166666667
4 0.263888888889 0.715885416667 0.159259259259 0.0661458333333
4 0.408796296296 0.711197916667 0.132407407407 0.0682291666667
4 0.55462962963 0.707291666667 0.166666666667 0.06875
4 0.715740740741 0.7015625 0.153703703704 0.065625
4 0.849074074074 0.69609375 0.157407407407 0.0692708333333
4 0.951388888889 0.69453125 0.0953703703704 0.0682291666667
4 0.128240740741 0.848958333333 0.160185185185 0.104166666667
4 0.26712962963 0.840104166667 0.132407407407 0.090625
4 0.377777777778 0.821614583333 0.109259259259 0.0682291666667
4 0.517592592593 0.822916666667 0.155555555556 0.0802083333333
4 0.682407407407 0.82578125 0.155555555556 0.0984375
4 0.827314814815 0.82421875 0.132407407407 0.0994791666667
4 0.943055555556 0.79921875 0.112037037037 0.0588541666667
