6 0.325925925926 0.278645833333 0.114814814815 0.078125
6 0.442592592593 0.282291666667 0.107407407407 0.0802083333333
6 0.575925925926 0.287760416667 0.114814814815 0.0817708333333
6 0.702777777778 0.293229166667 0.127777777778 0.078125
6 0.830555555556 0.301302083333 0.142592592593 0.0755208333333
6 0.944907407407 0.304427083333 0.100925925926 0.0765625
6 0.343055555556 0.46640625 0.0990740740741 0.0817708333333
6 0.445833333333 0.466927083333 0.121296296296 0.0807291666667
6 0.547685185185 0.472916666667 0.108333333333 0.0822916666667
6 0.663888888889 0.481770833333 0.116666666667 0.08125
6 0.791666666667 0.482291666667 0.114814814815 0.0802083333333
6 0.906944444444 0.492447916667 0.113888888889 0.0765625
6 0.300925925926 0.642447916667 0.0944444444444 0.0817708333333
6 0.407407407407 0.649479166667 0.109259259259 0.0791666666667
6 0.534259259259 0.6609375 0.112962962963 0.0822916666667
6 0.645833333333 0.669270833333 0.106481481481 0.0875
6 0.74537037037 0.671614583333 0.0981481481481 0.0828125
6 0.869444444444 0.676302083333 0.116666666667 0.0848958333333
6 0.367592592593 0.593229166667 0.138888888889 0.0708333333333
6 0.589814814815 0.613802083333 0.155555555556 0.0598958333333
6 0.81712962963 0.619791666667 0.149074074074 0.0770833333333
