1 0.0282407407407 0.0903645833333 0.0583333333333 0.0973958333333
1 0.0634259259259 0.0908854166667 0.062037037037 0.0984375
1 0.109722222222 0.0859375 0.0675925925926 0.111458333333
1 0.164814814815 0.0880208333333 0.0759259259259 0.111458333333
1 0.22962962963 0.0869791666667 0.0537037037037 0.111458333333
1 0.285185185185 0.0856770833333 0.0833333333333 0.108854166667
1 0.490740740741 0.0911458333333 0.0703703703704 0.09375
1 0.551851851852 0.090625 0.0685185185185 0.0927083333333
1 0.602314814815 0.0885416666667 0.062037037037 0.0916666666667
1 0.65462962963 0.0877604166667 0.0685185185185 0.0963541666667
1 0.711111111111 0.0859375 0.0703703703704 0.104166666667
1 0.772685185185 0.0830729166667 0.0787037037037 0.0984375
1 0.835648148148 0.0765625 0.0805555555556 0.10625
1 0.905555555556 0.0713541666667 0.101851851852 0.114583333333
1 0.0291666666667 0.319010416667 0.0601851851852 0.140104166667
1 0.108333333333 0.310416666667 0.0944444444444 0.157291666667
1 0.191666666667 0.310416666667 0.105555555556 0.151041666667
1 0.267592592593 0.309375 0.0851851851852 0.153125
1 0.334722222222 0.304427083333 0.0990740740741 0.1484375
1 0.397222222222 0.30703125 0.0925925925926 0.150520833333
1 0.471296296296 0.308854166667 0.0925925925926 0.154166666667
1 0.551388888889 0.316145833333 0.0972222222222 0.164583333333
1 0.635648148148 0.316927083333 0.102777777778 0.1609375
1 0.760185185185 0.315104166667 0.0925925925926 0.159375
1 0.901388888889 0.309375 0.100925925926 0.166666666667
1 0.825462962963 0.310416666667 0.0675925925926 0.145833333333
1 0.97037037037 0.311197916667 0.0574074074074 0.181770833333
1 0.0435185185185 0.561197916667 0.0888888888889 0.1421875
1 0.118518518519 0.5453125 0.0740740740741 0.141666666667
1 0.188425925926 0.557291666667 0.102777777778 0.144791666667
1 0.249537037037 0.544791666667 0.0842592592593 0.135416666667
1 0.3 0.557552083333 0.0907407407407 0.1421875
1 0.374074074074 0.565625 0.087037037037 0.142708333333
1 0.448611111111 0.565625 0.100925925926 0.133333333333
1 0.529166666667 0.566145833333 0.0842592592593 0.141666666667
1 0.604166666667 0.56484375 0.0861111111111 0.1390625
1 0.67962962963 0.55 0.0888888888889 0.136458333333
1 0.738888888889 0.53828125 0.0685185185185 0.1203125
1 0.803703703704 0.53828125 0.0740740740741 0.1203125
1 0.890277777778 0.561979166667 0.0916666666667 0.142708333333
1 0.972685185185 0.569010416667 0.0527777777778 0.128645833333
1 0.0680555555556 0.740885416667 0.137962962963 0.155729166667
1 0.176388888889 0.727864583333 0.115740740741 0.130729166667
1 0.281944444444 0.715364583333 0.0768518518519 0.0994791666667
1 0.360185185185 0.729947916667 0.105555555556 0.121354166667
1 0.447222222222 0.732291666667 0.0888888888889 0.121875
1 0.527314814815 0.745052083333 0.0972222222222 0.140104166667
1 0.619444444444 0.758854166667 0.109259259259 0.163541666667
1 0.822685185185 0.742708333333 0.106481481481 0.123958333333
1 0.940740740741 0.733333333333 0.105555555556 0.101041666667
1 0.0342592592593 0.913541666667 0.0703703703704 0.134375
1 0.183333333333 0.932291666667 0.0759259259259 0.0708333333333
1 0.259722222222 0.936979166667 0.0842592592593 0.0729166666667
1 0.336574074074 0.941666666667 0.075 0.0729166666667
1 0.422685185185 0.948697916667 0.0842592592593 0.0776041666667
1 0.497222222222 0.954947916667 0.0703703703704 0.0765625
1 0.575462962963 0.9640625 0.0861111111111 0.0708333333333
1 0.736111111111 0.930208333333 0.0907407407407 0.114583333333
1 0.801851851852 0.944791666667 0.107407407407 0.109375
1 0.896759259259 0.9453125 0.0990740740741 0.108333333333
1 0.956018518519 0.941666666667 0.0861111111111 0.114583333333
