4 0.214814814815 0.114583333333 0.290740740741 0.0895833333333
4 0.535648148148 0.1140625 0.306481481481 0.103125
4 0.848611111111 0.1265625 0.300925925926 0.0875
4 0.0601851851852 0.261458333333 0.122222222222 0.138541666667
4 0.255092592593 0.278125 0.299074074074 0.129166666667
4 0.469907407407 0.285416666667 0.132407407407 0.129166666667
4 0.626851851852 0.287239583333 0.174074074074 0.134895833333
4 0.873148148148 0.29140625 0.164814814815 0.141145833333
4 0.197222222222 0.394270833333 0.212962962963 0.0395833333333
4 0.173611111111 0.430729166667 0.241666666667 0.0385416666667
4 0.176851851852 0.480729166667 0.227777777778 0.0697916666667
4 0.447685185185 0.475260416667 0.325 0.106770833333
4 0.770833333333 0.486979166667 0.310185185185 0.111458333333
4 0.753703703704 0.425260416667 0.344444444444 0.0473958333333
4 0.162962962963 0.632552083333 0.262962962963 0.0755208333333
4 0.487962962963 0.573958333333 0.294444444444 0.0302083333333
4 0.44212962963 0.6359375 0.297222222222 0.0989583333333
4 0.743981481481 0.641927083333 0.308333333333 0.0973958333333
4 0.223611111111 0.727083333333 0.230555555556 0.0385416666667
4 0.201388888889 0.79609375 0.237962962963 0.0692708333333
4 0.480555555556 0.727604166667 0.272222222222 0.0395833333333
4 0.766203703704 0.74140625 0.284259259259 0.0505208333333
4 0.758796296296 0.803125 0.286111111111 0.090625
4 0.470833333333 0.793229166667 0.282407407407 0.0947916666667
4 0.0666666666667 0.908072916667 0.135185185185 0.102604166667
4 0.269907407407 0.89609375 0.291666666667 0.0744791666667
4 0.494444444444 0.96640625 0.151851851852 0.0671875
4 0.686111111111 0.948958333333 0.153703703704 0.102083333333
4 0.806481481481 0.9484375 0.137037037037 0.0979166666667
4 0.935648148148 0.945572916667 0.126851851852 0.108854166667
