4 0.0939814814815 0.0526041666667 0.189814814815 0.10625
4 0.563425925926 0.0768229166667 0.191666666667 0.0578125
4 0.747222222222 0.0697916666667 0.190740740741 0.0572916666667
4 0.915277777778 0.07109375 0.167592592593 0.0671875
4 0.343055555556 0.0471354166667 0.267592592593 0.0765625
4 0.169444444444 0.2 0.238888888889 0.0708333333333
4 0.423611111111 0.215625 0.263888888889 0.0375
4 0.439351851852 0.26328125 0.262037037037 0.0661458333333
4 0.178240740741 0.264583333333 0.250925925926 0.0614583333333
4 0.641203703704 0.22265625 0.136111111111 0.1421875
4 0.797222222222 0.21953125 0.159259259259 0.1421875
4 0.923611111111 0.2203125 0.150925925926 0.144791666667
4 0.0648148148148 0.409895833333 0.125925925926 0.144791666667
4 0.225462962963 0.406510416667 0.210185185185 0.1515625
4 0.434259259259 0.3984375 0.216666666667 0.14375
4 0.609722222222 0.39375 0.162037037037 0.110416666667
4 0.75787037037 0.400260416667 0.187962962963 0.127604166667
4 0.899537037037 0.394791666667 0.182407407407 0.127083333333
4 0.124074074074 0.56875 0.172222222222 0.1125
4 0.272222222222 0.56796875 0.155555555556 0.106770833333
4 0.416203703704 0.564583333333 0.150925925926 0.111458333333
4 0.655092592593 0.562239583333 0.137962962963 0.1203125
4 0.55462962963 0.5609375 0.0944444444444 0.111458333333
4 0.781944444444 0.560416666667 0.130555555556 0.1125
4 0.920833333333 0.564322916667 0.149074074074 0.116145833333
4 0.14212962963 0.7359375 0.169444444444 0.0895833333333
4 0.0425925925926 0.70625 0.0814814814815 0.0895833333333
4 0.259722222222 0.706510416667 0.167592592593 0.0942708333333
4 0.352314814815 0.71640625 0.147222222222 0.1171875
4 0.469907407407 0.722916666667 0.152777777778 0.108333333333
4 0.660648148148 0.715625 0.136111111111 0.113541666667
4 0.802314814815 0.715625 0.158333333333 0.120833333333
4 0.9375 0.715885416667 0.123148148148 0.116145833333
4 0.0462962962963 0.896614583333 0.0944444444444 0.1328125
4 0.156944444444 0.909114583333 0.162037037037 0.122395833333
4 0.329166666667 0.89609375 0.160185185185 0.133854166667
4 0.491203703704 0.897135416667 0.158333333333 0.124479166667
4 0.643981481481 0.8890625 0.139814814815 0.147916666667
4 0.752777777778 0.884895833333 0.12962962963 0.144791666667
4 0.854166666667 0.875260416667 0.163888888889 0.1421875
4 0.966203703704 0.875260416667 0.0657407407407 0.1515625
