0 0.0402777777778 0.1234375 0.0824074074074 0.13125
0 0.107407407407 0.117708333333 0.105555555556 0.13125
0 0.182407407407 0.116927083333 0.103703703704 0.1296875
0 0.261574074074 0.1125 0.0805555555556 0.134375
0 0.333796296296 0.1078125 0.100925925926 0.141666666667
0 0.401388888889 0.110677083333 0.100925925926 0.1359375
0 0.487962962963 0.09921875 0.0925925925926 0.1359375
0 0.563888888889 0.0997395833333 0.105555555556 0.141145833333
0 0.638888888889 0.102083333333 0.0907407407407 0.130208333333
0 0.719444444444 0.0966145833333 0.0833333333333 0.138020833333
0 0.793518518519 0.0984375 0.103703703704 0.134375
0 0.875462962963 0.0932291666667 0.0990740740741 0.133333333333
0 0.955092592593 0.0895833333333 0.087962962963 0.134375
0 0.0342592592593 0.303385416667 0.0703703703704 0.116145833333
0 0.0861111111111 0.297135416667 0.107407407407 0.1171875
0 0.157407407407 0.296354166667 0.0907407407407 0.113541666667
0 0.23287037037 0.291927083333 0.100925925926 0.118229166667
0 0.302777777778 0.295833333333 0.0888888888889 0.123958333333
0 0.369444444444 0.288802083333 0.103703703704 0.119270833333
0 0.442592592593 0.28828125 0.0925925925926 0.118229166667
0 0.513888888889 0.284375 0.103703703704 0.119791666667
0 0.594907407407 0.28203125 0.0805555555556 0.119270833333
0 0.662962962963 0.278645833333 0.101851851852 0.121875
0 0.731481481481 0.273958333333 0.087037037037 0.121875
0 0.800462962963 0.274479166667 0.0805555555556 0.120833333333
0 0.871759259259 0.273958333333 0.0990740740741 0.119791666667
0 0.955092592593 0.27109375 0.087962962963 0.122395833333
0 0.0402777777778 0.433854166667 0.0824074074074 0.0729166666667
0 0.0476851851852 0.491927083333 0.0972222222222 0.0651041666667
0 0.17037037037 0.463802083333 0.0907407407407 0.0963541666667
0 0.248611111111 0.465104166667 0.0861111111111 0.116666666667
0 0.323611111111 0.462760416667 0.0805555555556 0.1171875
0 0.394444444444 0.4609375 0.087037037037 0.104166666667
0 0.463425925926 0.4609375 0.100925925926 0.102083333333
0 0.543518518519 0.45859375 0.0925925925926 0.106770833333
0 0.593055555556 0.445833333333 0.0638888888889 0.102083333333
0 0.64537037037 0.443229166667 0.0833333333333 0.102083333333
0 0.716666666667 0.441666666667 0.0722222222222 0.105208333333
0 0.784259259259 0.439583333333 0.0759259259259 0.101041666667
0 0.845833333333 0.438802083333 0.0805555555556 0.1046875
0 0.891666666667 0.448177083333 0.0759259259259 0.1109375
0 0.956944444444 0.444010416667 0.0842592592593 0.109895833333
0 0.0560185185185 0.61875 0.113888888889 0.105208333333
0 0.136111111111 0.621875 0.0962962962963 0.111458333333
0 0.200925925926 0.620572916667 0.0944444444444 0.0994791666667
0 0.265740740741 0.616145833333 0.0925925925926 0.102083333333
0 0.333796296296 0.61484375 0.0842592592593 0.0994791666667
0 0.401851851852 0.611197916667 0.0925925925926 0.108854166667
0 0.467592592593 0.61015625 0.0888888888889 0.106770833333
0 0.536111111111 0.611197916667 0.087037037037 0.0994791666667
0 0.600925925926 0.608854166667 0.0722222222222 0.102083333333
0 0.669907407407 0.60625 0.0787037037037 0.103125
0 0.731944444444 0.607291666667 0.0824074074074 0.107291666667
0 0.797685185185 0.601822916667 0.0824074074074 0.106770833333
0 0.867592592593 0.600260416667 0.0833333333333 0.105729166667
0 0.940740740741 0.60078125 0.0888888888889 0.108854166667
0 0.0259259259259 0.754947916667 0.0537037037037 0.0973958333333
0 0.074537037037 0.7515625 0.0805555555556 0.102083333333
0 0.137962962963 0.746614583333 0.0851851851852 0.0994791666667
0 0.191666666667 0.745572916667 0.0814814814815 0.0932291666667
0 0.258796296296 0.749739583333 0.0861111111111 0.102604166667
0 0.318055555556 0.749739583333 0.0824074074074 0.105729166667
0 0.383333333333 0.745572916667 0.0888888888889 0.0973958333333
0 0.522222222222 0.717708333333 0.087037037037 0.053125
0 0.580092592593 0.720572916667 0.0824074074074 0.0567708333333
0 0.641203703704 0.717708333333 0.0787037037037 0.0697916666667
0 0.524074074074 0.760677083333 0.087037037037 0.0557291666667
0 0.585648148148 0.760416666667 0.075 0.0489583333333
0 0.648148148148 0.76171875 0.0722222222222 0.0515625
0 0.710185185185 0.70625 0.0722222222222 0.0489583333333
0 0.773148148148 0.705729166667 0.087037037037 0.059375
0 0.716203703704 0.748958333333 0.0805555555556 0.053125
0 0.787037037037 0.758854166667 0.087037037037 0.059375
0 0.911574074074 0.699739583333 0.0972222222222 0.0526041666667
0 0.896296296296 0.743229166667 0.0833333333333 0.0583333333333
0 0.959259259259 0.75078125 0.0796296296296 0.0567708333333
0 0.0361111111111 0.949479166667 0.0740740740741 0.0947916666667
0 0.0416666666667 0.875260416667 0.0851851851852 0.0671875
0 0.0930555555556 0.94296875 0.087962962963 0.1078125
0 0.156481481481 0.941666666667 0.0851851851852 0.0989583333333
0 0.222222222222 0.94296875 0.0685185185185 0.105729166667
0 0.284259259259 0.941145833333 0.0722222222222 0.10625
0 0.349074074074 0.934895833333 0.0740740740741 0.101041666667
0 0.410648148148 0.925 0.0787037037037 0.102083333333
0 0.465277777778 0.937760416667 0.0768518518519 0.1046875
0 0.543518518519 0.939322916667 0.0814814814815 0.105729166667
0 0.613425925926 0.909114583333 0.0564814814815 0.1078125
0 0.678240740741 0.9 0.0787037037037 0.0989583333333
0 0.741203703704 0.899479166667 0.0805555555556 0.0947916666667
0 0.819444444444 0.92109375 0.116666666667 0.1171875
0 0.913888888889 0.916145833333 0.0962962962963 0.1125
