0 0.0652777777778 0.09140625 0.075 0.0557291666667
0 0.133333333333 0.09921875 0.0907407407407 0.0546875
0 0.204166666667 0.09921875 0.0768518518519 0.0526041666667
0 0.141203703704 0.163802083333 0.0824074074074 0.0848958333333
0 0.21712962963 0.166666666667 0.0953703703704 0.090625
0 0.295833333333 0.14765625 0.0953703703704 0.138020833333
0 0.374537037037 0.1484375 0.0972222222222 0.14375
0 0.450925925926 0.147916666667 0.0888888888889 0.142708333333
0 0.531018518519 0.153645833333 0.117592592593 0.133333333333
0 0.611111111111 0.153645833333 0.109259259259 0.142708333333
0 0.706944444444 0.155729166667 0.102777777778 0.144791666667
0 0.797685185185 0.154166666667 0.115740740741 0.145833333333
0 0.183333333333 0.296354166667 0.0851851851852 0.0625
0 0.175462962963 0.371875 0.0805555555556 0.0604166666667
0 0.432407407407 0.37578125 0.0518518518519 0.0828125
0 0.530092592593 0.3734375 0.102777777778 0.116666666667
0 0.601388888889 0.379166666667 0.100925925926 0.121875
0 0.683796296296 0.38046875 0.117592592593 0.1171875
0 0.768981481481 0.3890625 0.112037037037 0.11875
0 0.855555555556 0.395572916667 0.107407407407 0.1265625
0 0.945833333333 0.396614583333 0.102777777778 0.115104166667
0 0.139351851852 0.537760416667 0.0583333333333 0.0755208333333
0 0.337962962963 0.549479166667 0.0555555555556 0.0729166666667
0 0.762962962963 0.526822916667 0.0981481481481 0.0786458333333
0 0.846296296296 0.536197916667 0.105555555556 0.0765625
0 0.933796296296 0.541927083333 0.0990740740741 0.0786458333333
0 0.747222222222 0.599739583333 0.109259259259 0.0723958333333
0 0.835185185185 0.606770833333 0.0907407407407 0.0739583333333
0 0.908796296296 0.613020833333 0.0787037037037 0.0802083333333
0 0.967592592593 0.621354166667 0.062962962963 0.075
0 0.155555555556 0.6546875 0.087037037037 0.0875
0 0.223611111111 0.663020833333 0.0787037037037 0.0916666666667
0 0.291666666667 0.669010416667 0.0740740740741 0.0859375
0 0.356481481481 0.673697916667 0.0888888888889 0.0880208333333
0 0.422222222222 0.684895833333 0.0759259259259 0.09375
0 0.480555555556 0.690625 0.087037037037 0.0916666666667
0 0.552777777778 0.69921875 0.0833333333333 0.0859375
0 0.615740740741 0.706770833333 0.0722222222222 0.0989583333333
0 0.704166666667 0.716666666667 0.0768518518519 0.071875
0 0.927314814815 0.741666666667 0.106481481481 0.09375
0 0.0412037037037 0.7484375 0.0601851851852 0.075
0 0.0916666666667 0.758854166667 0.0703703703704 0.078125
0 0.149074074074 0.763541666667 0.0703703703704 0.0802083333333
0 0.206944444444 0.769791666667 0.0657407407407 0.08125
0 0.270833333333 0.78203125 0.0657407407407 0.0869791666667
0 0.351388888889 0.776822916667 0.0824074074074 0.0578125
0 0.525 0.814322916667 0.0851851851852 0.0640625
0 0.727777777778 0.83828125 0.087037037037 0.0651041666667
0 0.959259259259 0.863020833333 0.0685185185185 0.0666666666667
