4 0.0939814814815 0.160416666667 0.189814814815 0.147916666667
4 0.25 0.159114583333 0.246296296296 0.143229166667
4 0.529166666667 0.162760416667 0.19537037037 0.141145833333
4 0.781944444444 0.165625 0.312037037037 0.139583333333
4 0.938888888889 0.170572916667 0.12037037037 0.1203125
4 0.135648148148 0.3328125 0.152777777778 0.105208333333
4 0.29212962963 0.329947916667 0.234259259259 0.108854166667
4 0.537962962963 0.3328125 0.187037037037 0.105208333333
4 0.69537037037 0.3359375 0.155555555556 0.0895833333333
4 0.908796296296 0.337760416667 0.180555555556 0.0984375
4 0.0550925925926 0.48203125 0.112037037037 0.0838541666667
4 0.19537037037 0.48203125 0.190740740741 0.0838541666667
4 0.344907407407 0.47578125 0.136111111111 0.0817708333333
4 0.487037037037 0.476041666667 0.111111111111 0.0791666666667
4 0.608333333333 0.47578125 0.138888888889 0.0859375
4 0.75787037037 0.475260416667 0.152777777778 0.0807291666667
4 0.911111111111 0.474479166667 0.142592592593 0.0791666666667
4 0.075 0.61171875 0.151851851852 0.0744791666667
4 0.214814814815 0.6078125 0.159259259259 0.0791666666667
4 0.356481481481 0.60625 0.138888888889 0.078125
4 0.483796296296 0.60859375 0.121296296296 0.0776041666667
4 0.623611111111 0.604427083333 0.141666666667 0.0786458333333
4 0.75462962963 0.601822916667 0.122222222222 0.0744791666667
4 0.887962962963 0.601302083333 0.142592592593 0.0734375
4 0.0759259259259 0.736458333333 0.153703703704 0.0645833333333
4 0.202777777778 0.729427083333 0.142592592593 0.0692708333333
4 0.350462962963 0.723958333333 0.163888888889 0.065625
4 0.509259259259 0.722395833333 0.138888888889 0.071875
4 0.637962962963 0.719791666667 0.125925925926 0.0697916666667
4 0.755555555556 0.715625 0.124074074074 0.0635416666667
4 0.88287037037 0.713541666667 0.119444444444 0.065625
4 0.96712962963 0.715885416667 0.0638888888889 0.0755208333333
4 0.0685185185185 0.863802083333 0.138888888889 0.0984375
4 0.208333333333 0.858072916667 0.142592592593 0.100520833333
4 0.35462962963 0.83359375 0.146296296296 0.0609375
4 0.498611111111 0.8546875 0.137962962963 0.105208333333
4 0.628703703704 0.844270833333 0.144444444444 0.096875
4 0.738888888889 0.831770833333 0.137037037037 0.084375
4 0.853240740741 0.831770833333 0.110185185185 0.0885416666667
4 0.948148148148 0.815104166667 0.101851851852 0.0739583333333
