4 0.129166666667 0.130989583333 0.149074074074 0.116145833333
4 0.288888888889 0.143489583333 0.109259259259 0.100520833333
4 0.395833333333 0.136458333333 0.136111111111 0.114583333333
4 0.531481481481 0.1359375 0.137037037037 0.11875
4 0.66712962963 0.13671875 0.139814814815 0.1171875
4 0.818055555556 0.13828125 0.108333333333 0.116145833333
4 0.918981481481 0.13671875 0.102777777778 0.1171875
4 0.037037037037 0.303385416667 0.0759259259259 0.0953125
4 0.148148148148 0.309114583333 0.137037037037 0.0723958333333
4 0.263888888889 0.31328125 0.109259259259 0.0755208333333
4 0.324074074074 0.322916666667 0.148148148148 0.0614583333333
4 0.483333333333 0.30859375 0.155555555556 0.0942708333333
4 0.642592592593 0.31171875 0.168518518519 0.0911458333333
4 0.83287037037 0.291927083333 0.167592592593 0.134895833333
4 0.951388888889 0.302083333333 0.0953703703704 0.121875
4 0.1125 0.455729166667 0.132407407407 0.119791666667
4 0.258333333333 0.455208333333 0.144444444444 0.120833333333
4 0.37962962963 0.452604166667 0.0962962962963 0.11875
4 0.497685185185 0.453125 0.0898148148148 0.110416666667
4 0.607407407407 0.45625 0.144444444444 0.122916666667
4 0.769444444444 0.449739583333 0.164814814815 0.1265625
4 0.912962962963 0.46171875 0.155555555556 0.1171875
4 0.10462962963 0.602083333333 0.201851851852 0.119791666667
4 0.303703703704 0.600260416667 0.159259259259 0.1015625
4 0.425462962963 0.592447916667 0.0898148148148 0.100520833333
4 0.511574074074 0.587760416667 0.0953703703704 0.0859375
4 0.628703703704 0.595572916667 0.114814814815 0.0994791666667
4 0.793981481481 0.6140625 0.178703703704 0.0958333333333
4 0.94212962963 0.604427083333 0.113888888889 0.111979166667
4 0.0611111111111 0.745833333333 0.124074074074 0.121875
4 0.172685185185 0.747916666667 0.100925925926 0.111458333333
4 0.272222222222 0.746354166667 0.112962962963 0.114583333333
4 0.384259259259 0.747135416667 0.125925925926 0.115104166667
4 0.595833333333 0.749479166667 0.286111111111 0.114583333333
4 0.8375 0.749739583333 0.184259259259 0.1046875
4 0.934722222222 0.7484375 0.128703703704 0.114583333333
4 0.0388888888889 0.903385416667 0.0796296296296 0.141145833333
4 0.203703703704 0.884895833333 0.246296296296 0.115625
4 0.2125 0.9609375 0.193518518519 0.05625
4 0.422685185185 0.92421875 0.193518518519 0.108854166667
4 0.628703703704 0.922916666667 0.216666666667 0.128125
4 0.797222222222 0.865104166667 0.175925925926 0.0645833333333
4 0.949074074074 0.904427083333 0.1 0.0838541666667
4 0.823148148148 0.946614583333 0.183333333333 0.0994791666667
