1 0.062037037037 0.94375 0.0777777777778 0.111458333333
1 0.118055555556 0.943489583333 0.0657407407407 0.111979166667
1 0.189351851852 0.943489583333 0.0898148148148 0.111979166667
1 0.255555555556 0.940885416667 0.0685185185185 0.1171875
1 0.355555555556 0.925260416667 0.0833333333333 0.1484375
1 0.448611111111 0.9296875 0.0898148148148 0.139583333333
1 0.542592592593 0.928645833333 0.0925925925926 0.141666666667
1 0.631944444444 0.930208333333 0.0805555555556 0.134375
1 0.718518518519 0.928645833333 0.087037037037 0.141666666667
1 0.806018518519 0.932291666667 0.126851851852 0.134375
1 0.0291666666667 0.946614583333 0.0601851851852 0.105729166667
1 0.0907407407407 0.235677083333 0.105555555556 0.109895833333
1 0.182407407407 0.238020833333 0.107407407407 0.0958333333333
1 0.369907407407 0.24921875 0.0953703703704 0.0807291666667
1 0.448148148148 0.2484375 0.0907407407407 0.0822916666667
1 0.518981481481 0.25078125 0.0805555555556 0.0828125
1 0.584722222222 0.2515625 0.0935185185185 0.08125
1 0.714351851852 0.180208333333 0.0935185185185 0.0802083333333
1 0.789351851852 0.182552083333 0.0861111111111 0.0848958333333
1 0.90462962963 0.18359375 0.111111111111 0.0828125
1 0.97037037037 0.185416666667 0.0574074074074 0.0885416666667
1 0.668981481481 0.253645833333 0.0805555555556 0.0833333333333
1 0.728703703704 0.258333333333 0.0851851851852 0.0791666666667
1 0.800925925926 0.258333333333 0.0925925925926 0.0791666666667
1 0.890277777778 0.261979166667 0.0916666666667 0.08125
1 0.962037037037 0.263802083333 0.0740740740741 0.0776041666667
1 0.0462962962963 0.397916666667 0.0907407407407 0.142708333333
1 0.115740740741 0.397135416667 0.0925925925926 0.150520833333
1 0.190277777778 0.400520833333 0.0990740740741 0.145833333333
1 0.280092592593 0.4 0.100925925926 0.144791666667
1 0.433796296296 0.372916666667 0.0787037037037 0.071875
1 0.434259259259 0.445833333333 0.0722222222222 0.071875
1 0.647222222222 0.449739583333 0.087037037037 0.0734375
1 0.782407407407 0.41796875 0.0925925925926 0.1390625
1 0.858333333333 0.421354166667 0.112962962963 0.145833333333
1 0.940277777778 0.419791666667 0.0972222222222 0.152083333333
1 0.0300925925926 0.603385416667 0.062037037037 0.127604166667
1 0.0782407407407 0.607291666667 0.0768518518519 0.144791666667
1 0.143055555556 0.606770833333 0.0824074074074 0.134375
1 0.206944444444 0.603645833333 0.0824074074074 0.142708333333
1 0.273148148148 0.604427083333 0.0907407407407 0.141145833333
1 0.347222222222 0.5796875 0.0907407407407 0.133333333333
1 0.429166666667 0.5765625 0.0990740740741 0.134375
1 0.535185185185 0.584114583333 0.0888888888889 0.138020833333
1 0.610185185185 0.589322916667 0.087037037037 0.131770833333
1 0.681481481481 0.586197916667 0.0851851851852 0.1171875
1 0.772685185185 0.5921875 0.0953703703704 0.126041666667
1 0.844907407407 0.58515625 0.0861111111111 0.130729166667
1 0.903703703704 0.5875 0.109259259259 0.126041666667
1 0.962037037037 0.594270833333 0.0740740740741 0.133333333333
1 0.0546296296296 0.783333333333 0.0907407407407 0.123958333333
1 0.118518518519 0.7859375 0.0833333333333 0.125
1 0.177314814815 0.784895833333 0.0805555555556 0.120833333333
1 0.24537037037 0.787239583333 0.0851851851852 0.125520833333
1 0.311111111111 0.753645833333 0.105555555556 0.141666666667
1 0.474537037037 0.752083333333 0.0861111111111 0.123958333333
1 0.544444444444 0.75703125 0.0833333333333 0.1203125
1 0.620833333333 0.764583333333 0.0824074074074 0.135416666667
1 0.690740740741 0.763541666667 0.0907407407407 0.123958333333
1 0.761574074074 0.774479166667 0.0935185185185 0.122916666667
1 0.82962962963 0.756770833333 0.0888888888889 0.116666666667
1 0.894444444444 0.778385416667 0.107407407407 0.128645833333
