1 0.0407407407407 0.14609375 0.0833333333333 0.111979166667
1 0.106944444444 0.14375 0.0990740740741 0.119791666667
1 0.197222222222 0.140104166667 0.0925925925926 0.116666666667
1 0.465740740741 0.134114583333 0.0814814814815 0.1234375
1 0.538888888889 0.133333333333 0.0833333333333 0.117708333333
1 0.62037037037 0.132291666667 0.087037037037 0.111458333333
1 0.685185185185 0.1296875 0.0981481481481 0.115625
1 0.775462962963 0.128385416667 0.102777777778 0.1109375
1 0.848148148148 0.135416666667 0.0685185185185 0.102083333333
1 0.927777777778 0.1328125 0.0888888888889 0.108333333333
1 0.400925925926 0.9171875 0.118518518519 0.15
1 0.29537037037 0.911197916667 0.111111111111 0.1609375
1 0.203703703704 0.912760416667 0.105555555556 0.1578125
1 0.107407407407 0.9078125 0.116666666667 0.154166666667
1 0.593055555556 0.90078125 0.108333333333 0.109895833333
1 0.810648148148 0.908072916667 0.117592592593 0.0890625
1 0.950925925926 0.93671875 0.0962962962963 0.125520833333
1 0.025 0.542447916667 0.0518518518519 0.130729166667
1 0.062037037037 0.536979166667 0.0722222222222 0.122916666667
1 0.131944444444 0.53671875 0.0972222222222 0.130729166667
1 0.2 0.537239583333 0.0888888888889 0.125520833333
1 0.271759259259 0.5390625 0.0842592592593 0.133333333333
1 0.370833333333 0.537760416667 0.0805555555556 0.1359375
1 0.499537037037 0.5265625 0.0824074074074 0.122916666667
1 0.562037037037 0.53203125 0.0648148148148 0.1265625
1 0.596759259259 0.540104166667 0.0768518518519 0.15
1 0.681481481481 0.554427083333 0.0759259259259 0.1578125
1 0.759722222222 0.561458333333 0.0805555555556 0.155208333333
1 0.812962962963 0.557552083333 0.0648148148148 0.1515625
1 0.863425925926 0.5609375 0.0861111111111 0.161458333333
1 0.925462962963 0.556770833333 0.062037037037 0.155208333333
1 0.973611111111 0.558854166667 0.0509259259259 0.165625
1 0.0453703703704 0.726822916667 0.0722222222222 0.127604166667
1 0.087962962963 0.741927083333 0.0703703703704 0.127604166667
1 0.143518518519 0.745052083333 0.0703703703704 0.130729166667
1 0.199074074074 0.745572916667 0.0666666666667 0.131770833333
1 0.239814814815 0.727083333333 0.05 0.115625
1 0.296759259259 0.746875 0.0768518518519 0.138541666667
1 0.355555555556 0.733333333333 0.0537037037037 0.135416666667
1 0.418055555556 0.735677083333 0.0842592592593 0.124479166667
1 0.467592592593 0.750260416667 0.0925925925926 0.146354166667
1 0.54537037037 0.747395833333 0.0888888888889 0.142708333333
1 0.620833333333 0.746875 0.0787037037037 0.14375
1 0.686574074074 0.754166666667 0.0657407407407 0.144791666667
1 0.747222222222 0.753645833333 0.0851851851852 0.139583333333
1 0.818518518519 0.755989583333 0.087037037037 0.155729166667
1 0.921296296296 0.76875 0.103703703704 0.1625
1 0.297222222222 0.144791666667 0.0833333333333 0.105208333333
1 0.366203703704 0.14375 0.0731481481481 0.0979166666667
