4 0.148611111111 0.0630208333333 0.175 0.127083333333
4 0.309259259259 0.0611979166667 0.146296296296 0.1234375
4 0.456018518519 0.0846354166667 0.136111111111 0.0859375
4 0.443518518519 0.0252604166667 0.103703703704 0.0515625
4 0.528240740741 0.0270833333333 0.112037037037 0.0552083333333
4 0.626851851852 0.0341145833333 0.124074074074 0.0692708333333
4 0.606481481481 0.0864583333333 0.181481481481 0.0895833333333
4 0.734722222222 0.0356770833333 0.175 0.0723958333333
4 0.739814814815 0.0979166666667 0.148148148148 0.0802083333333
4 0.889351851852 0.0875 0.130555555556 0.09375
4 0.3625 0.280208333333 0.150925925926 0.0791666666667
4 0.381944444444 0.349739583333 0.156481481481 0.0765625
4 0.493055555556 0.276041666667 0.128703703704 0.0802083333333
4 0.491666666667 0.343489583333 0.125925925926 0.0755208333333
4 0.594907407407 0.270052083333 0.110185185185 0.0765625
4 0.606018518519 0.336197916667 0.119444444444 0.0755208333333
4 0.683333333333 0.268229166667 0.109259259259 0.0614583333333
4 0.697222222222 0.32890625 0.107407407407 0.0630208333333
4 0.844907407407 0.283072916667 0.176851851852 0.138020833333
4 0.646759259259 0.479166666667 0.15462962963 0.14375
2 0.821296296296 0.4671875 0.162962962963 0.144791666667
2 0.0587962962963 0.371614583333 0.119444444444 0.1203125
2 0.190740740741 0.2703125 0.201851851852 0.114583333333
2 0.208333333333 0.36484375 0.17962962963 0.0953125
2 0.0805555555556 0.539583333333 0.162962962963 0.111458333333
2 0.0787037037037 0.633854166667 0.159259259259 0.0916666666667
2 0.237037037037 0.602604166667 0.17962962963 0.084375
2 0.232407407407 0.511197916667 0.162962962963 0.0963541666667
2 0.358796296296 0.498697916667 0.158333333333 0.100520833333
2 0.394444444444 0.55703125 0.148148148148 0.0973958333333
2 0.499537037037 0.472135416667 0.156481481481 0.0890625
2 0.505555555556 0.5453125 0.124074074074 0.0739583333333
2 0.106481481481 0.832552083333 0.185185185185 0.122395833333
2 0.238888888889 0.779166666667 0.159259259259 0.125
2 0.422222222222 0.7265625 0.2 0.1125
2 0.429166666667 0.776822916667 0.176851851852 0.0630208333333
2 0.559259259259 0.68359375 0.198148148148 0.0984375
2 0.574074074074 0.733333333333 0.142592592593 0.0572916666667
2 0.689814814815 0.6015625 0.159259259259 0.0614583333333
2 0.831481481481 0.57890625 0.15 0.0671875
2 0.693518518519 0.645052083333 0.166666666667 0.0557291666667
2 0.705092592593 0.68828125 0.156481481481 0.0682291666667
2 0.819444444444 0.61015625 0.15 0.0463541666667
2 0.83287037037 0.653645833333 0.152777777778 0.059375
2 0.237962962963 0.925520833333 0.222222222222 0.0875
2 0.306481481481 0.970833333333 0.2 0.0572916666667
2 0.433333333333 0.883854166667 0.231481481481 0.078125
2 0.523148148148 0.8625 0.207407407407 0.0760416666667
2 0.661111111111 0.807552083333 0.227777777778 0.0890625
2 0.798611111111 0.757552083333 0.15462962963 0.0661458333333
