1 0.196759259259 0.451302083333 0.0916666666667 0.1296875
1 0.275462962963 0.45703125 0.0898148148148 0.128645833333
1 0.34212962963 0.461458333333 0.0805555555556 0.123958333333
1 0.405092592593 0.471875 0.0657407407407 0.119791666667
1 0.471296296296 0.4703125 0.0685185185185 0.127083333333
1 0.5375 0.478125 0.0712962962963 0.132291666667
1 0.601388888889 0.484375 0.0805555555556 0.119791666667
1 0.6625 0.491666666667 0.0805555555556 0.121875
1 0.735648148148 0.493489583333 0.0712962962963 0.1359375
1 0.79537037037 0.5015625 0.0685185185185 0.147916666667
1 0.866666666667 0.519791666667 0.0796296296296 0.136458333333
1 0.951388888889 0.675 0.0953703703704 0.158333333333
1 0.846296296296 0.663802083333 0.12037037037 0.159895833333
1 0.738425925926 0.6578125 0.150925925926 0.158333333333
1 0.642592592593 0.64296875 0.151851851852 0.159895833333
1 0.526851851852 0.625520833333 0.087037037037 0.142708333333
1 0.44212962963 0.609895833333 0.126851851852 0.145833333333
1 0.372685185185 0.601302083333 0.130555555556 0.1359375
1 0.266203703704 0.590625 0.121296296296 0.142708333333
1 0.185648148148 0.58203125 0.126851851852 0.1359375
1 0.0976851851852 0.569791666667 0.108333333333 0.121875
1 0.0393518518519 0.560416666667 0.0805555555556 0.132291666667
1 0.0425925925926 0.0940104166667 0.087037037037 0.1578125
1 0.102314814815 0.100260416667 0.0824074074074 0.1609375
1 0.155555555556 0.09921875 0.087037037037 0.1703125
1 0.218518518519 0.10390625 0.0925925925926 0.1703125
1 0.284259259259 0.107291666667 0.0962962962963 0.175
1 0.354166666667 0.121614583333 0.0842592592593 0.1484375
1 0.431481481481 0.127083333333 0.0907407407407 0.154166666667
1 0.513888888889 0.131510416667 0.0907407407407 0.149479166667
1 0.601388888889 0.134635416667 0.0842592592593 0.1484375
1 0.673611111111 0.130208333333 0.102777777778 0.176041666667
1 0.757407407407 0.128385416667 0.109259259259 0.168229166667
1 0.834722222222 0.133854166667 0.119444444444 0.177083333333
1 0.915740740741 0.137760416667 0.12962962963 0.180729166667
1 0.0537037037037 0.27734375 0.109259259259 0.1265625
1 0.126851851852 0.2828125 0.0944444444444 0.136458333333
1 0.191666666667 0.283854166667 0.0851851851852 0.141666666667
1 0.25787037037 0.291927083333 0.0842592592593 0.141145833333
1 0.31712962963 0.295833333333 0.0842592592593 0.140625
1 0.391203703704 0.308072916667 0.0805555555556 0.131770833333
1 0.45 0.313802083333 0.087037037037 0.127604166667
1 0.516203703704 0.322135416667 0.0824074074074 0.127604166667
1 0.589814814815 0.329947916667 0.0907407407407 0.1296875
1 0.668981481481 0.321354166667 0.0768518518519 0.15
1 0.72962962963 0.327083333333 0.0907407407407 0.144791666667
1 0.89212962963 0.344010416667 0.112037037037 0.1390625
1 0.948611111111 0.347395833333 0.100925925926 0.147916666667
1 0.0467592592593 0.41953125 0.0824074074074 0.1078125
1 0.117592592593 0.431510416667 0.0925925925926 0.1171875
1 0.962962962963 0.51796875 0.0722222222222 0.105729166667
