4 0.037037037037 0.231770833333 0.0759259259259 0.157291666667
4 0.206481481481 0.196614583333 0.214814814815 0.149479166667
4 0.435185185185 0.20390625 0.185185185185 0.1515625
4 0.626388888889 0.190625 0.178703703704 0.135416666667
4 0.839351851852 0.194270833333 0.180555555556 0.163541666667
4 0.95787037037 0.187760416667 0.0824074074074 0.1578125
4 0.0453703703704 0.40859375 0.0925925925926 0.1421875
4 0.234259259259 0.422135416667 0.227777777778 0.165104166667
4 0.421296296296 0.400260416667 0.17962962963 0.149479166667
4 0.618981481481 0.38671875 0.210185185185 0.150520833333
4 0.785648148148 0.401302083333 0.119444444444 0.156770833333
4 0.955555555556 0.383072916667 0.087037037037 0.159895833333
4 0.0740740740741 0.596614583333 0.15 0.140104166667
4 0.231944444444 0.567447916667 0.176851851852 0.124479166667
4 0.427777777778 0.595833333333 0.174074074074 0.179166666667
4 0.653240740741 0.5609375 0.193518518519 0.144791666667
4 0.860648148148 0.552604166667 0.150925925926 0.1375
4 0.962037037037 0.553125 0.0740740740741 0.140625
4 0.0962962962963 0.753125 0.159259259259 0.155208333333
4 0.305092592593 0.741927083333 0.178703703704 0.118229166667
4 0.485185185185 0.731510416667 0.157407407407 0.134895833333
4 0.674074074074 0.731770833333 0.172222222222 0.145833333333
4 0.845833333333 0.713802083333 0.180555555556 0.1265625
4 0.655555555556 0.86640625 0.12962962963 0.124479166667
4 0.958796296296 0.892447916667 0.0805555555556 0.155729166667
4 0.501388888889 0.909635416667 0.162037037037 0.149479166667
4 0.343981481481 0.87421875 0.173148148148 0.1328125
4 0.0967592592593 0.934895833333 0.141666666667 0.130208333333
