4 0.0675925925926 0.129427083333 0.137037037037 0.143229166667
4 0.267592592593 0.127083333333 0.214814814815 0.155208333333
4 0.436111111111 0.125260416667 0.161111111111 0.1515625
4 0.588425925926 0.1265625 0.234259259259 0.146875
4 0.813425925926 0.126041666667 0.241666666667 0.147916666667
4 0.0740740740741 0.313541666667 0.15 0.104166666667
4 0.259259259259 0.309114583333 0.211111111111 0.100520833333
4 0.452777777778 0.309375 0.2 0.0958333333333
4 0.616203703704 0.303125 0.162037037037 0.0979166666667
4 0.766203703704 0.302083333333 0.237962962963 0.0958333333333
4 0.951388888889 0.301822916667 0.0953703703704 0.0932291666667
4 0.153703703704 0.461458333333 0.181481481481 0.0864583333333
4 0.345833333333 0.473958333333 0.236111111111 0.0520833333333
4 0.52037037037 0.450260416667 0.188888888889 0.0776041666667
4 0.687962962963 0.447135416667 0.17962962963 0.0817708333333
4 0.822685185185 0.444270833333 0.134259259259 0.078125
4 0.947222222222 0.44140625 0.103703703704 0.0838541666667
4 0.0421296296296 0.603125 0.0861111111111 0.08125
4 0.181018518519 0.60078125 0.180555555556 0.0692708333333
4 0.356944444444 0.590104166667 0.163888888889 0.0739583333333
4 0.531481481481 0.58359375 0.174074074074 0.0734375
4 0.691203703704 0.57890625 0.15462962963 0.0776041666667
4 0.822222222222 0.569010416667 0.12962962963 0.0765625
4 0.933333333333 0.566927083333 0.111111111111 0.0755208333333
4 0.0666666666667 0.72890625 0.135185185185 0.0682291666667
4 0.201388888889 0.721875 0.149074074074 0.0729166666667
4 0.35787037037 0.714583333333 0.175 0.06875
4 0.525 0.70546875 0.17037037037 0.0671875
4 0.659259259259 0.696614583333 0.151851851852 0.0682291666667
4 0.798148148148 0.68984375 0.144444444444 0.0671875
4 0.940740740741 0.690625 0.116666666667 0.0729166666667
4 0.0726851851852 0.861197916667 0.147222222222 0.103645833333
4 0.194907407407 0.831770833333 0.123148148148 0.0677083333333
4 0.337962962963 0.830989583333 0.185185185185 0.0755208333333
4 0.500925925926 0.830989583333 0.168518518519 0.0921875
4 0.645833333333 0.8234375 0.136111111111 0.101041666667
4 0.781018518519 0.799479166667 0.128703703704 0.0625
4 0.931944444444 0.816927083333 0.134259259259 0.1109375
