2 0.188888888889 0.05078125 0.246296296296 0.102604166667
2 0.0476851851852 0.0533854166667 0.0972222222222 0.1046875
2 0.635185185185 0.0333333333333 0.157407407407 0.0677083333333
2 0.793518518519 0.02890625 0.164814814815 0.0588541666667
2 0.923148148148 0.185416666667 0.151851851852 0.104166666667
2 0.916666666667 0.287760416667 0.164814814815 0.105729166667
2 0.760648148148 0.29296875 0.156481481481 0.0994791666667
2 0.774074074074 0.190104166667 0.166666666667 0.0927083333333
2 0.6125 0.19765625 0.160185185185 0.0984375
2 0.634259259259 0.296875 0.159259259259 0.103125
2 0.459259259259 0.288802083333 0.203703703704 0.0869791666667
2 0.253703703704 0.283072916667 0.2 0.1171875
2 0.075462962963 0.290104166667 0.152777777778 0.110416666667
2 0.075462962963 0.461979166667 0.152777777778 0.0854166666667
2 0.249537037037 0.536197916667 0.24537037037 0.0557291666667
2 0.470833333333 0.540625 0.189814814815 0.0604166666667
2 0.623611111111 0.44765625 0.158333333333 0.0984375
2 0.629166666667 0.534375 0.152777777778 0.0895833333333
2 0.767592592593 0.445833333333 0.166666666667 0.0927083333333
2 0.772222222222 0.530208333333 0.142592592593 0.1
2 0.914814814815 0.448697916667 0.148148148148 0.103645833333
2 0.926851851852 0.53203125 0.144444444444 0.0890625
2 0.513425925926 0.7265625 0.189814814815 0.0802083333333
2 0.695833333333 0.659895833333 0.141666666667 0.0947916666667
2 0.695833333333 0.740885416667 0.134259259259 0.0838541666667
2 0.865277777778 0.6671875 0.156481481481 0.0916666666667
2 0.85462962963 0.749479166667 0.162962962963 0.0916666666667
2 0.82037037037 0.9203125 0.107407407407 0.0979166666667
2 0.968055555556 0.937239583333 0.062037037037 0.0963541666667
2 0.0662037037037 0.8484375 0.134259259259 0.0697916666667
2 0.178240740741 0.879166666667 0.186111111111 0.101041666667
2 0.296759259259 0.71796875 0.20462962963 0.0651041666667
2 0.110648148148 0.6546875 0.193518518519 0.09375
2 0.54212962963 0.915104166667 0.189814814815 0.0666666666667
2 0.351388888889 0.900520833333 0.173148148148 0.0625
2 0.731018518519 0.8625 0.10462962963 0.0791666666667
