0 0.463425925926 0.20546875 0.0972222222222 0.0848958333333
0 0.728703703704 0.13671875 0.0925925925926 0.0692708333333
0 0.658796296296 0.131510416667 0.0675925925926 0.0588541666667
0 0.5875 0.1234375 0.0787037037037 0.059375
0 0.5125 0.12265625 0.0935185185185 0.0557291666667
0 0.715277777778 0.207291666667 0.0861111111111 0.0947916666667
0 0.800925925926 0.209635416667 0.105555555556 0.0901041666667
0 0.896296296296 0.191145833333 0.103703703704 0.145833333333
0 0.954166666667 0.19375 0.0898148148148 0.136458333333
0 0.503240740741 0.339322916667 0.112037037037 0.0723958333333
0 0.496296296296 0.42265625 0.109259259259 0.0671875
0 0.762962962963 0.347395833333 0.107407407407 0.071875
0 0.74212962963 0.430208333333 0.112037037037 0.06875
0 0.451851851852 0.591145833333 0.0703703703704 0.0822916666667
0 0.670833333333 0.598958333333 0.0805555555556 0.0822916666667
0 0.419444444444 0.716666666667 0.0907407407407 0.102083333333
0 0.640277777778 0.72421875 0.10462962963 0.0942708333333
0 0.727777777778 0.729166666667 0.0944444444444 0.102083333333
0 0.795833333333 0.729947916667 0.0824074074074 0.0963541666667
0 0.868518518519 0.73203125 0.0851851851852 0.0963541666667
0 0.940740740741 0.736458333333 0.0925925925926 0.0947916666667
0 0.413888888889 0.829947916667 0.0851851851852 0.0838541666667
0 0.477777777778 0.830729166667 0.0851851851852 0.0802083333333
0 0.544907407407 0.834635416667 0.0787037037037 0.0838541666667
0 0.615740740741 0.83984375 0.0851851851852 0.0828125
0 0.676388888889 0.844010416667 0.0824074074074 0.0838541666667
0 0.750925925926 0.847916666667 0.0888888888889 0.0822916666667
0 0.83287037037 0.839322916667 0.0824074074074 0.0651041666667
0 0.66712962963 0.424479166667 0.0601851851852 0.0708333333333
0 0.886111111111 0.60546875 0.0703703703704 0.0744791666667
0 0.975462962963 0.415625 0.0472222222222 0.071875
0 0.638425925926 0.971614583333 0.075 0.0442708333333
