4 0.286574074074 0.0348958333333 0.29537037037 0.0708333333333
4 0.585185185185 0.0408854166667 0.307407407407 0.0828125
4 0.869907407407 0.0450520833333 0.258333333333 0.0911458333333
4 0.134722222222 0.154947916667 0.193518518519 0.0494791666667
4 0.112037037037 0.198958333333 0.2 0.05625
4 0.105555555556 0.250520833333 0.212962962963 0.0489583333333
4 0.349074074074 0.24296875 0.305555555556 0.0828125
4 0.646296296296 0.252604166667 0.274074074074 0.0822916666667
4 0.888888888889 0.18515625 0.22037037037 0.0838541666667
4 0.883333333333 0.261979166667 0.231481481481 0.078125
4 0.139814814815 0.390104166667 0.233333333333 0.123958333333
4 0.42037037037 0.394791666667 0.307407407407 0.136458333333
4 0.75787037037 0.408072916667 0.356481481481 0.143229166667
4 0.115277777778 0.5765625 0.232407407407 0.115625
4 0.341203703704 0.57734375 0.221296296296 0.125520833333
4 0.530092592593 0.571614583333 0.180555555556 0.144270833333
4 0.732407407407 0.576302083333 0.216666666667 0.1515625
4 0.920833333333 0.5890625 0.156481481481 0.155208333333
4 0.0625 0.729427083333 0.126851851852 0.1390625
4 0.172685185185 0.73125 0.117592592593 0.130208333333
4 0.402314814815 0.740104166667 0.356481481481 0.136458333333
4 0.752777777778 0.762760416667 0.274074074074 0.119270833333
4 0.928240740741 0.74921875 0.141666666667 0.108854166667
4 0.0685185185185 0.877604166667 0.138888888889 0.120833333333
4 0.291203703704 0.891145833333 0.328703703704 0.129166666667
4 0.618055555556 0.907291666667 0.336111111111 0.135416666667
4 0.884722222222 0.9203125 0.228703703704 0.128125
