1 0.0240740740741 0.191666666667 0.05 0.0822916666667
1 0.0694444444444 0.181770833333 0.0666666666667 0.102083333333
1 0.125 0.18125 0.0703703703704 0.101041666667
1 0.185185185185 0.181770833333 0.0722222222222 0.1
1 0.24537037037 0.18203125 0.0796296296296 0.0994791666667
1 0.312037037037 0.185416666667 0.0740740740741 0.1
1 0.371759259259 0.184375 0.0694444444444 0.096875
1 0.441666666667 0.184895833333 0.062962962963 0.101041666667
1 0.501388888889 0.1859375 0.075 0.101041666667
1 0.571296296296 0.185416666667 0.062962962963 0.1
1 0.634259259259 0.186458333333 0.0685185185185 0.102083333333
1 0.696759259259 0.184114583333 0.0657407407407 0.0994791666667
1 0.74212962963 0.186458333333 0.0453703703704 0.0947916666667
1 0.799074074074 0.184895833333 0.0722222222222 0.103125
1 0.846296296296 0.1875 0.0518518518519 0.090625
1 0.896296296296 0.189322916667 0.0574074074074 0.0942708333333
1 0.946759259259 0.19296875 0.0472222222222 0.0869791666667
1 0.97962962963 0.1859375 0.0388888888889 0.103125
1 0.0310185185185 0.557552083333 0.0638888888889 0.130729166667
1 0.087962962963 0.548177083333 0.0703703703704 0.1265625
1 0.152777777778 0.551302083333 0.0851851851852 0.122395833333
1 0.228703703704 0.558072916667 0.0814814814815 0.134895833333
1 0.331018518519 0.55390625 0.062037037037 0.130729166667
1 0.38287037037 0.559895833333 0.0638888888889 0.139583333333
1 0.442592592593 0.5609375 0.0722222222222 0.129166666667
1 0.50462962963 0.551822916667 0.0685185185185 0.128645833333
1 0.588888888889 0.55 0.0759259259259 0.130208333333
1 0.656481481481 0.550520833333 0.0685185185185 0.129166666667
1 0.715740740741 0.5390625 0.0574074074074 0.123958333333
1 0.760648148148 0.5453125 0.0583333333333 0.134375
1 0.817592592593 0.540625 0.0592592592593 0.136458333333
1 0.893518518519 0.53046875 0.0592592592593 0.108854166667
1 0.956944444444 0.53203125 0.0638888888889 0.109895833333
1 0.977314814815 0.54296875 0.0435185185185 0.134895833333
1 0.0416666666667 0.740104166667 0.0851851851852 0.133333333333
1 0.104166666667 0.739583333333 0.075 0.132291666667
1 0.174537037037 0.736979166667 0.0694444444444 0.1375
1 0.236574074074 0.73984375 0.0805555555556 0.127604166667
1 0.322685185185 0.705729166667 0.0824074074074 0.0916666666667
1 0.393055555556 0.695052083333 0.0638888888889 0.0755208333333
1 0.450925925926 0.69296875 0.0722222222222 0.0734375
1 0.510648148148 0.721354166667 0.0768518518519 0.125
1 0.56712962963 0.727083333333 0.062037037037 0.122916666667
1 0.596759259259 0.738020833333 0.0638888888889 0.126041666667
1 0.646296296296 0.736197916667 0.0685185185185 0.125520833333
1 0.687037037037 0.73125 0.0574074074074 0.116666666667
1 0.741203703704 0.718229166667 0.0601851851852 0.123958333333
1 0.793518518519 0.715364583333 0.062962962963 0.1203125
1 0.855092592593 0.722135416667 0.0657407407407 0.130729166667
1 0.925462962963 0.725260416667 0.0787037037037 0.130729166667
1 0.975462962963 0.7265625 0.0472222222222 0.133333333333
1 0.162037037037 0.863541666667 0.0703703703704 0.0697916666667
1 0.221759259259 0.870052083333 0.0787037037037 0.0817708333333
1 0.293055555556 0.869270833333 0.0638888888889 0.0833333333333
1 0.331481481481 0.951041666667 0.0648148148148 0.09375
1 0.393055555556 0.9484375 0.0601851851852 0.0916666666667
1 0.446759259259 0.950520833333 0.0564814814815 0.090625
1 0.50787037037 0.951041666667 0.0657407407407 0.0916666666667
1 0.57037037037 0.889322916667 0.0925925925926 0.141145833333
1 0.659722222222 0.892708333333 0.0916666666667 0.14375
1 0.746296296296 0.888020833333 0.0907407407407 0.129166666667
1 0.83287037037 0.888541666667 0.0953703703704 0.133333333333
1 0.905555555556 0.854166666667 0.0759259259259 0.0697916666667
1 0.962037037037 0.868229166667 0.0740740740741 0.0979166666667
