1 0.55462962963 0.0807291666667 0.0925925925926 0.1625
1 0.630555555556 0.08125 0.0962962962963 0.163541666667
1 0.0833333333333 0.351302083333 0.118518518519 0.2046875
1 0.213425925926 0.346875 0.141666666667 0.213541666667
1 0.320833333333 0.340625 0.110185185185 0.215625
1 0.416666666667 0.341666666667 0.122222222222 0.198958333333
1 0.507407407407 0.338802083333 0.12037037037 0.203645833333
1 0.60787037037 0.336197916667 0.106481481481 0.202604166667
1 0.688425925926 0.33671875 0.0861111111111 0.188020833333
1 0.77962962963 0.337239583333 0.101851851852 0.190104166667
1 0.859259259259 0.3390625 0.101851851852 0.192708333333
1 0.957407407407 0.334375 0.0833333333333 0.194791666667
1 0.934722222222 0.56328125 0.106481481481 0.188020833333
1 0.840740740741 0.5625 0.12037037037 0.203125
1 0.741203703704 0.579427083333 0.126851851852 0.193229166667
1 0.634722222222 0.58828125 0.117592592593 0.203645833333
1 0.526851851852 0.587239583333 0.148148148148 0.208854166667
1 0.418981481481 0.590885416667 0.112037037037 0.208854166667
1 0.299074074074 0.60625 0.174074074074 0.201041666667
1 0.153703703704 0.608333333333 0.153703703704 0.215625
1 0.0657407407407 0.865104166667 0.133333333333 0.172916666667
1 0.201851851852 0.843489583333 0.138888888889 0.190104166667
1 0.332407407407 0.82421875 0.148148148148 0.172395833333
1 0.471296296296 0.801041666667 0.148148148148 0.194791666667
1 0.601388888889 0.774479166667 0.141666666667 0.183333333333
1 0.738888888889 0.766145833333 0.138888888889 0.170833333333
1 0.846296296296 0.7609375 0.101851851852 0.153125
1 0.940740740741 0.747135416667 0.116666666667 0.163020833333
1 0.72037037037 0.0802083333333 0.0925925925926 0.161458333333
1 0.826851851852 0.08203125 0.111111111111 0.165104166667
1 0.933333333333 0.0833333333333 0.131481481481 0.167708333333
1 0.0722222222222 0.0734375 0.122222222222 0.147916666667
1 0.135648148148 0.0763020833333 0.0824074074074 0.153645833333
1 0.246296296296 0.07578125 0.114814814815 0.152604166667
1 0.364351851852 0.0763020833333 0.121296296296 0.153645833333
1 0.456944444444 0.0791666666667 0.0972222222222 0.159375
1 0.0560185185185 0.622916666667 0.113888888889 0.210416666667
1 0.59537037037 0.954166666667 0.125925925926 0.090625
1 0.715277777778 0.944270833333 0.128703703704 0.110416666667
