4 0.0657407407407 0.4515625 0.0777777777778 0.0947916666667
4 0.167592592593 0.141927083333 0.157407407407 0.1234375
4 0.318981481481 0.15859375 0.134259259259 0.0901041666667
4 0.454166666667 0.15546875 0.160185185185 0.0932291666667
4 0.589351851852 0.158333333333 0.147222222222 0.0875
4 0.74212962963 0.15390625 0.150925925926 0.0994791666667
4 0.884722222222 0.159635416667 0.152777777778 0.0921875
4 0.0625 0.294791666667 0.121296296296 0.0979166666667
4 0.191666666667 0.31015625 0.12962962963 0.0765625
4 0.339814814815 0.30078125 0.135185185185 0.0932291666667
4 0.605092592593 0.295572916667 0.149074074074 0.0901041666667
4 0.732407407407 0.305729166667 0.140740740741 0.0885416666667
4 0.857407407407 0.309114583333 0.127777777778 0.0911458333333
4 0.168518518519 0.44375 0.112962962963 0.0979166666667
4 0.27962962963 0.45625 0.137037037037 0.102083333333
4 0.411574074074 0.454947916667 0.134259259259 0.108854166667
4 0.539814814815 0.454947916667 0.131481481481 0.0994791666667
4 0.655092592593 0.461979166667 0.130555555556 0.104166666667
4 0.781481481481 0.4640625 0.144444444444 0.103125
4 0.910185185185 0.466666666667 0.127777777778 0.104166666667
4 0.234259259259 0.60078125 0.168518518519 0.0744791666667
4 0.411574074074 0.55625 0.189814814815 0.0395833333333
4 0.401388888889 0.616927083333 0.189814814815 0.0640625
4 0.0888888888889 0.738802083333 0.17037037037 0.109895833333
4 0.431944444444 0.899479166667 0.175 0.121875
4 0.661574074074 0.88515625 0.226851851852 0.1078125
3 0.875462962963 0.93046875 0.160185185185 0.115104166667
3 0.0296296296296 0.901041666667 0.0611111111111 0.129166666667
3 0.0902777777778 0.90078125 0.087962962963 0.1265625
4 0.472222222222 0.315104166667 0.124074074074 0.0625
