1 0.0240740740741 0.14765625 0.05 0.1515625
1 0.0782407407407 0.148958333333 0.0805555555556 0.154166666667
1 0.144444444444 0.147395833333 0.0851851851852 0.164583333333
1 0.219444444444 0.147135416667 0.0740740740741 0.159895833333
1 0.2875 0.154947916667 0.0898148148148 0.149479166667
1 0.357407407407 0.151302083333 0.0833333333333 0.149479166667
1 0.433333333333 0.15 0.0944444444444 0.146875
1 0.502314814815 0.148177083333 0.0972222222222 0.1484375
1 0.577777777778 0.18359375 0.087037037037 0.0984375
1 0.64212962963 0.181770833333 0.0805555555556 0.1
1 0.703703703704 0.176041666667 0.0888888888889 0.104166666667
1 0.780092592593 0.17734375 0.0935185185185 0.106770833333
1 0.853240740741 0.176822916667 0.0990740740741 0.1078125
1 0.924074074074 0.179947916667 0.0888888888889 0.0963541666667
1 0.971296296296 0.18359375 0.0555555555556 0.100520833333
1 0.0722222222222 0.342708333333 0.0888888888889 0.136458333333
1 0.157407407407 0.34453125 0.0907407407407 0.1421875
1 0.222685185185 0.344270833333 0.0842592592593 0.133333333333
1 0.295833333333 0.34921875 0.0824074074074 0.1359375
1 0.368518518519 0.3484375 0.0722222222222 0.120833333333
1 0.425462962963 0.3515625 0.0787037037037 0.133333333333
1 0.561111111111 0.35625 0.0833333333333 0.103125
1 0.618518518519 0.364583333333 0.0833333333333 0.111458333333
1 0.711111111111 0.36875 0.103703703704 0.119791666667
1 0.799537037037 0.365364583333 0.0990740740741 0.1171875
1 0.870833333333 0.354427083333 0.0935185185185 0.150520833333
1 0.939351851852 0.353645833333 0.0824074074074 0.144791666667
1 0.0384259259259 0.5125 0.0787037037037 0.123958333333
1 0.0930555555556 0.517447916667 0.0842592592593 0.125520833333
1 0.169444444444 0.5203125 0.0888888888889 0.133333333333
1 0.236111111111 0.51796875 0.0740740740741 0.1265625
1 0.297685185185 0.5203125 0.0657407407407 0.121875
1 0.366203703704 0.52109375 0.0805555555556 0.1296875
1 0.443055555556 0.499739583333 0.0805555555556 0.0963541666667
1 0.509722222222 0.49453125 0.0824074074074 0.0880208333333
1 0.573148148148 0.496875 0.0703703703704 0.090625
1 0.64212962963 0.507552083333 0.0805555555556 0.0984375
1 0.704166666667 0.506510416667 0.0768518518519 0.0890625
1 0.758796296296 0.510677083333 0.0898148148148 0.0953125
1 0.806018518519 0.523697916667 0.0657407407407 0.0963541666667
1 0.899537037037 0.539583333333 0.0972222222222 0.141666666667
1 0.963425925926 0.533072916667 0.0712962962963 0.140104166667
1 0.0509259259259 0.672135416667 0.0777777777778 0.128645833333
1 0.106481481481 0.6765625 0.0666666666667 0.121875
1 0.177314814815 0.67734375 0.0731481481481 0.125520833333
1 0.32037037037 0.670833333333 0.0740740740741 0.103125
1 0.290277777778 0.662239583333 0.0601851851852 0.0932291666667
1 0.370833333333 0.671614583333 0.0638888888889 0.1015625
1 0.419907407407 0.675 0.0842592592593 0.104166666667
1 0.558796296296 0.659895833333 0.0657407407407 0.0625
1 0.615740740741 0.662239583333 0.0722222222222 0.0651041666667
1 0.675462962963 0.698697916667 0.0972222222222 0.103645833333
1 0.730555555556 0.717708333333 0.0888888888889 0.113541666667
1 0.812037037037 0.71484375 0.0907407407407 0.1078125
1 0.920833333333 0.697395833333 0.0990740740741 0.103125
1 0.782407407407 0.885677083333 0.125925925926 0.161979166667
1 0.891203703704 0.903645833333 0.137962962963 0.165625
