1 0.0587962962963 0.148958333333 0.075 0.142708333333
1 0.127777777778 0.15234375 0.0851851851852 0.1421875
1 0.195833333333 0.151302083333 0.0805555555556 0.1515625
1 0.271759259259 0.149479166667 0.0935185185185 0.153125
1 0.345833333333 0.182552083333 0.0768518518519 0.0963541666667
1 0.399537037037 0.184375 0.0564814814815 0.0927083333333
1 0.456944444444 0.178385416667 0.0805555555556 0.1046875
1 0.529166666667 0.175520833333 0.0935185185185 0.101041666667
1 0.593981481481 0.178385416667 0.0953703703704 0.1046875
1 0.669907407407 0.18203125 0.0787037037037 0.0953125
1 0.733796296296 0.180729166667 0.0953703703704 0.0979166666667
1 0.801851851852 0.178385416667 0.103703703704 0.1046875
1 0.934722222222 0.1546875 0.113888888889 0.0875
1 0.0268518518519 0.338020833333 0.0555555555556 0.132291666667
1 0.087962962963 0.343489583333 0.0740740740741 0.1265625
1 0.165740740741 0.344010416667 0.0703703703704 0.125520833333
1 0.205092592593 0.34453125 0.0787037037037 0.1265625
1 0.273148148148 0.3421875 0.0703703703704 0.1125
1 0.338888888889 0.35625 0.0833333333333 0.101041666667
1 0.398148148148 0.361197916667 0.0907407407407 0.106770833333
1 0.484722222222 0.3609375 0.0990740740741 0.1125
1 0.561111111111 0.364583333333 0.0907407407407 0.113541666667
1 0.623611111111 0.351041666667 0.100925925926 0.14375
1 0.698611111111 0.34921875 0.0953703703704 0.138020833333
1 0.7625 0.354427083333 0.102777777778 0.1578125
1 0.82962962963 0.32421875 0.0925925925926 0.136979166667
1 0.8875 0.325 0.087962962963 0.1375
1 0.948148148148 0.326041666667 0.087037037037 0.126041666667
1 0.0324074074074 0.511979166667 0.0666666666667 0.113541666667
1 0.087037037037 0.511197916667 0.0722222222222 0.1171875
1 0.143981481481 0.513541666667 0.0805555555556 0.119791666667
1 0.258796296296 0.490364583333 0.0953703703704 0.0942708333333
1 0.32962962963 0.4875 0.0759259259259 0.08125
1 0.393981481481 0.491666666667 0.0787037037037 0.0822916666667
1 0.447685185185 0.496875 0.075 0.090625
1 0.50462962963 0.496875 0.0722222222222 0.08125
1 0.563888888889 0.498958333333 0.0888888888889 0.0927083333333
1 0.607407407407 0.509895833333 0.0759259259259 0.101041666667
1 0.661574074074 0.53046875 0.0953703703704 0.1390625
1 0.737037037037 0.5234375 0.0851851851852 0.132291666667
1 0.793518518519 0.52109375 0.0944444444444 0.1203125
1 0.853240740741 0.516927083333 0.0787037037037 0.1171875
1 0.911574074074 0.515625 0.113888888889 0.121875
1 0.966203703704 0.52734375 0.0657407407407 0.130729166667
1 0.130092592593 0.656510416667 0.0805555555556 0.0973958333333
1 0.210185185185 0.666927083333 0.0851851851852 0.0953125
1 0.450925925926 0.675520833333 0.0851851851852 0.09375
1 0.501388888889 0.704427083333 0.0861111111111 0.105729166667
1 0.574537037037 0.7 0.0805555555556 0.103125
1 0.691666666667 0.682291666667 0.118518518519 0.1125
1 0.562962962963 0.867708333333 0.144444444444 0.15625
1 0.651388888889 0.884895833333 0.139814814815 0.15625
1 0.775925925926 0.874739583333 0.142592592593 0.1078125
1 0.931481481481 0.904947916667 0.135185185185 0.149479166667
