4 0.111574074074 0.141927083333 0.147222222222 0.0942708333333
4 0.259259259259 0.143489583333 0.138888888889 0.0911458333333
4 0.393981481481 0.14296875 0.14537037037 0.0994791666667
4 0.546296296296 0.1484375 0.153703703704 0.0979166666667
4 0.699537037037 0.15625 0.167592592593 0.0895833333333
4 0.850925925926 0.155729166667 0.161111111111 0.0885416666667
4 0.956481481481 0.165104166667 0.0851851851852 0.0697916666667
4 0.148611111111 0.292447916667 0.149074074074 0.0859375
4 0.423611111111 0.28828125 0.132407407407 0.0921875
4 0.296296296296 0.306770833333 0.140740740741 0.0645833333333
4 0.54537037037 0.2984375 0.125925925926 0.0791666666667
4 0.670833333333 0.299739583333 0.136111111111 0.0932291666667
4 0.802314814815 0.309114583333 0.136111111111 0.0671875
4 0.9375 0.301041666667 0.123148148148 0.0739583333333
4 0.0888888888889 0.446614583333 0.140740740741 0.116145833333
4 0.226388888889 0.4484375 0.136111111111 0.1125
4 0.360648148148 0.453125 0.117592592593 0.103125
4 0.469907407407 0.45625 0.128703703704 0.111458333333
4 0.6 0.45859375 0.12962962963 0.108854166667
4 0.720833333333 0.459895833333 0.137962962963 0.104166666667
4 0.847685185185 0.461458333333 0.130555555556 0.103125
4 0.956481481481 0.460416666667 0.0851851851852 0.1125
4 0.0699074074074 0.60078125 0.141666666667 0.0744791666667
4 0.245833333333 0.552083333333 0.175 0.0458333333333
4 0.224537037037 0.614583333333 0.20462962963 0.06875
4 0.256481481481 0.898958333333 0.17037037037 0.122916666667
4 0.506018518519 0.892447916667 0.267592592593 0.1265625
4 0.7 0.930208333333 0.155555555556 0.113541666667
4 0.868981481481 0.909895833333 0.160185185185 0.146875
