0 0.551851851852 0.046875 0.0888888888889 0.0916666666667
0 0.634259259259 0.04453125 0.109259259259 0.0869791666667
0 0.73287037037 0.0427083333333 0.0935185185185 0.0864583333333
0 0.81712962963 0.0416666666667 0.117592592593 0.084375
0 0.544907407407 0.147135416667 0.0787037037037 0.106770833333
0 0.631018518519 0.139583333333 0.112037037037 0.110416666667
0 0.719444444444 0.1390625 0.087037037037 0.113541666667
0 0.794907407407 0.134375 0.0972222222222 0.111458333333
0 0.213425925926 0.338802083333 0.0824074074074 0.0755208333333
0 0.331481481481 0.291927083333 0.0648148148148 0.0880208333333
0 0.418055555556 0.293489583333 0.0935185185185 0.0963541666667
0 0.484722222222 0.299479166667 0.0990740740741 0.0895833333333
0 0.556944444444 0.301302083333 0.0824074074074 0.0973958333333
0 0.621759259259 0.307552083333 0.0935185185185 0.0984375
0 0.682407407407 0.309114583333 0.0944444444444 0.1046875
0 0.753240740741 0.313802083333 0.113888888889 0.108854166667
0 0.345833333333 0.370572916667 0.0805555555556 0.0765625
0 0.433333333333 0.380729166667 0.0740740740741 0.08125
0 0.487037037037 0.38671875 0.087037037037 0.0859375
0 0.544444444444 0.39375 0.0833333333333 0.0885416666667
0 0.608333333333 0.401822916667 0.0833333333333 0.0932291666667
0 0.747222222222 0.431770833333 0.0962962962963 0.1
0 0.520833333333 0.520572916667 0.100925925926 0.0869791666667
0 0.427314814815 0.568489583333 0.0583333333333 0.0723958333333
0 0.476851851852 0.586979166667 0.0740740740741 0.071875
0 0.538425925926 0.6015625 0.0953703703704 0.06875
0 0.590740740741 0.53671875 0.0851851851852 0.0890625
0 0.656481481481 0.554166666667 0.0925925925926 0.0822916666667
0 0.722685185185 0.565104166667 0.0972222222222 0.0927083333333
0 0.641666666667 0.62734375 0.0703703703704 0.0880208333333
0 0.728703703704 0.6515625 0.0925925925926 0.08125
0 0.438425925926 0.692447916667 0.0768518518519 0.0880208333333
0 0.493055555556 0.704947916667 0.0861111111111 0.0880208333333
0 0.569907407407 0.740364583333 0.0805555555556 0.0942708333333
0 0.629166666667 0.76640625 0.0953703703704 0.0973958333333
0 0.693518518519 0.797135416667 0.0722222222222 0.1078125
0 0.461574074074 0.81953125 0.0601851851852 0.0744791666667
0 0.50787037037 0.846875 0.0787037037037 0.0802083333333
0 0.560185185185 0.87734375 0.0685185185185 0.0859375
0 0.6125 0.903385416667 0.0787037037037 0.0848958333333
0 0.675462962963 0.926822916667 0.0805555555556 0.0963541666667
0 0.343981481481 0.884895833333 0.0638888888889 0.09375
0 0.422222222222 0.92890625 0.0722222222222 0.0963541666667
4 0.933333333333 0.141927083333 0.131481481481 0.2609375
