2 0.921614583333 0.116203703704 0.0984375 0.169444444444
2 0.834895833333 0.121296296296 0.0916666666667 0.159259259259
2 0.752604166667 0.0425925925926 0.1 0.087037037037
2 0.7578125 0.135648148148 0.0791666666667 0.100925925926
2 0.6734375 0.139351851852 0.09375 0.108333333333
2 0.586458333333 0.144907407407 0.0760416666667 0.0898148148148
2 0.518229166667 0.150462962963 0.0729166666667 0.112037037037
2 0.444270833333 0.158333333333 0.075 0.111111111111
2 0.441666666667 0.0513888888889 0.0822916666667 0.0953703703704
2 0.446875 0.353240740741 0.0677083333333 0.150925925926
2 0.506770833333 0.343981481481 0.0625 0.173148148148
2 0.578645833333 0.352314814815 0.075 0.141666666667
2 0.666145833333 0.350462962963 0.0875 0.126851851852
2 0.74375 0.363425925926 0.0802083333333 0.115740740741
2 0.755729166667 0.265277777778 0.0895833333333 0.0898148148148
2 0.8328125 0.259722222222 0.0770833333333 0.0898148148148
2 0.819270833333 0.358796296296 0.102083333333 0.0953703703704
2 0.9140625 0.339814814815 0.104166666667 0.111111111111
2 0.90546875 0.54537037037 0.0807291666667 0.122222222222
2 0.822916666667 0.539351851852 0.078125 0.14537037037
2 0.7421875 0.544907407407 0.0770833333333 0.123148148148
2 0.666666666667 0.563425925926 0.0864583333333 0.112037037037
2 0.594270833333 0.548611111111 0.08125 0.126851851852
2 0.524479166667 0.543981481481 0.06875 0.125
2 0.456770833333 0.763425925926 0.0625 0.134259259259
2 0.520833333333 0.759722222222 0.0677083333333 0.134259259259
2 0.591666666667 0.759722222222 0.0802083333333 0.108333333333
2 0.584375 0.673611111111 0.0697916666667 0.087962962963
2 0.6703125 0.684722222222 0.0833333333333 0.0953703703704
2 0.668229166667 0.773611111111 0.0708333333333 0.102777777778
2 0.7390625 0.770833333333 0.0708333333333 0.14537037037
2 0.810416666667 0.771759259259 0.078125 0.139814814815
2 0.895833333333 0.772685185185 0.0885416666667 0.137962962963
2 0.904166666667 0.916203703704 0.084375 0.106481481481
2 0.825260416667 0.89537037037 0.0817708333333 0.0925925925926
2 0.748697916667 0.898148148148 0.0786458333333 0.0907407407407
2 0.608333333333 0.933796296296 0.0697916666667 0.130555555556
2 0.536458333333 0.950462962963 0.078125 0.0935185185185
2 0.35546875 0.34537037037 0.0421875 0.0962962962963
2 0.0458333333333 0.531481481481 0.0510416666667 0.0722222222222
2 0.0903645833333 0.693518518519 0.0546875 0.0814814814815
2 0.200260416667 0.7 0.0515625 0.0833333333333
2 0.406770833333 0.840277777778 0.04375 0.106481481481
2 0.3953125 0.96712962963 0.0583333333333 0.0638888888889
2 0.288802083333 0.96712962963 0.0692708333333 0.0638888888889
2 0.0591145833333 0.0759259259259 0.0578125 0.0759259259259
2 0.06171875 0.139814814815 0.0515625 0.0759259259259
2 0.109375 0.1375 0.05625 0.0712962962963
2 0.150520833333 0.0462962962963 0.0479166666667 0.0907407407407
2 0.1578125 0.132407407407 0.0395833333333 0.0851851851852
2 0.19375 0.0486111111111 0.04375 0.087962962963
2 0.20078125 0.132407407407 0.0380208333333 0.0851851851852
2 0.235677083333 0.0518518518519 0.0463541666667 0.0796296296296
2 0.241927083333 0.134259259259 0.0380208333333 0.0777777777778
2 0.276822916667 0.0611111111111 0.0453125 0.0759259259259
2 0.2796875 0.134722222222 0.0333333333333 0.075
2 0.31484375 0.136111111111 0.0380208333333 0.0777777777778
2 0.356510416667 0.0449074074074 0.0411458333333 0.0824074074074
2 0.355729166667 0.132407407407 0.046875 0.0981481481481
2 0.519791666667 0.0430555555556 0.0791666666667 0.0842592592593
2 0.596875 0.0532407407407 0.078125 0.0953703703704
2 0.986458333333 0.037962962963 0.0270833333333 0.0777777777778
2 0.986979166667 0.128703703704 0.0260416666667 0.0888888888889
2 0.981770833333 0.349074074074 0.0364583333333 0.0925925925926
2 0.97265625 0.552777777778 0.0546875 0.0925925925926
2 0.976041666667 0.461574074074 0.0479166666667 0.0712962962963
2 0.966666666667 0.675925925926 0.0666666666667 0.087037037037
2 0.970833333333 0.773611111111 0.0583333333333 0.0935185185185
2 0.882291666667 0.661111111111 0.0666666666667 0.0611111111111
2 0.753385416667 0.968518518519 0.0838541666667 0.0574074074074
2 0.90546875 0.984722222222 0.0859375 0.0287037037037
2 0.976041666667 0.908333333333 0.0479166666667 0.107407407407
2 0.82578125 0.970833333333 0.0692708333333 0.0564814814815
2 0.6703125 0.908796296296 0.05625 0.0638888888889
2 0.534895833333 0.861574074074 0.0677083333333 0.0490740740741
2 0.10078125 0.269907407407 0.0557291666667 0.0694444444444
2 0.103125 0.339814814815 0.0552083333333 0.0666666666667
2 0.0330729166667 0.289814814815 0.0661458333333 0.0592592592593
2 0.0359375 0.347685185185 0.065625 0.0509259259259
2 0.154947916667 0.252777777778 0.0463541666667 0.0740740740741
2 0.1640625 0.336574074074 0.0416666666667 0.0787037037037
2 0.198697916667 0.256018518519 0.0369791666667 0.0805555555556
2 0.235416666667 0.2625 0.0375 0.0861111111111
2 0.272395833333 0.265740740741 0.0395833333333 0.0851851851852
2 0.311197916667 0.266666666667 0.0390625 0.0759259259259
2 0.351041666667 0.248148148148 0.0364583333333 0.0888888888889
2 0.316927083333 0.340277777778 0.0380208333333 0.0638888888889
2 0.284375 0.342592592593 0.0395833333333 0.0666666666667
2 0.247395833333 0.339351851852 0.0447916666667 0.0675925925926
2 0.203125 0.333333333333 0.0385416666667 0.0740740740741
2 0.107552083333 0.486111111111 0.0390625 0.0574074074074
2 0.183333333333 0.453703703704 0.0447916666667 0.0796296296296
2 0.227864583333 0.449074074074 0.0411458333333 0.0648148148148
2 0.205208333333 0.529166666667 0.0447916666667 0.0712962962963
2 0.154427083333 0.528703703704 0.0494791666667 0.062962962963
2 0.10859375 0.54212962963 0.0505208333333 0.0398148148148
2 0.251822916667 0.522222222222 0.0453125 0.0574074074074
2 0.29453125 0.456018518519 0.0473958333333 0.0731481481481
2 0.296614583333 0.524074074074 0.0432291666667 0.0574074074074
2 0.34140625 0.4625 0.0453125 0.0731481481481
2 0.3421875 0.525925925926 0.0458333333333 0.0685185185185
2 0.383854166667 0.463888888889 0.0333333333333 0.0666666666667
2 0.388802083333 0.528240740741 0.0296875 0.0601851851852
2 0.125 0.618518518519 0.0395833333333 0.0518518518519
2 0.129947916667 0.668981481481 0.0328125 0.0453703703704
2 0.0138020833333 0.708796296296 0.0286458333333 0.087962962963
2 0.0234375 0.629166666667 0.034375 0.0657407407407
2 0.0869791666667 0.621296296296 0.046875 0.0574074074074
2 0.254427083333 0.642592592593 0.0484375 0.0722222222222
2 0.255989583333 0.708796296296 0.0390625 0.0675925925926
2 0.296614583333 0.643055555556 0.0463541666667 0.087962962963
2 0.297916666667 0.709722222222 0.0416666666667 0.0712962962963
2 0.35390625 0.636574074074 0.0494791666667 0.0787037037037
2 0.354427083333 0.698611111111 0.0463541666667 0.0638888888889
2 0.41171875 0.64212962963 0.0401041666667 0.10462962963
2 0.39140625 0.337962962963 0.0276041666667 0.0944444444444
2 0.585677083333 0.25787037037 0.0796875 0.0564814814815
2 0.133072916667 0.806944444444 0.0380208333333 0.0638888888889
2 0.188541666667 0.834259259259 0.0479166666667 0.0759259259259
2 0.240625 0.790277777778 0.0510416666667 0.0490740740741
2 0.240364583333 0.843981481481 0.0473958333333 0.0509259259259
2 0.2828125 0.806944444444 0.0291666666667 0.0564814814815
2 0.323697916667 0.85 0.0484375 0.0592592592593
2 0.320052083333 0.80462962963 0.0515625 0.05
2 0.365364583333 0.8 0.0380208333333 0.0481481481481
2 0.368229166667 0.848611111111 0.0395833333333 0.0546296296296
2 0.352864583333 0.950462962963 0.0328125 0.0712962962963
2 0.221354166667 0.969444444444 0.0583333333333 0.0425925925926
2 0.115885416667 0.976388888889 0.0671875 0.0453703703704
2 0.0604166666667 0.950925925926 0.0552083333333 0.0740740740741
2 0.0190104166667 0.953240740741 0.0390625 0.0916666666667
2 0.6640625 0.478240740741 0.075 0.0731481481481
2 0.4703125 0.952314814815 0.05625 0.0935185185185
2 0.787239583333 0.658333333333 0.0692708333333 0.0648148148148
2 0.901041666667 0.459259259259 0.0708333333333 0.0666666666667
