4 0.103703703704 0.246614583333 0.187037037037 0.1203125
4 0.250925925926 0.237239583333 0.172222222222 0.134895833333
4 0.412962962963 0.239322916667 0.17037037037 0.134895833333
4 0.594907407407 0.20546875 0.165740740741 0.115104166667
4 0.808796296296 0.194270833333 0.119444444444 0.096875
4 0.943055555556 0.242447916667 0.112037037037 0.143229166667
4 0.930092592593 0.403385416667 0.137962962963 0.133854166667
4 0.929166666667 0.571614583333 0.139814814815 0.130729166667
4 0.940740740741 0.7328125 0.116666666667 0.129166666667
4 0.930092592593 0.89921875 0.137962962963 0.125520833333
4 0.133796296296 0.414583333333 0.182407407407 0.122916666667
4 0.27962962963 0.40078125 0.144444444444 0.100520833333
4 0.43287037037 0.402604166667 0.147222222222 0.109375
4 0.588425925926 0.4359375 0.165740740741 0.135416666667
4 0.736111111111 0.40859375 0.159259259259 0.134895833333
4 0.0666666666667 0.575 0.135185185185 0.130208333333
4 0.283333333333 0.5984375 0.140740740741 0.123958333333
4 0.449537037037 0.604166666667 0.147222222222 0.138541666667
4 0.635185185185 0.578125 0.144444444444 0.127083333333
4 0.765277777778 0.562760416667 0.137962962963 0.119270833333
4 0.677314814815 0.719270833333 0.136111111111 0.111458333333
4 0.789814814815 0.719270833333 0.127777777778 0.11875
4 0.389814814815 0.754427083333 0.153703703704 0.141145833333
4 0.55 0.751822916667 0.17037037037 0.141145833333
4 0.0462962962963 0.78046875 0.0944444444444 0.159895833333
4 0.197685185185 0.774739583333 0.193518518519 0.159895833333
4 0.0578703703704 0.91796875 0.117592592593 0.108854166667
4 0.247222222222 0.882291666667 0.146296296296 0.0989583333333
4 0.397685185185 0.879947916667 0.162037037037 0.118229166667
4 0.607407407407 0.915104166667 0.166666666667 0.0885416666667
4 0.749537037037 0.856770833333 0.136111111111 0.105208333333
