6 0.0255208333333 0.099537037037 0.0291666666667 0.100925925926
6 0.04921875 0.0990740740741 0.0255208333333 0.101851851852
6 0.07421875 0.0967592592593 0.0328125 0.106481481481
6 0.103125 0.0958333333333 0.03125 0.10462962963
6 0.1296875 0.0944444444444 0.0302083333333 0.107407407407
6 0.156510416667 0.0967592592593 0.0296875 0.102777777778
6 0.181510416667 0.0967592592593 0.0265625 0.102777777778
6 0.20859375 0.0967592592593 0.0307291666667 0.0972222222222
6 0.2359375 0.0972222222222 0.0291666666667 0.101851851852
6 0.26328125 0.0958333333333 0.0276041666667 0.10462962963
6 0.293229166667 0.0981481481481 0.0302083333333 0.103703703704
6 0.321614583333 0.0949074074074 0.0296875 0.0990740740741
6 0.35390625 0.0324074074074 0.0359375 0.0666666666667
6 0.355729166667 0.106018518519 0.0416666666667 0.0787037037037
6 0.397395833333 0.0351851851852 0.0416666666667 0.0722222222222
6 0.397916666667 0.105092592593 0.040625 0.0805555555556
6 0.443489583333 0.0347222222222 0.0421875 0.0712962962963
6 0.44140625 0.106944444444 0.0432291666667 0.075
6 0.47890625 0.0699074074074 0.0380208333333 0.0601851851852
6 0.517708333333 0.0717592592593 0.040625 0.0638888888889
6 0.559635416667 0.0259259259259 0.0411458333333 0.0537037037037
6 0.557291666667 0.0759259259259 0.0385416666667 0.0592592592593
6 0.48046875 0.117592592593 0.0401041666667 0.0555555555556
6 0.51796875 0.117592592593 0.0411458333333 0.0481481481481
6 0.556770833333 0.11712962963 0.040625 0.0398148148148
6 0.804947916667 0.0856481481481 0.0369791666667 0.0972222222222
6 0.840104166667 0.0861111111111 0.0322916666667 0.101851851852
6 0.866927083333 0.087037037037 0.0276041666667 0.0981481481481
6 0.890625 0.087962962963 0.03125 0.0962962962963
6 0.921354166667 0.0847222222222 0.0270833333333 0.0898148148148
6 0.955729166667 0.0851851851852 0.0333333333333 0.0981481481481
6 0.984375 0.0814814814815 0.0302083333333 0.101851851852
6 0.0486979166667 0.302777777778 0.0317708333333 0.0944444444444
6 0.07421875 0.301388888889 0.0255208333333 0.0916666666667
6 0.0973958333333 0.301388888889 0.0291666666667 0.0916666666667
6 0.122916666667 0.302314814815 0.0302083333333 0.0935185185185
6 0.148958333333 0.301851851852 0.0322916666667 0.0962962962963
6 0.1765625 0.301388888889 0.0260416666667 0.0972222222222
6 0.20234375 0.299537037037 0.0255208333333 0.10462962963
6 0.230729166667 0.302777777778 0.028125 0.0944444444444
6 0.2609375 0.302314814815 0.03125 0.0935185185185
6 0.291927083333 0.303240740741 0.0255208333333 0.0916666666667
6 0.315885416667 0.299074074074 0.0286458333333 0.0962962962963
6 0.343489583333 0.299537037037 0.0307291666667 0.0935185185185
6 0.384114583333 0.229166666667 0.0359375 0.0768518518519
6 0.419010416667 0.229166666667 0.0380208333333 0.0861111111111
6 0.384895833333 0.303240740741 0.0364583333333 0.0824074074074
6 0.419010416667 0.30462962963 0.0359375 0.0833333333333
6 0.461197916667 0.225462962963 0.0411458333333 0.0935185185185
6 0.460416666667 0.306018518519 0.0395833333333 0.0768518518519
6 0.504947916667 0.272222222222 0.0380208333333 0.0592592592593
6 0.502604166667 0.323148148148 0.0458333333333 0.062962962963
6 0.55078125 0.279166666667 0.0421875 0.0675925925926
6 0.59140625 0.281944444444 0.0432291666667 0.0638888888889
6 0.549479166667 0.325462962963 0.040625 0.0490740740741
6 0.5921875 0.326388888889 0.0416666666667 0.0453703703704
6 0.92109375 0.325462962963 0.0703125 0.062037037037
6 0.803125 0.522222222222 0.028125 0.0981481481481
6 0.8296875 0.521759259259 0.028125 0.0990740740741
6 0.857291666667 0.524074074074 0.028125 0.0962962962963
6 0.895572916667 0.50462962963 0.0255208333333 0.105555555556
6 0.92265625 0.506018518519 0.0307291666667 0.0972222222222
6 0.97890625 0.475 0.0348958333333 0.105555555556
6 0.0260416666667 0.510648148148 0.0375 0.0916666666667
6 0.0166666666667 0.299537037037 0.034375 0.100925925926
6 0.0580729166667 0.410185185185 0.0598958333333 0.0518518518519
6 0.0416666666667 0.911111111111 0.0666666666667 0.062962962963
6 0.105989583333 0.91712962963 0.0588541666667 0.0546296296296
6 0.05078125 0.960648148148 0.0515625 0.0527777777778
6 0.112760416667 0.964814814815 0.0557291666667 0.0555555555556
6 0.17109375 0.919444444444 0.0609375 0.0648148148148
6 0.230208333333 0.918981481481 0.0604166666667 0.0694444444444
6 0.170572916667 0.97037037037 0.0546875 0.0462962962963
6 0.230729166667 0.971296296296 0.05625 0.0537037037037
6 0.538802083333 0.970833333333 0.0661458333333 0.0546296296296
6 0.598697916667 0.864814814815 0.0567708333333 0.05
6 0.6 0.914351851852 0.0510416666667 0.0546296296296
6 0.68515625 0.976388888889 0.0640625 0.0453703703704
6 0.744270833333 0.981944444444 0.06875 0.0342592592593
6 0.8015625 0.938425925926 0.0697916666667 0.0657407407407
6 0.8734375 0.944907407407 0.0697916666667 0.0638888888889
6 0.949479166667 0.964351851852 0.075 0.062037037037
6 0.0606770833333 0.514814814815 0.0296875 0.0962962962963
6 0.0854166666667 0.515277777778 0.0270833333333 0.0935185185185
6 0.111197916667 0.515740740741 0.0276041666667 0.0888888888889
6 0.134895833333 0.515740740741 0.028125 0.0925925925926
6 0.161979166667 0.518518518519 0.0291666666667 0.0907407407407
6 0.18828125 0.514814814815 0.0265625 0.0907407407407
6 0.216145833333 0.51712962963 0.0270833333333 0.0898148148148
6 0.243229166667 0.519907407407 0.028125 0.0861111111111
6 0.269010416667 0.517592592593 0.0286458333333 0.0962962962963
6 0.297135416667 0.52037037037 0.0286458333333 0.0907407407407
6 0.321875 0.516666666667 0.0239583333333 0.0944444444444
6 0.345833333333 0.517592592593 0.0291666666667 0.0962962962963
6 0.46171875 0.528703703704 0.0411458333333 0.0759259259259
6 0.460677083333 0.443981481481 0.0421875 0.0953703703704
6 0.48984375 0.487037037037 0.0244791666667 0.146296296296
6 0.511979166667 0.483796296296 0.0260416666667 0.139814814815
6 0.538020833333 0.491203703704 0.028125 0.141666666667
6 0.5703125 0.49212962963 0.0291666666667 0.143518518519
6 0.0130208333333 0.71712962963 0.0270833333333 0.0935185185185
6 0.0375 0.716666666667 0.0260416666667 0.0907407407407
6 0.0627604166667 0.719907407407 0.0276041666667 0.0990740740741
6 0.0854166666667 0.72037037037 0.025 0.0925925925926
6 0.109895833333 0.723611111111 0.028125 0.0916666666667
6 0.134114583333 0.719907407407 0.0276041666667 0.0935185185185
6 0.160416666667 0.721759259259 0.0291666666667 0.0953703703704
6 0.184114583333 0.720833333333 0.0255208333333 0.0972222222222
6 0.20625 0.697222222222 0.0270833333333 0.148148148148
6 0.229947916667 0.700925925926 0.0265625 0.140740740741
6 0.255989583333 0.700925925926 0.0276041666667 0.138888888889
6 0.279166666667 0.701851851852 0.0260416666667 0.144444444444
6 0.3046875 0.700462962963 0.0270833333333 0.141666666667
6 0.32890625 0.699537037037 0.0286458333333 0.152777777778
6 0.354166666667 0.698611111111 0.0260416666667 0.143518518519
6 0.3890625 0.725925925926 0.0395833333333 0.0814814814815
6 0.4234375 0.734259259259 0.0375 0.0888888888889
6 0.465104166667 0.652314814815 0.0489583333333 0.087962962963
6 0.463020833333 0.727777777778 0.0375 0.0833333333333
6 0.497916666667 0.709259259259 0.0270833333333 0.146296296296
6 0.52421875 0.70787037037 0.0286458333333 0.137962962963
6 0.551822916667 0.706481481481 0.0276041666667 0.140740740741
6 0.578645833333 0.707407407407 0.0270833333333 0.138888888889
6 0.615364583333 0.671296296296 0.0526041666667 0.0574074074074
6 0.673958333333 0.675925925926 0.05625 0.0518518518519
6 0.727604166667 0.676388888889 0.0520833333333 0.0564814814815
6 0.783072916667 0.676851851852 0.0515625 0.0574074074074
6 0.620572916667 0.722222222222 0.0484375 0.05
6 0.6234375 0.756481481481 0.046875 0.0462962962963
6 0.675520833333 0.717592592593 0.0489583333333 0.0444444444444
6 0.67890625 0.757407407407 0.0432291666667 0.0537037037037
6 0.73125 0.726388888889 0.0479166666667 0.0509259259259
6 0.733072916667 0.764814814815 0.0473958333333 0.0388888888889
6 0.78828125 0.72037037037 0.0546875 0.0481481481481
6 0.786458333333 0.761111111111 0.0479166666667 0.05
6 0.83359375 0.713425925926 0.0338541666667 0.149074074074
6 0.864322916667 0.716203703704 0.0307291666667 0.143518518519
6 0.897135416667 0.715277777778 0.0296875 0.150925925926
6 0.9265625 0.716666666667 0.03125 0.142592592593
6 0.957552083333 0.715277777778 0.0286458333333 0.147222222222
6 0.98515625 0.715740740741 0.0276041666667 0.15
