1 0.1 0.569791666667 0.146296296296 0.134375
1 0.851851851852 0.754166666667 0.131481481481 0.169791666667
1 0.748611111111 0.743229166667 0.110185185185 0.147916666667
1 0.667592592593 0.730729166667 0.101851851852 0.1375
1 0.566666666667 0.731510416667 0.109259259259 0.128645833333
1 0.388425925926 0.734895833333 0.115740740741 0.139583333333
1 0.266203703704 0.7625 0.139814814815 0.163541666667
1 0.143518518519 0.7609375 0.133333333333 0.160416666667
1 0.126388888889 0.946354166667 0.143518518519 0.10625
1 0.954166666667 0.933072916667 0.0898148148148 0.1328125
1 0.025 0.92421875 0.0518518518519 0.119270833333
1 0.209259259259 0.936197916667 0.127777777778 0.1265625
1 0.406018518519 0.941666666667 0.0972222222222 0.0708333333333
1 0.344907407407 0.90703125 0.0990740740741 0.0828125
1 0.485648148148 0.95234375 0.0972222222222 0.0661458333333
1 0.562037037037 0.959114583333 0.101851851852 0.0661458333333
1 0.652314814815 0.954427083333 0.0805555555556 0.0682291666667
1 0.727777777778 0.9625 0.0907407407407 0.0729166666667
1 0.822222222222 0.9609375 0.103703703704 0.071875
1 0.0537037037037 0.747916666667 0.101851851852 0.136458333333
1 0.476851851852 0.725 0.0777777777778 0.104166666667
1 0.0310185185185 0.5796875 0.0638888888889 0.146875
1 0.339814814815 0.555729166667 0.0851851851852 0.139583333333
1 0.419907407407 0.56796875 0.0842592592593 0.149479166667
1 0.485185185185 0.551822916667 0.0703703703704 0.140104166667
1 0.55 0.56484375 0.0888888888889 0.150520833333
1 0.625 0.5671875 0.087037037037 0.14375
1 0.704166666667 0.566666666667 0.0842592592593 0.135416666667
1 0.787037037037 0.565625 0.087037037037 0.13125
1 0.868518518519 0.561458333333 0.105555555556 0.14375
1 0.945833333333 0.5453125 0.0861111111111 0.134375
1 0.236111111111 0.565625 0.148148148148 0.154166666667
1 0.0351851851852 0.0979166666667 0.0722222222222 0.105208333333
1 0.116666666667 0.090625 0.107407407407 0.111458333333
1 0.1875 0.0846354166667 0.0805555555556 0.108854166667
1 0.243981481481 0.0864583333333 0.0787037037037 0.103125
1 0.306944444444 0.0856770833333 0.0768518518519 0.108854166667
1 0.360185185185 0.0807291666667 0.0685185185185 0.123958333333
1 0.418981481481 0.0822916666667 0.0787037037037 0.120833333333
1 0.473611111111 0.0807291666667 0.0842592592593 0.114583333333
1 0.539351851852 0.0760416666667 0.0935185185185 0.119791666667
1 0.73287037037 0.08046875 0.0805555555556 0.0963541666667
1 0.79537037037 0.0765625 0.0740740740741 0.0979166666667
1 0.844907407407 0.0765625 0.0787037037037 0.0979166666667
1 0.901388888889 0.071875 0.0638888888889 0.1
1 0.960185185185 0.0682291666667 0.0777777777778 0.114583333333
1 0.0282407407407 0.3203125 0.0583333333333 0.160416666667
1 0.104166666667 0.31796875 0.0953703703704 0.158854166667
1 0.202314814815 0.319010416667 0.134259259259 0.158854166667
1 0.323148148148 0.31328125 0.109259259259 0.166145833333
1 0.414351851852 0.312239583333 0.117592592593 0.1609375
1 0.49537037037 0.30859375 0.087037037037 0.1609375
1 0.564351851852 0.3078125 0.0972222222222 0.164583333333
1 0.652777777778 0.30703125 0.0851851851852 0.152604166667
1 0.733796296296 0.304166666667 0.0916666666667 0.154166666667
1 0.818055555556 0.307552083333 0.0990740740741 0.156770833333
1 0.902777777778 0.3078125 0.103703703704 0.164583333333
