1 0.0310185185185 0.2015625 0.0638888888889 0.0927083333333
1 0.0796296296296 0.202083333333 0.0666666666667 0.0916666666667
1 0.164814814815 0.195833333333 0.0759259259259 0.096875
1 0.224537037037 0.19453125 0.0805555555556 0.0953125
1 0.291203703704 0.195572916667 0.0787037037037 0.0973958333333
1 0.357407407407 0.192708333333 0.0666666666667 0.103125
1 0.411111111111 0.192447916667 0.0703703703704 0.0953125
1 0.456018518519 0.19765625 0.0490740740741 0.0869791666667
1 0.500462962963 0.196354166667 0.0638888888889 0.0895833333333
1 0.559722222222 0.1953125 0.0601851851852 0.0895833333333
1 0.609259259259 0.194010416667 0.0555555555556 0.0869791666667
1 0.656018518519 0.189322916667 0.062037037037 0.0963541666667
1 0.712037037037 0.188802083333 0.0685185185185 0.0973958333333
1 0.776388888889 0.18828125 0.0601851851852 0.0984375
1 0.824537037037 0.190104166667 0.0453703703704 0.090625
1 0.864351851852 0.190625 0.0564814814815 0.0916666666667
1 0.965277777778 0.184114583333 0.0675925925926 0.0880208333333
1 0.0560185185185 0.555729166667 0.0842592592593 0.125
1 0.123611111111 0.55 0.0638888888889 0.125
1 0.208333333333 0.537760416667 0.0592592592593 0.100520833333
1 0.251388888889 0.54140625 0.0601851851852 0.105729166667
1 0.302777777778 0.54921875 0.0851851851852 0.128645833333
1 0.406481481481 0.558072916667 0.0666666666667 0.1390625
1 0.471759259259 0.560416666667 0.0712962962963 0.14375
1 0.55787037037 0.555729166667 0.0675925925926 0.139583333333
1 0.609259259259 0.550520833333 0.0685185185185 0.135416666667
1 0.662962962963 0.553385416667 0.0888888888889 0.134895833333
1 0.73287037037 0.552864583333 0.0768518518519 0.140104166667
1 0.798148148148 0.55625 0.0740740740741 0.135416666667
1 0.0685185185185 0.726041666667 0.0722222222222 0.122916666667
1 0.1125 0.724739583333 0.0583333333333 0.118229166667
1 0.158333333333 0.737760416667 0.0740740740741 0.1203125
1 0.224537037037 0.734114583333 0.0842592592593 0.1296875
1 0.298611111111 0.729947916667 0.0805555555556 0.1265625
1 0.366666666667 0.728125 0.0722222222222 0.120833333333
1 0.425 0.7328125 0.0666666666667 0.127083333333
1 0.479166666667 0.73125 0.0657407407407 0.121875
1 0.543518518519 0.73125 0.0851851851852 0.133333333333
1 0.628240740741 0.734114583333 0.0842592592593 0.133854166667
1 0.6875 0.725260416667 0.0768518518519 0.130729166667
1 0.765740740741 0.730989583333 0.0888888888889 0.1359375
1 0.847222222222 0.7296875 0.087037037037 0.133333333333
1 0.0300925925926 0.903645833333 0.062037037037 0.13125
1 0.0949074074074 0.899479166667 0.0972222222222 0.136458333333
1 0.181018518519 0.898177083333 0.117592592593 0.1390625
1 0.264814814815 0.8625 0.087037037037 0.071875
1 0.375925925926 0.88046875 0.087037037037 0.102604166667
1 0.437037037037 0.863020833333 0.0722222222222 0.0729166666667
1 0.494444444444 0.8625 0.0722222222222 0.0697916666667
1 0.56712962963 0.870052083333 0.0953703703704 0.0869791666667
1 0.639351851852 0.871875 0.0824074074074 0.0947916666667
1 0.705092592593 0.89375 0.0990740740741 0.134375
1 0.937962962963 0.870052083333 0.0944444444444 0.0963541666667
