6 0.025 0.143055555556 0.03125 0.115740740741
6 0.0505208333333 0.141666666667 0.0322916666667 0.112962962963
6 0.0859375 0.125462962963 0.0322916666667 0.0694444444444
6 0.112760416667 0.125 0.0421875 0.062962962963
6 0.154427083333 0.125462962963 0.0442708333333 0.0694444444444
6 0.0890625 0.177777777778 0.0322916666667 0.0481481481481
6 0.122135416667 0.173148148148 0.0390625 0.0462962962963
6 0.15625 0.172685185185 0.040625 0.0453703703704
6 0.2 0.149074074074 0.0427083333333 0.0648148148148
6 0.241927083333 0.0898148148148 0.0453125 0.0814814814815
6 0.2765625 0.0893518518519 0.0375 0.0805555555556
6 0.3140625 0.0861111111111 0.0416666666667 0.0814814814815
6 0.3546875 0.0847222222222 0.040625 0.0694444444444
6 0.24140625 0.151851851852 0.0411458333333 0.0518518518519
6 0.27734375 0.151388888889 0.0390625 0.0564814814815
6 0.3140625 0.15 0.0447916666667 0.0611111111111
6 0.353645833333 0.149537037037 0.04375 0.062037037037
6 0.68125 0.0777777777778 0.04375 0.0740740740741
6 0.723958333333 0.0796296296296 0.0447916666667 0.0666666666667
6 0.682291666667 0.138425925926 0.0416666666667 0.0546296296296
6 0.722916666667 0.136111111111 0.04375 0.0537037037037
6 0.68515625 0.276851851852 0.0401041666667 0.0666666666667
6 0.658333333333 0.272222222222 0.034375 0.0611111111111
6 0.720833333333 0.273148148148 0.0427083333333 0.0685185185185
6 0.678125 0.335185185185 0.0395833333333 0.062962962963
6 0.718229166667 0.334722222222 0.04375 0.0601851851852
6 0.652864583333 0.331944444444 0.0276041666667 0.0601851851852
6 0.4578125 0.453703703704 0.04375 0.0759259259259
6 0.41953125 0.453240740741 0.0401041666667 0.0842592592593
6 0.457291666667 0.525462962963 0.0385416666667 0.075
6 0.422135416667 0.526388888889 0.0390625 0.0731481481481
6 0.0138020833333 0.506944444444 0.0286458333333 0.10462962963
6 0.0354166666667 0.505555555556 0.0270833333333 0.103703703704
6 0.05859375 0.50462962963 0.0328125 0.1
6 0.0924479166667 0.498611111111 0.0255208333333 0.112037037037
1 0.0174479166667 0.685185185185 0.0359375 0.111111111111
1 0.0463541666667 0.664814814815 0.0385416666667 0.138888888889
1 0.075 0.662037037037 0.0375 0.135185185185
1 0.10078125 0.659722222222 0.0328125 0.126851851852
1 0.75390625 0.301851851852 0.0286458333333 0.125925925926
1 0.782552083333 0.3 0.0317708333333 0.12962962963
1 0.813020833333 0.299074074074 0.03125 0.131481481481
1 0.839322916667 0.3 0.0307291666667 0.133333333333
1 0.873177083333 0.299074074074 0.0317708333333 0.131481481481
1 0.904947916667 0.298611111111 0.0369791666667 0.132407407407
1 0.756770833333 0.112962962963 0.0239583333333 0.111111111111
1 0.779947916667 0.112037037037 0.0265625 0.107407407407
1 0.805208333333 0.109722222222 0.0239583333333 0.108333333333
1 0.830208333333 0.109722222222 0.0239583333333 0.108333333333
1 0.867447916667 0.109259259259 0.0286458333333 0.101851851852
1 0.8890625 0.110648148148 0.025 0.106481481481
1 0.911458333333 0.106944444444 0.0270833333333 0.110185185185
1 0.928125 0.103240740741 0.0197916666667 0.106481481481
1 0.3875 0.123611111111 0.021875 0.108333333333
1 0.409635416667 0.123611111111 0.0244791666667 0.102777777778
1 0.429166666667 0.124537037037 0.0229166666667 0.10462962963
1 0.450520833333 0.120833333333 0.028125 0.0972222222222
1 0.3890625 0.30787037037 0.021875 0.108333333333
1 0.41015625 0.30462962963 0.0255208333333 0.103703703704
1 0.431770833333 0.303703703704 0.0208333333333 0.101851851852
1 0.449479166667 0.306481481481 0.0239583333333 0.1
1 0.471354166667 0.30787037037 0.0239583333333 0.102777777778
1 0.267708333333 0.268981481481 0.04375 0.0731481481481
1 0.3078125 0.275 0.0375 0.0666666666667
1 0.347135416667 0.280555555556 0.0421875 0.0777777777778
1 0.269791666667 0.328240740741 0.04375 0.0564814814815
1 0.3125 0.329166666667 0.0385416666667 0.0638888888889
1 0.350260416667 0.334259259259 0.0421875 0.0481481481481
1 0.661458333333 0.711111111111 0.0302083333333 0.116666666667
1 0.688541666667 0.70787037037 0.0322916666667 0.113888888889
1 0.71328125 0.70787037037 0.0276041666667 0.113888888889
1 0.813020833333 0.689351851852 0.034375 0.162037037037
1 0.908854166667 0.694907407407 0.0395833333333 0.167592592593
1 0.95078125 0.698611111111 0.0421875 0.167592592593
6 0.985416666667 0.699074074074 0.028125 0.172222222222
6 0.743229166667 0.727777777778 0.03125 0.0777777777778
6 0.776041666667 0.728703703704 0.0354166666667 0.0833333333333
6 0.408854166667 0.655092592593 0.0395833333333 0.0842592592593
6 0.446354166667 0.652314814815 0.0364583333333 0.0861111111111
6 0.48203125 0.653703703704 0.0359375 0.0833333333333
6 0.412760416667 0.726851851852 0.0369791666667 0.0685185185185
6 0.4484375 0.725462962963 0.034375 0.0675925925926
6 0.484635416667 0.725462962963 0.0380208333333 0.0731481481481
6 0.0283854166667 0.302777777778 0.0276041666667 0.0981481481481
6 0.0502604166667 0.315740740741 0.0255208333333 0.111111111111
6 0.0721354166667 0.314351851852 0.0255208333333 0.113888888889
6 0.756510416667 0.5 0.0265625 0.137037037037
6 0.784375 0.499537037037 0.028125 0.139814814815
6 0.222135416667 0.883796296296 0.0557291666667 0.0564814814815
6 0.226822916667 0.931944444444 0.0557291666667 0.0490740740741
6 0.275 0.856018518519 0.0510416666667 0.0546296296296
6 0.276302083333 0.900925925926 0.0515625 0.0407407407407
6 0.277083333333 0.456018518519 0.0395833333333 0.0490740740741
6 0.20078125 0.487037037037 0.0421875 0.0574074074074
6 0.23828125 0.494444444444 0.0432291666667 0.0555555555556
6 0.202083333333 0.528703703704 0.0458333333333 0.0407407407407
6 0.2359375 0.531944444444 0.040625 0.0342592592593
6 0.276302083333 0.496759259259 0.0369791666667 0.037962962963
6 0.273697916667 0.533333333333 0.0359375 0.0481481481481
6 0.313020833333 0.47037037037 0.0364583333333 0.0555555555556
6 0.348177083333 0.474537037037 0.0348958333333 0.0601851851852
6 0.386197916667 0.478703703704 0.0338541666667 0.0611111111111
6 0.3890625 0.532407407407 0.0416666666667 0.0537037037037
6 0.351822916667 0.528240740741 0.0390625 0.0583333333333
6 0.317447916667 0.525 0.0390625 0.0648148148148
6 0.305989583333 0.666666666667 0.0421875 0.0722222222222
6 0.348697916667 0.659722222222 0.0338541666667 0.0805555555556
6 0.378125 0.674537037037 0.040625 0.0787037037037
6 0.380208333333 0.730555555556 0.0427083333333 0.0555555555556
6 0.310677083333 0.730555555556 0.0421875 0.0574074074074
6 0.351041666667 0.726851851852 0.0354166666667 0.0592592592593
6 0.963541666667 0.9625 0.0572916666667 0.0601851851852
6 0.20546875 0.646296296296 0.0421875 0.0574074074074
6 0.244791666667 0.652777777778 0.0375 0.05
6 0.28046875 0.654166666667 0.0296875 0.0564814814815
6 0.2125 0.712962962963 0.0427083333333 0.0722222222222
6 0.244791666667 0.711111111111 0.0364583333333 0.0777777777778
1 0.27734375 0.719444444444 0.0317708333333 0.0722222222222
1 0.8203125 0.507407407407 0.0354166666667 0.12962962963
1 0.850260416667 0.507407407407 0.0307291666667 0.127777777778
1 0.882552083333 0.509722222222 0.0328125 0.128703703704
1 0.915364583333 0.511111111111 0.0328125 0.125925925926
1 0.94296875 0.508796296296 0.0286458333333 0.132407407407
1 0.975260416667 0.511574074074 0.0338541666667 0.126851851852
