1 0.227314814815 0.0872395833333 0.15462962963 0.125520833333
1 0.361111111111 0.07890625 0.105555555556 0.124479166667
1 0.567592592593 0.0731770833333 0.148148148148 0.128645833333
1 0.787962962963 0.0744791666667 0.137037037037 0.110416666667
1 0.916203703704 0.0700520833333 0.100925925926 0.109895833333
1 0.95462962963 0.300520833333 0.0888888888889 0.14375
1 0.826851851852 0.305729166667 0.107407407407 0.130208333333
1 0.641666666667 0.310416666667 0.155555555556 0.148958333333
1 0.460185185185 0.32109375 0.12962962963 0.140104166667
1 0.340740740741 0.318489583333 0.131481481481 0.138020833333
1 0.241666666667 0.318489583333 0.114814814815 0.146354166667
1 0.0458333333333 0.328385416667 0.0935185185185 0.156770833333
1 0.0800925925926 0.5484375 0.162037037037 0.179166666667
1 0.186111111111 0.5484375 0.125925925926 0.192708333333
1 0.306481481481 0.54140625 0.107407407407 0.175520833333
1 0.442592592593 0.54296875 0.131481481481 0.140104166667
1 0.542592592593 0.54140625 0.111111111111 0.134895833333
1 0.534259259259 0.927864583333 0.12962962963 0.1421875
1 0.821759259259 0.93125 0.158333333333 0.136458333333
1 0.452314814815 0.0841145833333 0.102777777778 0.128645833333
1 0.976851851852 0.06796875 0.0444444444444 0.105729166667
1 0.102314814815 0.0955729166667 0.132407407407 0.109895833333
1 0.0342592592593 0.0973958333333 0.0703703703704 0.115625
1 0.127777777778 0.3265625 0.15 0.132291666667
1 0.531481481481 0.317447916667 0.0962962962963 0.1296875
1 0.720833333333 0.881510416667 0.0972222222222 0.0776041666667
1 0.611574074074 0.903125 0.117592592593 0.102083333333
1 0.649537037037 0.448177083333 0.152777777778 0.0578125
1 0.780092592593 0.448697916667 0.121296296296 0.0588541666667
1 0.658796296296 0.542447916667 0.134259259259 0.1359375
1 0.785185185185 0.554166666667 0.127777777778 0.154166666667
1 0.902777777778 0.536197916667 0.127777777778 0.150520833333
1 0.0300925925926 0.7578125 0.062037037037 0.142708333333
1 0.0814814814815 0.75078125 0.131481481481 0.138020833333
1 0.178240740741 0.755989583333 0.132407407407 0.141145833333
1 0.257407407407 0.732291666667 0.109259259259 0.123958333333
1 0.401851851852 0.71484375 0.0962962962963 0.100520833333
1 0.456481481481 0.744010416667 0.0944444444444 0.140104166667
1 0.536111111111 0.750260416667 0.124074074074 0.1390625
1 0.641666666667 0.7421875 0.131481481481 0.1625
1 0.765740740741 0.71953125 0.125925925926 0.1328125
1 0.883333333333 0.734895833333 0.133333333333 0.15625
1 0.971296296296 0.7375 0.0555555555556 0.153125
1 0.121759259259 0.9390625 0.137962962963 0.120833333333
1 0.240277777778 0.944791666667 0.139814814815 0.109375
