1 0.118981481481 0.0369791666667 0.0990740740741 0.075
1 0.211574074074 0.0416666666667 0.0990740740741 0.084375
1 0.2875 0.0427083333333 0.075 0.0864583333333
1 0.0384259259259 0.0393229166667 0.0787037037037 0.0796875
1 0.371759259259 0.0432291666667 0.0824074074074 0.0875
1 0.431481481481 0.04375 0.0833333333333 0.0885416666667
1 0.488888888889 0.046875 0.0740740740741 0.0947916666667
1 0.553703703704 0.05078125 0.0851851851852 0.102604166667
1 0.638888888889 0.0536458333333 0.0907407407407 0.108333333333
1 0.710185185185 0.0526041666667 0.0759259259259 0.10625
1 0.763888888889 0.0549479166667 0.0685185185185 0.1109375
1 0.828703703704 0.05546875 0.103703703704 0.111979166667
1 0.896296296296 0.0565104166667 0.0703703703704 0.1140625
1 0.946759259259 0.05625 0.0768518518519 0.1125
1 0.0555555555556 0.222916666667 0.109259259259 0.182291666667
1 0.133796296296 0.226302083333 0.0972222222222 0.181770833333
1 0.206018518519 0.227604166667 0.0972222222222 0.177083333333
1 0.274074074074 0.227604166667 0.0925925925926 0.170833333333
1 0.333796296296 0.222395833333 0.0805555555556 0.178125
1 0.394444444444 0.224479166667 0.087037037037 0.177083333333
1 0.462037037037 0.22421875 0.0666666666667 0.168229166667
1 0.526388888889 0.221875 0.0657407407407 0.177083333333
1 0.587037037037 0.226041666667 0.0796296296296 0.164583333333
1 0.653703703704 0.223697916667 0.0777777777778 0.1640625
1 0.705092592593 0.225520833333 0.0583333333333 0.154166666667
1 0.760648148148 0.223697916667 0.075 0.1578125
1 0.838888888889 0.2234375 0.0703703703704 0.145833333333
1 0.897222222222 0.221875 0.0555555555556 0.140625
1 0.936574074074 0.22265625 0.0601851851852 0.150520833333
1 0.974537037037 0.2265625 0.0490740740741 0.1375
1 0.0282407407407 0.44921875 0.0583333333333 0.169270833333
1 0.1125 0.444791666667 0.0916666666667 0.155208333333
1 0.190740740741 0.435416666667 0.0907407407407 0.157291666667
1 0.261111111111 0.44140625 0.0907407407407 0.161979166667
1 0.328703703704 0.426041666667 0.0740740740741 0.151041666667
1 0.393518518519 0.423958333333 0.0759259259259 0.145833333333
1 0.447685185185 0.4203125 0.075 0.141666666667
1 0.518055555556 0.412760416667 0.0787037037037 0.149479166667
1 0.578240740741 0.412239583333 0.0638888888889 0.141145833333
1 0.637037037037 0.41015625 0.0537037037037 0.1390625
1 0.684259259259 0.40234375 0.0537037037037 0.1359375
1 0.741203703704 0.401822916667 0.0564814814815 0.1390625
1 0.788425925926 0.390885416667 0.0435185185185 0.130729166667
1 0.827777777778 0.39140625 0.0555555555556 0.1296875
1 0.878703703704 0.390885416667 0.0481481481481 0.1265625
1 0.909259259259 0.3859375 0.0537037037037 0.125
1 0.95 0.380208333333 0.05 0.123958333333
1 0.97962962963 0.385416666667 0.0388888888889 0.122916666667
1 0.0217592592593 0.643229166667 0.0453703703704 0.152083333333
1 0.0643518518519 0.634375 0.0768518518519 0.14375
1 0.13287037037 0.623958333333 0.0824074074074 0.134375
1 0.199074074074 0.6140625 0.0703703703704 0.135416666667
1 0.261574074074 0.607291666667 0.0675925925926 0.133333333333
1 0.315277777778 0.601041666667 0.0712962962963 0.136458333333
1 0.372685185185 0.588020833333 0.0564814814815 0.132291666667
1 0.424074074074 0.58515625 0.0648148148148 0.119270833333
1 0.48287037037 0.577864583333 0.062037037037 0.127604166667
1 0.533333333333 0.575520833333 0.0518518518519 0.122916666667
1 0.577314814815 0.566666666667 0.0657407407407 0.121875
1 0.634722222222 0.561458333333 0.062037037037 0.111458333333
1 0.676388888889 0.556510416667 0.0657407407407 0.1171875
1 0.736111111111 0.536979166667 0.0537037037037 0.09375
1 0.776388888889 0.528125 0.0472222222222 0.090625
1 0.809722222222 0.519791666667 0.0583333333333 0.0927083333333
1 0.853240740741 0.5203125 0.0546296296296 0.103125
1 0.884722222222 0.520833333333 0.0601851851852 0.111458333333
1 0.935648148148 0.516927083333 0.0657407407407 0.105729166667
1 0.978703703704 0.514583333333 0.0407407407407 0.119791666667
1 0.025 0.791927083333 0.0518518518519 0.0973958333333
1 0.0662037037037 0.777604166667 0.0638888888889 0.0916666666667
1 0.130092592593 0.777864583333 0.0805555555556 0.0973958333333
1 0.199074074074 0.76171875 0.0703703703704 0.0953125
1 0.246296296296 0.751302083333 0.0703703703704 0.0994791666667
1 0.301388888889 0.74375 0.062037037037 0.09375
1 0.349074074074 0.735677083333 0.0574074074074 0.0984375
1 0.401851851852 0.725260416667 0.0722222222222 0.0963541666667
1 0.472685185185 0.7171875 0.0657407407407 0.105208333333
1 0.518518518519 0.708333333333 0.0518518518519 0.102083333333
1 0.568518518519 0.69765625 0.0518518518519 0.1078125
1 0.607407407407 0.685416666667 0.0388888888889 0.1
1 0.64537037037 0.68125 0.0537037037037 0.0916666666667
1 0.688888888889 0.676302083333 0.0537037037037 0.0973958333333
1 0.746296296296 0.670833333333 0.0574074074074 0.101041666667
1 0.795833333333 0.662239583333 0.0527777777778 0.0994791666667
1 0.836574074074 0.654166666667 0.0453703703704 0.0885416666667
1 0.87037037037 0.644270833333 0.0518518518519 0.0916666666667
1 0.906481481481 0.63984375 0.05 0.0963541666667
1 0.952314814815 0.6375 0.0416666666667 0.084375
1 0.982407407407 0.633333333333 0.0333333333333 0.1
