5 0.0574074074074 0.134895833333 0.0685185185185 0.128125
5 0.146296296296 0.12421875 0.0851851851852 0.149479166667
5 0.219444444444 0.119791666667 0.0962962962963 0.147916666667
5 0.29537037037 0.12109375 0.0833333333333 0.150520833333
5 0.371759259259 0.121614583333 0.087962962963 0.144270833333
5 0.442592592593 0.118229166667 0.0888888888889 0.148958333333
5 0.517592592593 0.116927083333 0.0796296296296 0.149479166667
5 0.075462962963 0.337760416667 0.112037037037 0.152604166667
5 0.224537037037 0.345052083333 0.0935185185185 0.124479166667
5 0.335648148148 0.329947916667 0.087962962963 0.1515625
5 0.406481481481 0.327604166667 0.0907407407407 0.163541666667
5 0.506944444444 0.325260416667 0.0842592592593 0.1515625
5 0.0481481481481 0.5328125 0.0962962962963 0.145833333333
5 0.123148148148 0.534114583333 0.0944444444444 0.1171875
5 0.204166666667 0.540104166667 0.10462962963 0.127083333333
5 0.312962962963 0.520572916667 0.0814814814815 0.1421875
5 0.415277777778 0.527864583333 0.0935185185185 0.153645833333
5 0.504166666667 0.522395833333 0.0972222222222 0.15
5 0.0578703703704 0.695052083333 0.117592592593 0.100520833333
5 0.179166666667 0.707552083333 0.15462962963 0.118229166667
5 0.293055555556 0.739583333333 0.180555555556 0.1875
5 0.43287037037 0.753125 0.117592592593 0.153125
5 0.521759259259 0.720052083333 0.0842592592593 0.133854166667
5 0.627777777778 0.699479166667 0.112962962963 0.114583333333
5 0.684722222222 0.739322916667 0.113888888889 0.149479166667
5 0.798148148148 0.723958333333 0.111111111111 0.180208333333
1 0.914814814815 0.712760416667 0.118518518519 0.1671875
1 0.7875 0.31875 0.0694444444444 0.169791666667
1 0.8625 0.320572916667 0.087962962963 0.1734375
1 0.94537037037 0.317447916667 0.0907407407407 0.169270833333
1 0.881018518519 0.520052083333 0.0935185185185 0.152604166667
5 0.953703703704 0.512239583333 0.0740740740741 0.146354166667
