4 0.140740740741 0.142447916667 0.151851851852 0.1078125
4 0.289814814815 0.150260416667 0.140740740741 0.0921875
4 0.401388888889 0.153125 0.0712962962963 0.09375
4 0.508333333333 0.14921875 0.140740740741 0.108854166667
4 0.652314814815 0.15390625 0.152777777778 0.103645833333
4 0.821296296296 0.1546875 0.161111111111 0.114583333333
4 0.943981481481 0.16875 0.0990740740741 0.09375
4 0.143981481481 0.298958333333 0.123148148148 0.113541666667
4 0.265740740741 0.29609375 0.125925925926 0.124479166667
4 0.398148148148 0.30390625 0.127777777778 0.116145833333
4 0.487037037037 0.318229166667 0.0888888888889 0.0822916666667
4 0.640740740741 0.322395833333 0.162962962963 0.08125
4 0.75462962963 0.326302083333 0.0833333333333 0.0661458333333
4 0.861574074074 0.325260416667 0.115740740741 0.0776041666667
4 0.955555555556 0.339583333333 0.087037037037 0.075
4 0.140740740741 0.486458333333 0.155555555556 0.0625
4 0.296296296296 0.479427083333 0.166666666667 0.0765625
4 0.515277777778 0.462760416667 0.236111111111 0.119270833333
4 0.717592592593 0.466145833333 0.140740740741 0.129166666667
4 0.862962962963 0.473958333333 0.155555555556 0.122916666667
4 0.962962962963 0.4671875 0.0722222222222 0.113541666667
4 0.0685185185185 0.615104166667 0.138888888889 0.08125
4 0.269907407407 0.629427083333 0.143518518519 0.0598958333333
4 0.694444444444 0.6140625 0.174074074074 0.121875
4 0.958796296296 0.612760416667 0.0805555555556 0.0953125
4 0.853240740741 0.61953125 0.169444444444 0.0942708333333
4 0.050462962963 0.703125 0.102777777778 0.0364583333333
4 0.0560185185185 0.73828125 0.113888888889 0.0442708333333
4 0.0527777777778 0.777604166667 0.107407407407 0.0520833333333
4 0.201388888889 0.747135416667 0.165740740741 0.119270833333
4 0.317592592593 0.7515625 0.107407407407 0.120833333333
4 0.431944444444 0.753645833333 0.14537037037 0.120833333333
4 0.590740740741 0.757552083333 0.183333333333 0.116145833333
4 0.700925925926 0.761197916667 0.105555555556 0.108854166667
4 0.803703703704 0.76015625 0.125925925926 0.1078125
4 0.925462962963 0.7640625 0.136111111111 0.1125
4 0.0592592592593 0.90703125 0.12037037037 0.152604166667
4 0.155555555556 0.953645833333 0.0962962962963 0.0802083333333
4 0.239351851852 0.9578125 0.0935185185185 0.071875
4 0.335185185185 0.92890625 0.0851851851852 0.0869791666667
4 0.484722222222 0.865625 0.221296296296 0.05625
4 0.733333333333 0.889583333333 0.248148148148 0.104166666667
4 0.922685185185 0.950260416667 0.152777777778 0.0942708333333
4 0.490277777778 0.944791666667 0.210185185185 0.0979166666667
4 0.735648148148 0.9671875 0.226851851852 0.0635416666667
