1 0.0300925925926 0.12890625 0.062037037037 0.152604166667
1 0.0763888888889 0.1234375 0.0972222222222 0.15
1 0.150462962963 0.1265625 0.117592592593 0.157291666667
1 0.21712962963 0.125 0.0953703703704 0.155208333333
1 0.271759259259 0.128645833333 0.0935185185185 0.164583333333
1 0.335648148148 0.128645833333 0.0972222222222 0.164583333333
1 0.400462962963 0.1296875 0.102777777778 0.166666666667
1 0.475462962963 0.147135416667 0.0842592592593 0.141145833333
1 0.550925925926 0.149479166667 0.0907407407407 0.141666666667
1 0.631944444444 0.15 0.0935185185185 0.146875
1 0.711111111111 0.154166666667 0.0944444444444 0.147916666667
1 0.793981481481 0.151302083333 0.106481481481 0.1640625
1 0.8875 0.149479166667 0.10462962963 0.155208333333
1 0.951851851852 0.15234375 0.0944444444444 0.1796875
1 0.0435185185185 0.286979166667 0.0888888888889 0.122916666667
1 0.104166666667 0.293229166667 0.0990740740741 0.122916666667
1 0.162037037037 0.2953125 0.103703703704 0.127083333333
1 0.243518518519 0.303385416667 0.0888888888889 0.131770833333
1 0.305555555556 0.30625 0.0907407407407 0.140625
1 0.372222222222 0.309375 0.0944444444444 0.136458333333
1 0.433333333333 0.31328125 0.087037037037 0.1359375
1 0.497222222222 0.326822916667 0.0777777777778 0.1296875
1 0.562962962963 0.334635416667 0.0907407407407 0.131770833333
1 0.636111111111 0.343489583333 0.0759259259259 0.1234375
1 0.704166666667 0.344010416667 0.0842592592593 0.136979166667
1 0.780555555556 0.341666666667 0.0888888888889 0.138541666667
1 0.861111111111 0.348697916667 0.107407407407 0.1390625
1 0.0342592592593 0.426822916667 0.0703703703704 0.1078125
1 0.0865740740741 0.430208333333 0.117592592593 0.103125
1 0.165277777778 0.436458333333 0.0805555555556 0.0947916666667
1 0.228703703704 0.448177083333 0.0888888888889 0.0994791666667
1 0.305092592593 0.454947916667 0.0972222222222 0.106770833333
1 0.39212962963 0.46328125 0.0990740740741 0.106770833333
1 0.466203703704 0.47421875 0.0657407407407 0.105729166667
1 0.528240740741 0.484114583333 0.075 0.106770833333
1 0.585648148148 0.48984375 0.0787037037037 0.0994791666667
1 0.652314814815 0.496875 0.0768518518519 0.102083333333
1 0.713425925926 0.50078125 0.0824074074074 0.1171875
1 0.780092592593 0.508333333333 0.0935185185185 0.122916666667
1 0.852777777778 0.51328125 0.107407407407 0.1171875
1 0.918055555556 0.518229166667 0.110185185185 0.123958333333
1 0.960185185185 0.530208333333 0.0777777777778 0.132291666667
1 0.075462962963 0.561458333333 0.0953703703704 0.130208333333
1 0.152777777778 0.566145833333 0.0851851851852 0.127083333333
1 0.225925925926 0.57890625 0.0981481481481 0.131770833333
1 0.306944444444 0.589322916667 0.10462962963 0.134895833333
1 0.379166666667 0.599739583333 0.117592592593 0.134895833333
1 0.463888888889 0.613020833333 0.107407407407 0.129166666667
1 0.55 0.628125 0.112962962963 0.1375
1 0.638425925926 0.644270833333 0.113888888889 0.140625
1 0.738888888889 0.662239583333 0.125925925926 0.146354166667
1 0.843981481481 0.68125 0.15462962963 0.146875
1 0.947685185185 0.697135416667 0.102777777778 0.1484375
