4 0.0814814814815 0.169791666667 0.164814814815 0.171875
4 0.290740740741 0.174739583333 0.214814814815 0.1765625
4 0.497222222222 0.2109375 0.0814814814815 0.10625
4 0.573611111111 0.195572916667 0.0731481481481 0.1421875
4 0.631481481481 0.194270833333 0.0666666666667 0.132291666667
4 0.793518518519 0.144791666667 0.216666666667 0.0604166666667
4 0.774074074074 0.19375 0.214814814815 0.0572916666667
4 0.765740740741 0.243229166667 0.218518518519 0.0489583333333
4 0.940740740741 0.233072916667 0.116666666667 0.0817708333333
4 0.101851851852 0.359114583333 0.153703703704 0.1359375
4 0.280555555556 0.3765625 0.218518518519 0.161458333333
4 0.528240740741 0.384114583333 0.249074074074 0.143229166667
4 0.766203703704 0.392447916667 0.237962962963 0.1265625
4 0.943981481481 0.39375 0.110185185185 0.136458333333
4 0.087962962963 0.544791666667 0.164814814815 0.153125
4 0.268981481481 0.549479166667 0.182407407407 0.153125
4 0.480555555556 0.584114583333 0.216666666667 0.124479166667
4 0.691203703704 0.58828125 0.219444444444 0.118229166667
4 0.908796296296 0.58828125 0.180555555556 0.130729166667
4 0.0675925925926 0.725260416667 0.137037037037 0.1328125
4 0.221296296296 0.727083333333 0.172222222222 0.129166666667
4 0.498611111111 0.7359375 0.350925925926 0.161458333333
4 0.879166666667 0.75078125 0.239814814815 0.133854166667
4 0.0726851851852 0.862760416667 0.147222222222 0.0744791666667
4 0.234259259259 0.864322916667 0.201851851852 0.0755208333333
4 0.0699074074074 0.921614583333 0.141666666667 0.0567708333333
4 0.22962962963 0.926302083333 0.188888888889 0.0515625
4 0.483796296296 0.899739583333 0.29537037037 0.141145833333
4 0.825462962963 0.915885416667 0.347222222222 0.127604166667
