1 0.0393518518519 0.126822916667 0.0805555555556 0.156770833333
1 0.0972222222222 0.124739583333 0.0851851851852 0.147395833333
1 0.177314814815 0.12578125 0.100925925926 0.158854166667
1 0.283333333333 0.13515625 0.0944444444444 0.121354166667
1 0.347222222222 0.13203125 0.0740740740741 0.125520833333
1 0.41712962963 0.116927083333 0.0953703703704 0.1578125
1 0.498148148148 0.115364583333 0.0925925925926 0.156770833333
1 0.674537037037 0.109114583333 0.106481481481 0.1640625
1 0.756481481481 0.10546875 0.0907407407407 0.1578125
1 0.842592592593 0.103645833333 0.087037037037 0.163541666667
1 0.928240740741 0.101041666667 0.0935185185185 0.153125
1 0.0611111111111 0.341145833333 0.0981481481481 0.146875
1 0.127777777778 0.340364583333 0.0888888888889 0.1296875
1 0.226851851852 0.338802083333 0.0851851851852 0.140104166667
1 0.364351851852 0.336979166667 0.100925925926 0.127083333333
1 0.443981481481 0.337239583333 0.0898148148148 0.1390625
1 0.514814814815 0.3265625 0.0851851851852 0.151041666667
1 0.597222222222 0.328645833333 0.0925925925926 0.15625
1 0.673148148148 0.325 0.0888888888889 0.163541666667
1 0.743055555556 0.322395833333 0.0805555555556 0.152083333333
1 0.818518518519 0.323958333333 0.0981481481481 0.15625
1 0.90462962963 0.320833333333 0.087037037037 0.1625
1 0.968518518519 0.325520833333 0.0611111111111 0.145833333333
1 0.0921296296296 0.552864583333 0.0824074074074 0.140104166667
1 0.155555555556 0.555208333333 0.0907407407407 0.144791666667
1 0.290277777778 0.560416666667 0.0842592592593 0.134375
1 0.355555555556 0.539583333333 0.0907407407407 0.115625
1 0.435648148148 0.56328125 0.0953703703704 0.1359375
1 0.519907407407 0.55703125 0.102777777778 0.1296875
1 0.586574074074 0.550520833333 0.0842592592593 0.144791666667
1 0.664351851852 0.55 0.0824074074074 0.147916666667
1 0.74212962963 0.54921875 0.0824074074074 0.147395833333
1 0.816666666667 0.547135416667 0.0907407407407 0.144270833333
1 0.891666666667 0.55234375 0.0888888888889 0.136979166667
1 0.959259259259 0.544791666667 0.0796296296296 0.146875
1 0.121759259259 0.745572916667 0.0842592592593 0.1484375
1 0.200925925926 0.743229166667 0.0907407407407 0.14375
1 0.269907407407 0.71953125 0.0768518518519 0.1265625
1 0.348148148148 0.72109375 0.0888888888889 0.127604166667
1 0.431481481481 0.734114583333 0.0944444444444 0.150520833333
1 0.500462962963 0.732291666667 0.0972222222222 0.146875
1 0.580555555556 0.734114583333 0.0759259259259 0.159895833333
1 0.658796296296 0.735677083333 0.0972222222222 0.1515625
1 0.752314814815 0.732552083333 0.0861111111111 0.1515625
1 0.82962962963 0.731510416667 0.0888888888889 0.150520833333
1 0.90462962963 0.729947916667 0.0907407407407 0.149479166667
1 0.973611111111 0.727083333333 0.0509259259259 0.153125
1 0.0856481481481 0.931510416667 0.0861111111111 0.1359375
1 0.15462962963 0.930989583333 0.0851851851852 0.136979166667
1 0.225462962963 0.9296875 0.0824074074074 0.139583333333
1 0.285185185185 0.9296875 0.0833333333333 0.139583333333
1 0.356944444444 0.928645833333 0.0787037037037 0.141666666667
1 0.427314814815 0.928645833333 0.0861111111111 0.141666666667
1 0.495833333333 0.929166666667 0.0805555555556 0.140625
1 0.563425925926 0.93359375 0.0824074074074 0.130729166667
1 0.631018518519 0.928645833333 0.0824074074074 0.141666666667
1 0.694907407407 0.929166666667 0.0953703703704 0.140625
1 0.80462962963 0.901822916667 0.109259259259 0.134895833333
1 0.898611111111 0.932552083333 0.102777777778 0.133854166667
1 0.962037037037 0.926302083333 0.0740740740741 0.143229166667
