1 0.236111111111 0.11875 0.127777777778 0.0916666666667
1 0.565277777778 0.0921875 0.119444444444 0.123958333333
1 0.0652777777778 0.326041666667 0.112037037037 0.142708333333
1 0.160185185185 0.327083333333 0.107407407407 0.144791666667
1 0.235185185185 0.324739583333 0.105555555556 0.140104166667
1 0.35462962963 0.325 0.109259259259 0.144791666667
1 0.413888888889 0.3203125 0.0759259259259 0.133333333333
1 0.490740740741 0.320833333333 0.087037037037 0.132291666667
1 0.57037037037 0.3203125 0.0759259259259 0.1375
1 0.684722222222 0.310416666667 0.0787037037037 0.171875
1 0.74212962963 0.30390625 0.0657407407407 0.1609375
1 0.825462962963 0.309895833333 0.0675925925926 0.139583333333
1 0.881944444444 0.311458333333 0.0787037037037 0.157291666667
1 0.966203703704 0.309895833333 0.0657407407407 0.15625
1 0.0333333333333 0.539583333333 0.0685185185185 0.136458333333
1 0.0944444444444 0.555208333333 0.0907407407407 0.128125
1 0.162962962963 0.555208333333 0.0888888888889 0.126041666667
1 0.230555555556 0.552864583333 0.0722222222222 0.121354166667
1 0.293518518519 0.564583333333 0.0907407407407 0.1375
1 0.38287037037 0.551041666667 0.0842592592593 0.122916666667
1 0.449074074074 0.557552083333 0.0685185185185 0.1265625
1 0.512037037037 0.548958333333 0.0777777777778 0.122916666667
1 0.593055555556 0.535416666667 0.0842592592593 0.140625
1 0.662037037037 0.538802083333 0.0740740740741 0.147395833333
1 0.730555555556 0.524479166667 0.0851851851852 0.139583333333
1 0.790740740741 0.54453125 0.0722222222222 0.138020833333
1 0.889351851852 0.546614583333 0.0805555555556 0.131770833333
1 0.151388888889 0.742708333333 0.132407407407 0.154166666667
1 0.291203703704 0.734635416667 0.115740740741 0.147395833333
1 0.378703703704 0.7203125 0.0925925925926 0.125
1 0.450925925926 0.71953125 0.105555555556 0.119270833333
1 0.529166666667 0.7328125 0.0972222222222 0.151041666667
1 0.652314814815 0.703125 0.100925925926 0.101041666667
1 0.74537037037 0.703385416667 0.0888888888889 0.102604166667
1 0.843981481481 0.721354166667 0.113888888889 0.122916666667
1 0.946759259259 0.751822916667 0.10462962963 0.109895833333
1 0.0361111111111 0.908333333333 0.0740740740741 0.107291666667
1 0.106018518519 0.904166666667 0.0824074074074 0.1
1 0.184259259259 0.924739583333 0.103703703704 0.1484375
1 0.277777777778 0.92578125 0.109259259259 0.147395833333
1 0.389351851852 0.920833333333 0.100925925926 0.146875
1 0.481018518519 0.922916666667 0.0824074074074 0.153125
1 0.568981481481 0.91796875 0.0990740740741 0.155729166667
1 0.648611111111 0.92109375 0.100925925926 0.156770833333
1 0.740277777778 0.922135416667 0.0953703703704 0.1546875
1 0.82962962963 0.91796875 0.0888888888889 0.161979166667
1 0.914814814815 0.91875 0.0944444444444 0.144791666667
