4 0.0773148148148 0.0544270833333 0.156481481481 0.109895833333
4 0.314351851852 0.0479166666667 0.206481481481 0.0708333333333
4 0.518518518519 0.0830729166667 0.187037037037 0.0598958333333
4 0.691203703704 0.0799479166667 0.206481481481 0.0609375
4 0.87962962963 0.078125 0.211111111111 0.0645833333333
4 0.127777777778 0.200260416667 0.244444444444 0.0640625
4 0.136574074074 0.264583333333 0.269444444444 0.06875
4 0.363425925926 0.15859375 0.193518518519 0.0348958333333
4 0.369444444444 0.216927083333 0.240740740741 0.0348958333333
4 0.380092592593 0.265625 0.262037037037 0.06875
4 0.588888888889 0.22578125 0.140740740741 0.141145833333
4 0.739814814815 0.227604166667 0.135185185185 0.142708333333
4 0.871296296296 0.227083333333 0.155555555556 0.14375
4 0.969444444444 0.22421875 0.0592592592593 0.1421875
4 0.17962962963 0.398697916667 0.218518518519 0.1453125
4 0.0430555555556 0.402864583333 0.087962962963 0.144270833333
4 0.393518518519 0.3984375 0.22962962963 0.14375
4 0.55787037037 0.38828125 0.143518518519 0.116145833333
4 0.715740740741 0.394791666667 0.187037037037 0.127083333333
4 0.846759259259 0.39453125 0.165740740741 0.127604166667
4 0.958796296296 0.3984375 0.0805555555556 0.13125
4 0.0861111111111 0.55859375 0.168518518519 0.106770833333
4 0.224537037037 0.565364583333 0.149074074074 0.109895833333
4 0.369444444444 0.561979166667 0.159259259259 0.113541666667
4 0.508796296296 0.556770833333 0.087962962963 0.1125
4 0.613888888889 0.5640625 0.15 0.121875
4 0.731481481481 0.562239583333 0.125925925926 0.118229166667
4 0.865740740741 0.565625 0.144444444444 0.120833333333
4 0.966203703704 0.56328125 0.0657407407407 0.116145833333
4 0.0972222222222 0.73125 0.157407407407 0.0854166666667
4 0.21712962963 0.703645833333 0.176851851852 0.0947916666667
4 0.306944444444 0.709895833333 0.149074074074 0.113541666667
4 0.423148148148 0.720572916667 0.157407407407 0.108854166667
4 0.613888888889 0.71328125 0.131481481481 0.1140625
4 0.75462962963 0.7140625 0.159259259259 0.123958333333
4 0.898611111111 0.715364583333 0.134259259259 0.1171875
4 0.1125 0.895052083333 0.175 0.1171875
4 0.282407407407 0.889322916667 0.155555555556 0.125520833333
4 0.443055555556 0.8890625 0.165740740741 0.13125
4 0.589814814815 0.879166666667 0.109259259259 0.139583333333
4 0.7 0.877083333333 0.12962962963 0.15
4 0.802314814815 0.876041666667 0.136111111111 0.155208333333
4 0.942592592593 0.87890625 0.112962962963 0.158854166667
