4 0.117592592593 0.391927083333 0.168518518519 0.1109375
4 0.229166666667 0.388541666667 0.139814814815 0.096875
4 0.190277777778 0.230729166667 0.221296296296 0.129166666667
4 0.100925925926 0.216927083333 0.201851851852 0.125520833333
4 0.377314814815 0.252083333333 0.136111111111 0.107291666667
4 0.462037037037 0.259114583333 0.161111111111 0.0953125
4 0.675462962963 0.26796875 0.106481481481 0.108854166667
4 0.525462962963 0.384895833333 0.110185185185 0.084375
4 0.25 0.55390625 0.137037037037 0.0494791666667
4 0.338425925926 0.528125 0.102777777778 0.0697916666667
4 0.138888888889 0.582552083333 0.12962962963 0.0921875
4 0.0592592592593 0.59375 0.12037037037 0.0979166666667
4 0.451388888889 0.74921875 0.0935185185185 0.0942708333333
4 0.741203703704 0.47109375 0.149074074074 0.0692708333333
4 0.444907407407 0.528645833333 0.132407407407 0.05625
