4 0.194907407407 0.144270833333 0.152777777778 0.109375
4 0.333333333333 0.1484375 0.151851851852 0.101041666667
4 0.457407407407 0.15078125 0.0814814814815 0.100520833333
4 0.571296296296 0.1484375 0.153703703704 0.105208333333
4 0.720833333333 0.15078125 0.137962962963 0.105729166667
4 0.872222222222 0.147395833333 0.166666666667 0.105208333333
4 0.192592592593 0.303125 0.114814814815 0.114583333333
4 0.325925925926 0.2984375 0.127777777778 0.121875
4 0.454166666667 0.304427083333 0.143518518519 0.109895833333
4 0.547222222222 0.318229166667 0.0796296296296 0.0875
4 0.699074074074 0.315364583333 0.161111111111 0.0838541666667
4 0.805555555556 0.322135416667 0.0796296296296 0.0765625
4 0.924074074074 0.321614583333 0.12962962963 0.0828125
4 0.0486111111111 0.45078125 0.0990740740741 0.0598958333333
4 0.049537037037 0.503125 0.100925925926 0.053125
4 0.209259259259 0.491145833333 0.140740740741 0.0697916666667
4 0.36712962963 0.487239583333 0.160185185185 0.0848958333333
4 0.584259259259 0.460416666667 0.242592592593 0.121875
4 0.779166666667 0.46640625 0.152777777778 0.1171875
4 0.930092592593 0.464583333333 0.137962962963 0.128125
4 0.127777777778 0.63046875 0.125925925926 0.0859375
4 0.333333333333 0.636458333333 0.142592592593 0.0625
4 0.399074074074 0.579947916667 0.122222222222 0.0567708333333
4 0.753703703704 0.611979166667 0.183333333333 0.120833333333
4 0.921759259259 0.611458333333 0.15462962963 0.0885416666667
4 0.0833333333333 0.717447916667 0.168518518519 0.0390625
4 0.0824074074074 0.750260416667 0.166666666667 0.0401041666667
4 0.0888888888889 0.790104166667 0.17962962963 0.0552083333333
4 0.269907407407 0.75625 0.160185185185 0.122916666667
4 0.396296296296 0.756770833333 0.114814814815 0.121875
4 0.508333333333 0.755729166667 0.144444444444 0.123958333333
4 0.667592592593 0.75546875 0.172222222222 0.124479166667
4 0.778240740741 0.755729166667 0.10462962963 0.1125
4 0.877314814815 0.756510416667 0.121296296296 0.1109375
4 0.965277777778 0.755729166667 0.0675925925926 0.114583333333
4 0.025462962963 0.92578125 0.0527777777778 0.1484375
4 0.121759259259 0.920052083333 0.147222222222 0.150520833333
4 0.231944444444 0.959895833333 0.0916666666667 0.0802083333333
4 0.331481481481 0.9671875 0.0962962962963 0.065625
4 0.414814814815 0.937760416667 0.0851851851852 0.0911458333333
4 0.560185185185 0.872395833333 0.218518518519 0.0666666666667
4 0.815277777778 0.890885416667 0.228703703704 0.1015625
4 0.959722222222 0.9390625 0.0787037037037 0.0885416666667
4 0.81712962963 0.96640625 0.225 0.0505208333333
4 0.561111111111 0.944270833333 0.216666666667 0.078125
