4 0.0986111111111 0.138541666667 0.117592592593 0.104166666667
4 0.233796296296 0.144791666667 0.130555555556 0.0958333333333
4 0.348148148148 0.150260416667 0.122222222222 0.0973958333333
4 0.454166666667 0.156770833333 0.117592592593 0.090625
4 0.564351851852 0.159895833333 0.117592592593 0.0947916666667
4 0.674074074074 0.165625 0.109259259259 0.0947916666667
4 0.90462962963 0.165625 0.188888888889 0.11875
4 0.0347222222222 0.306770833333 0.0712962962963 0.090625
4 0.162037037037 0.301822916667 0.159259259259 0.0838541666667
4 0.346296296296 0.313802083333 0.185185185185 0.0932291666667
4 0.528240740741 0.331770833333 0.189814814815 0.08125
4 0.683796296296 0.340104166667 0.182407407407 0.0645833333333
4 0.903703703704 0.335416666667 0.190740740741 0.09375
4 0.0972222222222 0.457291666667 0.196296296296 0.120833333333
4 0.231944444444 0.46640625 0.147222222222 0.115104166667
4 0.350462962963 0.47109375 0.167592592593 0.102604166667
4 0.494444444444 0.479427083333 0.172222222222 0.111979166667
4 0.649537037037 0.482291666667 0.162037037037 0.11875
4 0.7875 0.48671875 0.149074074074 0.100520833333
4 0.924074074074 0.49140625 0.15 0.0911458333333
4 0.0486111111111 0.615625 0.0990740740741 0.104166666667
4 0.164351851852 0.629427083333 0.176851851852 0.122395833333
4 0.310185185185 0.625 0.164814814815 0.113541666667
4 0.455092592593 0.62578125 0.165740740741 0.1078125
4 0.601388888889 0.627083333333 0.162037037037 0.114583333333
4 0.737962962963 0.6359375 0.142592592593 0.113541666667
4 0.873148148148 0.6359375 0.12962962963 0.115625
4 0.950462962963 0.640364583333 0.0972222222222 0.111979166667
4 0.0759259259259 0.775520833333 0.153703703704 0.122916666667
4 0.215740740741 0.78046875 0.187037037037 0.1265625
4 0.372685185185 0.782291666667 0.158333333333 0.130208333333
4 0.543055555556 0.782552083333 0.193518518519 0.125520833333
4 0.69212962963 0.765104166667 0.158333333333 0.0739583333333
4 0.848611111111 0.766927083333 0.165740740741 0.0755208333333
4 0.69212962963 0.82109375 0.14537037037 0.0484375
4 0.84537037037 0.817708333333 0.172222222222 0.0458333333333
4 0.968055555556 0.78046875 0.062037037037 0.0765625
4 0.743055555556 0.913802083333 0.162037037037 0.0765625
4 0.891203703704 0.903125 0.14537037037 0.071875
4 0.891203703704 0.955208333333 0.14537037037 0.0375
4 0.0430555555556 0.930729166667 0.087962962963 0.1125
4 0.147222222222 0.927083333333 0.164814814815 0.114583333333
4 0.326388888889 0.92890625 0.178703703704 0.118229166667
4 0.506944444444 0.929947916667 0.206481481481 0.116145833333
