4 0.0518518518519 0.169270833333 0.105555555556 0.135416666667
4 0.135648148148 0.163802083333 0.115740740741 0.133854166667
4 0.21712962963 0.163802083333 0.108333333333 0.131770833333
4 0.308333333333 0.16640625 0.109259259259 0.133854166667
4 0.398148148148 0.1703125 0.0851851851852 0.113541666667
4 0.466666666667 0.168489583333 0.0796296296296 0.1171875
4 0.540740740741 0.165625 0.0833333333333 0.113541666667
4 0.626388888889 0.15859375 0.0861111111111 0.127604166667
4 0.703703703704 0.1578125 0.0833333333333 0.13125
4 0.788425925926 0.155989583333 0.087962962963 0.1328125
4 0.0638888888889 0.350260416667 0.111111111111 0.1109375
4 0.149074074074 0.34921875 0.0833333333333 0.108854166667
4 0.219444444444 0.34765625 0.0796296296296 0.108854166667
4 0.285648148148 0.34609375 0.0731481481481 0.105729166667
4 0.355555555556 0.34375 0.0944444444444 0.110416666667
4 0.430555555556 0.343229166667 0.0833333333333 0.111458333333
4 0.499537037037 0.340885416667 0.0768518518519 0.108854166667
4 0.565740740741 0.3390625 0.0851851851852 0.109375
4 0.638425925926 0.33828125 0.075 0.1109375
4 0.70787037037 0.334114583333 0.075 0.105729166667
4 0.780092592593 0.333072916667 0.075 0.1078125
4 0.0282407407407 0.512760416667 0.0583333333333 0.0911458333333
4 0.0828703703704 0.509895833333 0.0768518518519 0.0875
4 0.14537037037 0.509635416667 0.0833333333333 0.0994791666667
4 0.231018518519 0.5015625 0.0898148148148 0.096875
4 0.302777777778 0.50078125 0.0777777777778 0.0911458333333
4 0.389351851852 0.494791666667 0.0768518518519 0.0864583333333
4 0.454166666667 0.490625 0.0787037037037 0.0854166666667
4 0.516666666667 0.487760416667 0.0685185185185 0.0838541666667
4 0.576851851852 0.490885416667 0.0759259259259 0.0921875
4 0.635185185185 0.490104166667 0.0722222222222 0.0979166666667
4 0.698611111111 0.4890625 0.0768518518519 0.0958333333333
4 0.769444444444 0.4859375 0.087037037037 0.0947916666667
4 0.0263888888889 0.664583333333 0.0546296296296 0.0895833333333
4 0.0791666666667 0.654427083333 0.087962962963 0.0838541666667
4 0.149537037037 0.65078125 0.087962962963 0.0817708333333
4 0.240277777778 0.649479166667 0.100925925926 0.0864583333333
4 0.309259259259 0.64296875 0.0685185185185 0.0828125
4 0.375462962963 0.639322916667 0.087962962963 0.0828125
4 0.451851851852 0.63828125 0.0796296296296 0.0848958333333
4 0.519907407407 0.634114583333 0.075 0.0859375
4 0.585185185185 0.633333333333 0.0703703703704 0.0875
4 0.644444444444 0.626302083333 0.0833333333333 0.0828125
4 0.710185185185 0.626822916667 0.0666666666667 0.0838541666667
4 0.776388888889 0.622395833333 0.0787037037037 0.0791666666667
4 0.0601851851852 0.787760416667 0.0962962962963 0.0723958333333
4 0.129166666667 0.783333333333 0.0768518518519 0.0875
4 0.211574074074 0.778645833333 0.0861111111111 0.078125
4 0.28287037037 0.773958333333 0.0712962962963 0.0802083333333
4 0.350462962963 0.77109375 0.0712962962963 0.0817708333333
4 0.405555555556 0.764322916667 0.0796296296296 0.0755208333333
4 0.474537037037 0.761979166667 0.0731481481481 0.078125
4 0.539814814815 0.761458333333 0.0685185185185 0.08125
4 0.602314814815 0.757291666667 0.0712962962963 0.0708333333333
4 0.662962962963 0.754947916667 0.0851851851852 0.0776041666667
4 0.721759259259 0.753125 0.0638888888889 0.071875
4 0.778703703704 0.74296875 0.0685185185185 0.0755208333333
4 0.049537037037 0.92109375 0.087962962963 0.0859375
4 0.10787037037 0.921614583333 0.0731481481481 0.0921875
4 0.176851851852 0.921614583333 0.0796296296296 0.0973958333333
4 0.240277777778 0.915104166667 0.0842592592593 0.0885416666667
4 0.30787037037 0.910416666667 0.0712962962963 0.0958333333333
4 0.368518518519 0.90625 0.0685185185185 0.096875
4 0.430092592593 0.902604166667 0.0731481481481 0.0989583333333
4 0.493518518519 0.894270833333 0.0648148148148 0.096875
4 0.550462962963 0.890104166667 0.0731481481481 0.0979166666667
4 0.614351851852 0.884635416667 0.0601851851852 0.0942708333333
4 0.666666666667 0.88359375 0.0777777777778 0.0921875
4 0.728240740741 0.875260416667 0.0694444444444 0.0973958333333
4 0.799537037037 0.875260416667 0.075 0.1015625
