1 0.0759259259259 0.0841145833333 0.124074074074 0.124479166667
1 0.181944444444 0.0869791666667 0.106481481481 0.127083333333
1 0.276388888889 0.08359375 0.108333333333 0.128645833333
1 0.363888888889 0.0856770833333 0.1 0.122395833333
1 0.437962962963 0.0822916666667 0.103703703704 0.130208333333
1 0.522222222222 0.0807291666667 0.0907407407407 0.120833333333
1 0.598148148148 0.0760416666667 0.105555555556 0.127083333333
1 0.694444444444 0.07421875 0.105555555556 0.131770833333
1 0.773611111111 0.0744791666667 0.117592592593 0.1375
1 0.877314814815 0.0697916666667 0.108333333333 0.138541666667
1 0.95462962963 0.298697916667 0.0888888888889 0.194270833333
1 0.878703703704 0.299739583333 0.122222222222 0.181770833333
1 0.764351851852 0.29453125 0.134259259259 0.1921875
1 0.674074074074 0.294791666667 0.101851851852 0.196875
1 0.569444444444 0.295572916667 0.107407407407 0.194270833333
1 0.473148148148 0.296875 0.125925925926 0.186458333333
1 0.378703703704 0.29609375 0.111111111111 0.178645833333
1 0.269444444444 0.294791666667 0.114814814815 0.182291666667
1 0.170833333333 0.294791666667 0.113888888889 0.182291666667
1 0.0782407407407 0.287760416667 0.108333333333 0.1859375
1 0.941203703704 0.530208333333 0.115740740741 0.188541666667
1 0.928240740741 0.73046875 0.10462962963 0.172395833333
1 0.831018518519 0.724479166667 0.102777777778 0.177083333333
1 0.736574074074 0.718489583333 0.0990740740741 0.161979166667
1 0.645833333333 0.719270833333 0.108333333333 0.166666666667
1 0.573611111111 0.715885416667 0.136111111111 0.1671875
1 0.457407407407 0.71328125 0.138888888889 0.175520833333
1 0.377314814815 0.702083333333 0.113888888889 0.173958333333
1 0.286111111111 0.700260416667 0.111111111111 0.156770833333
1 0.218055555556 0.701041666667 0.0990740740741 0.155208333333
1 0.12962962963 0.695833333333 0.105555555556 0.155208333333
1 0.0611111111111 0.687239583333 0.105555555556 0.144270833333
1 0.0638888888889 0.851302083333 0.12962962963 0.125520833333
1 0.167592592593 0.8625 0.107407407407 0.1375
1 0.263425925926 0.865104166667 0.108333333333 0.132291666667
1 0.37962962963 0.87734375 0.124074074074 0.140104166667
1 0.504166666667 0.884895833333 0.14537037037 0.1375
1 0.62962962963 0.89921875 0.124074074074 0.1578125
1 0.744444444444 0.900520833333 0.12037037037 0.158333333333
1 0.869444444444 0.909375 0.148148148148 0.165625
1 0.963425925926 0.075 0.0712962962963 0.128125
1 0.0453703703704 0.495052083333 0.0925925925926 0.168229166667
1 0.137962962963 0.4921875 0.0851851851852 0.153125
1 0.201851851852 0.4984375 0.109259259259 0.165625
1 0.291203703704 0.504166666667 0.115740740741 0.165625
1 0.397685185185 0.50703125 0.113888888889 0.169270833333
1 0.488888888889 0.507552083333 0.111111111111 0.1703125
1 0.593055555556 0.51171875 0.130555555556 0.171354166667
1 0.712962962963 0.517708333333 0.127777777778 0.176041666667
1 0.830555555556 0.519270833333 0.144444444444 0.177083333333
