1 0.0662037037037 0.103125 0.134259259259 0.120833333333
1 0.188888888889 0.113541666667 0.107407407407 0.1
1 0.264814814815 0.09375 0.124074074074 0.132291666667
1 0.359259259259 0.0942708333333 0.127777777778 0.1125
1 0.456018518519 0.12109375 0.0824074074074 0.0640625
1 0.552777777778 0.08515625 0.127777777778 0.1171875
1 0.659722222222 0.0783854166667 0.132407407407 0.1265625
1 0.786574074074 0.07890625 0.134259259259 0.1296875
1 0.91712962963 0.06796875 0.163888888889 0.136979166667
1 0.216203703704 0.330989583333 0.100925925926 0.127604166667
1 0.306944444444 0.327083333333 0.117592592593 0.133333333333
1 0.419907407407 0.326041666667 0.134259259259 0.135416666667
1 0.5375 0.321354166667 0.113888888889 0.142708333333
1 0.63287037037 0.3203125 0.119444444444 0.142708333333
1 0.75 0.318229166667 0.124074074074 0.14375
1 0.848148148148 0.31171875 0.105555555556 0.1390625
1 0.951851851852 0.31796875 0.0944444444444 0.138020833333
1 0.22962962963 0.5390625 0.168518518519 0.177083333333
1 0.542592592593 0.555208333333 0.127777777778 0.167708333333
1 0.648611111111 0.548697916667 0.117592592593 0.161979166667
1 0.772222222222 0.54765625 0.105555555556 0.1578125
1 0.890277777778 0.540625 0.132407407407 0.151041666667
1 0.97037037037 0.53515625 0.0574074074074 0.152604166667
1 0.231944444444 0.756510416667 0.112037037037 0.140104166667
1 0.315740740741 0.753645833333 0.107407407407 0.141666666667
1 0.40462962963 0.752604166667 0.0944444444444 0.141666666667
1 0.49212962963 0.750260416667 0.0972222222222 0.1484375
1 0.589351851852 0.752604166667 0.100925925926 0.147916666667
1 0.650925925926 0.731770833333 0.0722222222222 0.120833333333
1 0.794444444444 0.71953125 0.109259259259 0.1078125
1 0.88287037037 0.74765625 0.117592592593 0.1484375
1 0.961111111111 0.755989583333 0.0759259259259 0.152604166667
1 0.305092592593 0.916927083333 0.137962962963 0.108854166667
1 0.402777777778 0.923177083333 0.111111111111 0.130729166667
1 0.501388888889 0.938541666667 0.119444444444 0.121875
1 0.627777777778 0.944791666667 0.146296296296 0.109375
1 0.916666666667 0.934375 0.164814814815 0.130208333333
