1 0.95462962963 0.302864583333 0.0888888888889 0.161979166667
1 0.869444444444 0.300520833333 0.111111111111 0.16875
1 0.784722222222 0.305208333333 0.102777777778 0.171875
1 0.70462962963 0.304947916667 0.103703703704 0.177604166667
1 0.62037037037 0.308854166667 0.0981481481481 0.175
1 0.535185185185 0.3078125 0.112962962963 0.164583333333
1 0.452314814815 0.309635416667 0.087962962963 0.177604166667
1 0.330555555556 0.316927083333 0.148148148148 0.1640625
1 0.108333333333 0.317447916667 0.144444444444 0.166145833333
1 0.0824074074074 0.577864583333 0.166666666667 0.150520833333
1 0.22037037037 0.571354166667 0.157407407407 0.141666666667
1 0.357407407407 0.569010416667 0.153703703704 0.1578125
1 0.53287037037 0.568229166667 0.117592592593 0.15625
1 0.668981481481 0.563802083333 0.0861111111111 0.1515625
1 0.739814814815 0.565885416667 0.111111111111 0.1515625
1 0.833796296296 0.5734375 0.0898148148148 0.15
1 0.906481481481 0.5734375 0.105555555556 0.160416666667
1 0.948148148148 0.757552083333 0.101851851852 0.180729166667
1 0.855555555556 0.74609375 0.114814814815 0.1546875
1 0.668055555556 0.734895833333 0.119444444444 0.129166666667
1 0.490740740741 0.740885416667 0.131481481481 0.122395833333
1 0.366666666667 0.7625 0.12962962963 0.153125
1 0.252314814815 0.7671875 0.160185185185 0.147916666667
1 0.214814814815 0.941666666667 0.164814814815 0.115625
1 0.20462962963 0.319791666667 0.144444444444 0.153125
1 0.0435185185185 0.0927083333333 0.0888888888889 0.111458333333
1 0.106481481481 0.0932291666667 0.0740740740741 0.101041666667
1 0.165740740741 0.09375 0.0740740740741 0.102083333333
1 0.222685185185 0.09296875 0.0638888888889 0.106770833333
1 0.277314814815 0.0888020833333 0.062037037037 0.119270833333
1 0.32962962963 0.08515625 0.0759259259259 0.1171875
1 0.393055555556 0.0830729166667 0.0805555555556 0.105729166667
1 0.448611111111 0.0841145833333 0.0601851851852 0.105729166667
1 0.506481481481 0.0776041666667 0.0759259259259 0.111458333333
1 0.566203703704 0.07890625 0.0768518518519 0.1140625
1 0.627777777778 0.07578125 0.0759259259259 0.1171875
1 0.697222222222 0.07421875 0.0703703703704 0.1140625
1 0.875 0.0770833333333 0.0722222222222 0.101041666667
1 0.9375 0.0747395833333 0.0657407407407 0.0984375
1 0.973611111111 0.0744791666667 0.0509259259259 0.102083333333
1 0.453240740741 0.550260416667 0.087962962963 0.150520833333
1 0.605555555556 0.55234375 0.0685185185185 0.143229166667
1 0.965277777778 0.56875 0.0675925925926 0.155208333333
1 0.0476851851852 0.765364583333 0.0972222222222 0.159895833333
1 0.156018518519 0.74375 0.106481481481 0.146875
1 0.57037037037 0.724479166667 0.0851851851852 0.102083333333
1 0.774074074074 0.7359375 0.105555555556 0.126041666667
1 0.278240740741 0.930729166667 0.137962962963 0.115625
1 0.0694444444444 0.93046875 0.140740740741 0.109895833333
1 0.50787037037 0.947395833333 0.0861111111111 0.0729166666667
1 0.429166666667 0.911197916667 0.102777777778 0.0921875
1 0.581944444444 0.95390625 0.0990740740741 0.0692708333333
1 0.666666666667 0.957552083333 0.0888888888889 0.0765625
1 0.757407407407 0.96015625 0.0925925925926 0.0755208333333
1 0.837037037037 0.964322916667 0.087037037037 0.0692708333333
1 0.929166666667 0.968489583333 0.0990740740741 0.0619791666667
