0 0.0416666666667 0.0908854166667 0.0851851851852 0.147395833333
0 0.125462962963 0.0841145833333 0.0972222222222 0.147395833333
0 0.206018518519 0.08515625 0.0972222222222 0.1359375
0 0.301851851852 0.0888020833333 0.111111111111 0.1265625
0 0.430555555556 0.096875 0.0888888888889 0.1125
0 0.508333333333 0.0869791666667 0.105555555556 0.127083333333
0 0.600462962963 0.0846354166667 0.0990740740741 0.134895833333
0 0.684722222222 0.0861979166667 0.0990740740741 0.128645833333
0 0.767592592593 0.0765625 0.0851851851852 0.130208333333
0 0.851388888889 0.07890625 0.115740740741 0.1390625
0 0.936574074074 0.0815104166667 0.0842592592593 0.141145833333
0 0.976851851852 0.07734375 0.0444444444444 0.128645833333
0 0.0361111111111 0.28046875 0.0740740740741 0.122395833333
0 0.104166666667 0.278645833333 0.0953703703704 0.121875
0 0.180092592593 0.275260416667 0.0953703703704 0.1171875
0 0.255555555556 0.27109375 0.0925925925926 0.118229166667
0 0.330555555556 0.27265625 0.0777777777778 0.1171875
0 0.442592592593 0.271614583333 0.0759259259259 0.115104166667
0 0.528240740741 0.269791666667 0.0990740740741 0.113541666667
0 0.615740740741 0.266927083333 0.0888888888889 0.121354166667
0 0.701851851852 0.269270833333 0.0759259259259 0.121875
0 0.773148148148 0.269270833333 0.0777777777778 0.123958333333
0 0.854166666667 0.266145833333 0.0972222222222 0.122916666667
0 0.936574074074 0.264583333333 0.0805555555556 0.119791666667
0 0.0731481481481 0.4515625 0.103703703704 0.111458333333
0 0.151388888889 0.4515625 0.0824074074074 0.122916666667
0 0.225462962963 0.443489583333 0.0787037037037 0.1203125
0 0.29212962963 0.447395833333 0.0972222222222 0.114583333333
0 0.367592592593 0.4578125 0.1 0.1125
0 0.471296296296 0.469270833333 0.0925925925926 0.0708333333333
0 0.536574074074 0.410677083333 0.0953703703704 0.0755208333333
0 0.616666666667 0.407552083333 0.103703703704 0.0744791666667
0 0.556018518519 0.46953125 0.0805555555556 0.0703125
0 0.631018518519 0.471875 0.112037037037 0.0802083333333
0 0.74212962963 0.43828125 0.0916666666667 0.115104166667
0 0.82037037037 0.443489583333 0.087037037037 0.122395833333
0 0.896296296296 0.4484375 0.0907407407407 0.125
0 0.964351851852 0.443489583333 0.0694444444444 0.1203125
0 0.0787037037037 0.593229166667 0.0888888888889 0.0916666666667
0 0.160648148148 0.603645833333 0.0935185185185 0.103125
0 0.222685185185 0.607291666667 0.087962962963 0.105208333333
0 0.291666666667 0.6109375 0.0907407407407 0.1125
0 0.361111111111 0.60078125 0.0907407407407 0.108854166667
0 0.451851851852 0.603645833333 0.0907407407407 0.101041666667
0 0.522685185185 0.602604166667 0.0768518518519 0.105208333333
0 0.585185185185 0.6078125 0.0722222222222 0.113541666667
0 0.666203703704 0.609895833333 0.0861111111111 0.114583333333
0 0.734722222222 0.60546875 0.0805555555556 0.1109375
0 0.79537037037 0.604947916667 0.0907407407407 0.105729166667
0 0.868981481481 0.60546875 0.0972222222222 0.108854166667
0 0.946759259259 0.603645833333 0.0768518518519 0.110416666667
0 0.0597222222222 0.735677083333 0.0805555555556 0.0869791666667
0 0.129166666667 0.73046875 0.0824074074074 0.0859375
0 0.225925925926 0.73515625 0.107407407407 0.0953125
0 0.302777777778 0.738020833333 0.0962962962963 0.103125
0 0.376851851852 0.73671875 0.0925925925926 0.0984375
0 0.485185185185 0.740364583333 0.0944444444444 0.100520833333
0 0.541203703704 0.742708333333 0.0805555555556 0.0989583333333
0 0.608333333333 0.738020833333 0.0777777777778 0.101041666667
0 0.668055555556 0.738020833333 0.0861111111111 0.0989583333333
0 0.738888888889 0.740364583333 0.0851851851852 0.0984375
0 0.805092592593 0.739322916667 0.0805555555556 0.0984375
0 0.871759259259 0.736979166667 0.0861111111111 0.103125
0 0.500462962963 0.944010416667 0.0805555555556 0.103645833333
0 0.572222222222 0.941666666667 0.0685185185185 0.101041666667
0 0.631944444444 0.942708333333 0.0768518518519 0.101041666667
0 0.702777777778 0.941666666667 0.0666666666667 0.103125
0 0.769907407407 0.941666666667 0.0768518518519 0.101041666667
0 0.828703703704 0.934635416667 0.0703703703704 0.105729166667
0 0.900462962963 0.933072916667 0.075 0.1109375
0 0.962037037037 0.945572916667 0.0740740740741 0.1078125
0 0.108333333333 0.95625 0.087037037037 0.0489583333333
