2 0.0638888888889 0.0549479166667 0.12962962963 0.1109375
2 0.180555555556 0.0549479166667 0.164814814815 0.1109375
2 0.062962962963 0.155989583333 0.127777777778 0.102604166667
2 0.186574074074 0.15234375 0.156481481481 0.103645833333
2 0.350925925926 0.1453125 0.235185185185 0.121875
2 0.353703703704 0.04296875 0.222222222222 0.0869791666667
2 0.57962962963 0.0408854166667 0.272222222222 0.0828125
2 0.572222222222 0.134375 0.240740740741 0.151041666667
2 0.830555555556 0.12890625 0.337037037037 0.171354166667
2 0.847222222222 0.02734375 0.303703703704 0.0557291666667
2 0.0189814814815 0.2796875 0.0398148148148 0.0875
2 0.0310185185185 0.367708333333 0.0638888888889 0.0958333333333
2 0.0712962962963 0.37734375 0.087037037037 0.0953125
2 0.0805555555556 0.286458333333 0.0925925925926 0.101041666667
2 0.202777777778 0.3 0.177777777778 0.130208333333
2 0.167592592593 0.394270833333 0.144444444444 0.108333333333
2 0.365277777778 0.316145833333 0.210185185185 0.134375
2 0.55462962963 0.340885416667 0.275925925926 0.147395833333
2 0.322222222222 0.423177083333 0.198148148148 0.128645833333
2 0.513888888889 0.45859375 0.238888888889 0.133854166667
2 0.805092592593 0.3625 0.323148148148 0.145833333333
2 0.765740740741 0.5046875 0.298148148148 0.173958333333
2 0.933333333333 0.544270833333 0.131481481481 0.15
2 0.948611111111 0.386197916667 0.100925925926 0.147395833333
2 0.0611111111111 0.5015625 0.124074074074 0.102083333333
2 0.0518518518519 0.5875 0.105555555556 0.0802083333333
2 0.219444444444 0.53046875 0.185185185185 0.118229166667
2 0.152777777778 0.621614583333 0.12962962963 0.1046875
2 0.294907407407 0.640364583333 0.199074074074 0.171354166667
2 0.440740740741 0.701822916667 0.301851851852 0.2015625
2 0.690740740741 0.690625 0.268518518519 0.197916666667
2 0.671759259259 0.81328125 0.226851851852 0.1609375
2 0.906481481481 0.765364583333 0.185185185185 0.169270833333
2 0.885185185185 0.8890625 0.227777777778 0.166666666667
2 0.0671296296296 0.712760416667 0.136111111111 0.128645833333
2 0.165277777778 0.76015625 0.199074074074 0.144270833333
2 0.302777777778 0.829947916667 0.166666666667 0.150520833333
2 0.456018518519 0.900520833333 0.206481481481 0.183333333333
2 0.639814814815 0.928125 0.237037037037 0.142708333333
2 0.0699074074074 0.853385416667 0.117592592593 0.127604166667
2 0.15462962963 0.90078125 0.12962962963 0.1390625
2 0.275 0.947135416667 0.161111111111 0.1046875
