4 0.175 0.216927083333 0.0962962962963 0.0755208333333
4 0.306018518519 0.221875 0.167592592593 0.0708333333333
4 0.464351851852 0.224479166667 0.163888888889 0.0697916666667
4 0.636111111111 0.228125 0.185185185185 0.071875
4 0.8625 0.219270833333 0.150925925926 0.0854166666667
4 0.966203703704 0.220572916667 0.0657407407407 0.0921875
4 0.172685185185 0.3484375 0.0953703703704 0.0479166666667
4 0.277314814815 0.335416666667 0.132407407407 0.0885416666667
4 0.391666666667 0.341927083333 0.114814814815 0.0755208333333
4 0.504166666667 0.341666666667 0.132407407407 0.08125
4 0.621296296296 0.340104166667 0.12962962963 0.09375
4 0.762037037037 0.340625 0.124074074074 0.096875
4 0.876388888889 0.341927083333 0.128703703704 0.0994791666667
4 0.97037037037 0.343229166667 0.0574074074074 0.096875
4 0.0935185185185 0.33359375 0.0981481481481 0.0755208333333
4 0.0240740740741 0.191666666667 0.05 0.0875
4 0.0939814814815 0.42265625 0.087962962963 0.0494791666667
4 0.0935185185185 0.472916666667 0.0851851851852 0.05625
4 0.0305555555556 0.494010416667 0.062962962963 0.0692708333333
4 0.0300925925926 0.434895833333 0.062037037037 0.0583333333333
4 0.0277777777778 0.33359375 0.0555555555556 0.0807291666667
4 0.167592592593 0.447395833333 0.0685185185185 0.0864583333333
4 0.255555555556 0.45078125 0.125925925926 0.0932291666667
4 0.38287037037 0.45546875 0.132407407407 0.0911458333333
4 0.505092592593 0.460416666667 0.130555555556 0.0958333333333
4 0.625462962963 0.466927083333 0.117592592593 0.0942708333333
4 0.721759259259 0.45625 0.0601851851852 0.0854166666667
4 0.810648148148 0.45859375 0.115740740741 0.0921875
4 0.919444444444 0.460416666667 0.112962962963 0.0958333333333
4 0.181481481481 0.566927083333 0.0962962962963 0.0921875
4 0.277777777778 0.566145833333 0.111111111111 0.0958333333333
4 0.384259259259 0.571875 0.12962962963 0.0895833333333
4 0.502777777778 0.576822916667 0.116666666667 0.0932291666667
4 0.62037037037 0.58125 0.124074074074 0.102083333333
4 0.76712962963 0.577604166667 0.130555555556 0.102083333333
4 0.887037037037 0.582552083333 0.131481481481 0.0963541666667
4 0.971296296296 0.58515625 0.0555555555556 0.100520833333
4 0.074537037037 0.584114583333 0.0935185185185 0.0765625
4 0.0444444444444 0.615104166667 0.0907407407407 0.0770833333333
4 0.0893518518519 0.720572916667 0.102777777778 0.0994791666667
4 0.165277777778 0.676302083333 0.0731481481481 0.0942708333333
4 0.249074074074 0.67578125 0.112962962963 0.0932291666667
4 0.34212962963 0.68125 0.100925925926 0.096875
4 0.453703703704 0.692447916667 0.125925925926 0.0984375
4 0.580092592593 0.701822916667 0.128703703704 0.100520833333
4 0.712037037037 0.704947916667 0.0833333333333 0.1109375
4 0.792592592593 0.709114583333 0.0962962962963 0.109895833333
4 0.878703703704 0.713802083333 0.0944444444444 0.1171875
4 0.956944444444 0.716927083333 0.0842592592593 0.1109375
4 0.211574074074 0.791666666667 0.102777777778 0.104166666667
4 0.309259259259 0.79765625 0.0981481481481 0.0994791666667
4 0.401388888889 0.806770833333 0.100925925926 0.105208333333
4 0.49537037037 0.811458333333 0.101851851852 0.0979166666667
4 0.595833333333 0.822135416667 0.113888888889 0.100520833333
4 0.702777777778 0.82578125 0.111111111111 0.0932291666667
4 0.803703703704 0.838020833333 0.116666666667 0.0979166666667
4 0.936574074074 0.836458333333 0.125 0.107291666667
