4 0.0726851851852 0.212239583333 0.147222222222 0.103645833333
4 0.248148148148 0.23828125 0.259259259259 0.118229166667
4 0.521759259259 0.263541666667 0.180555555556 0.0916666666667
4 0.63287037037 0.25625 0.0861111111111 0.10625
4 0.0814814814815 0.405729166667 0.164814814815 0.0958333333333
4 0.200462962963 0.394010416667 0.141666666667 0.102604166667
4 0.304166666667 0.392708333333 0.121296296296 0.0979166666667
4 0.575 0.382552083333 0.12037037037 0.0848958333333
4 0.725 0.2625 0.12962962963 0.10625
4 0.0856481481481 0.588541666667 0.173148148148 0.0916666666667
4 0.310185185185 0.54609375 0.135185185185 0.0557291666667
4 0.203703703704 0.571354166667 0.131481481481 0.0739583333333
4 0.498611111111 0.528645833333 0.113888888889 0.0541666666667
