6 0.121759259259 0.212239583333 0.137962962963 0.0901041666667
6 0.260185185185 0.211458333333 0.127777777778 0.0885416666667
6 0.394907407407 0.208072916667 0.130555555556 0.0911458333333
6 0.533333333333 0.209114583333 0.137037037037 0.0890625
6 0.143055555556 0.349479166667 0.134259259259 0.08125
6 0.277314814815 0.348958333333 0.132407407407 0.0895833333333
6 0.409722222222 0.343229166667 0.134259259259 0.0802083333333
6 0.547222222222 0.344791666667 0.122222222222 0.09375
6 0.173611111111 0.428125 0.128703703704 0.071875
6 0.299537037037 0.426302083333 0.117592592593 0.0682291666667
6 0.426388888889 0.4234375 0.130555555556 0.0864583333333
6 0.556018518519 0.422395833333 0.112037037037 0.0739583333333
6 0.0615740740741 0.399479166667 0.119444444444 0.0625
6 0.0537037037037 0.572135416667 0.109259259259 0.0651041666667
6 0.0648148148148 0.635416666667 0.12962962963 0.071875
6 0.669907407407 0.583072916667 0.113888888889 0.159895833333
6 0.777777777778 0.585416666667 0.109259259259 0.155208333333
6 0.883796296296 0.577604166667 0.10462962963 0.159375
6 0.966203703704 0.577083333333 0.0657407407407 0.164583333333
6 0.718518518519 0.894791666667 0.185185185185 0.04375
6 0.918518518519 0.882552083333 0.161111111111 0.0494791666667
6 0.729166666667 0.93828125 0.180555555556 0.0473958333333
6 0.915277777778 0.933072916667 0.167592592593 0.0432291666667
6 0.663888888889 0.399739583333 0.0796296296296 0.124479166667
6 0.744907407407 0.39921875 0.0768518518519 0.125520833333
6 0.825462962963 0.396614583333 0.0768518518519 0.127604166667
6 0.910185185185 0.395052083333 0.0722222222222 0.124479166667
