1 0.0671296296296 0.166927083333 0.0916666666667 0.0765625
1 0.125 0.158854166667 0.0666666666667 0.090625
1 0.188888888889 0.155208333333 0.087037037037 0.0885416666667
1 0.265740740741 0.15703125 0.0814814814815 0.0890625
1 0.461111111111 0.160416666667 0.0759259259259 0.0822916666667
1 0.357407407407 0.16875 0.0703703703704 0.059375
1 0.569907407407 0.159895833333 0.0805555555556 0.0854166666667
1 0.656018518519 0.14765625 0.0787037037037 0.109895833333
1 0.724537037037 0.146354166667 0.0805555555556 0.1125
1 0.794444444444 0.145833333333 0.0722222222222 0.111458333333
1 0.857407407407 0.146614583333 0.0703703703704 0.109895833333
1 0.920833333333 0.144791666667 0.0824074074074 0.109375
1 0.971296296296 0.14921875 0.0555555555556 0.109895833333
1 0.0550925925926 0.559114583333 0.0953703703704 0.150520833333
1 0.131944444444 0.5609375 0.0935185185185 0.144791666667
1 0.2125 0.55859375 0.0712962962963 0.1421875
1 0.312037037037 0.558072916667 0.0777777777778 0.150520833333
1 0.393518518519 0.564322916667 0.0851851851852 0.138020833333
1 0.446759259259 0.5546875 0.0638888888889 0.129166666667
1 0.507407407407 0.551822916667 0.0740740740741 0.130729166667
1 0.571296296296 0.545052083333 0.0574074074074 0.130729166667
1 0.634722222222 0.54296875 0.062037037037 0.131770833333
1 0.736111111111 0.553645833333 0.0740740740741 0.14375
1 0.848148148148 0.550260416667 0.0796296296296 0.141145833333
1 0.911111111111 0.555729166667 0.0777777777778 0.155208333333
1 0.971296296296 0.555729166667 0.0555555555556 0.147916666667
1 0.0384259259259 0.720052083333 0.0787037037037 0.1140625
1 0.111574074074 0.720572916667 0.0805555555556 0.1171875
1 0.182407407407 0.710677083333 0.0833333333333 0.0953125
1 0.243055555556 0.72109375 0.0638888888889 0.118229166667
1 0.289351851852 0.727083333333 0.0657407407407 0.127083333333
1 0.349074074074 0.720572916667 0.0666666666667 0.1171875
1 0.403703703704 0.72421875 0.0722222222222 0.121354166667
1 0.461574074074 0.734375 0.0601851851852 0.144791666667
1 0.528240740741 0.748958333333 0.0787037037037 0.134375
1 0.595833333333 0.747916666667 0.0657407407407 0.134375
1 0.670833333333 0.747916666667 0.0638888888889 0.132291666667
1 0.737037037037 0.748958333333 0.0759259259259 0.134375
1 0.0731481481481 0.89453125 0.111111111111 0.109895833333
1 0.161574074074 0.88203125 0.0787037037037 0.0859375
1 0.314351851852 0.89609375 0.115740740741 0.1203125
1 0.637037037037 0.8796875 0.0740740740741 0.08125
1 0.572222222222 0.872916666667 0.0722222222222 0.0697916666667
1 0.714351851852 0.879166666667 0.0805555555556 0.0802083333333
1 0.819444444444 0.959375 0.0685185185185 0.0802083333333
1 0.883796296296 0.960677083333 0.062037037037 0.0765625
1 0.944907407407 0.961458333333 0.0601851851852 0.0760416666667
1 0.973611111111 0.959895833333 0.0509259259259 0.0791666666667
