4 0.223611111111 0.1921875 0.0953703703704 0.090625
4 0.0712962962963 0.26015625 0.144444444444 0.105729166667
4 0.0814814814815 0.582291666667 0.157407407407 0.0885416666667
4 0.211111111111 0.64296875 0.12037037037 0.0963541666667
4 0.247222222222 0.590885416667 0.138888888889 0.0963541666667
1 0.262037037037 0.557552083333 0.162962962963 0.0869791666667
1 0.310185185185 0.198958333333 0.0740740740741 0.0729166666667
1 0.365740740741 0.195833333333 0.0703703703704 0.0739583333333
1 0.412037037037 0.195052083333 0.0481481481481 0.0755208333333
1 0.461111111111 0.186458333333 0.0685185185185 0.0927083333333
1 0.520833333333 0.18359375 0.0675925925926 0.0942708333333
1 0.581944444444 0.18203125 0.0787037037037 0.0953125
1 0.650462962963 0.18203125 0.0805555555556 0.0953125
1 0.716666666667 0.180729166667 0.0722222222222 0.0947916666667
1 0.779166666667 0.177864583333 0.062037037037 0.0942708333333
1 0.840740740741 0.176041666667 0.0703703703704 0.0927083333333
1 0.893518518519 0.168229166667 0.0722222222222 0.102083333333
1 0.962037037037 0.1625 0.0740740740741 0.115625
1 0.265740740741 0.352864583333 0.0925925925926 0.130729166667
1 0.348148148148 0.351041666667 0.0851851851852 0.122916666667
1 0.416203703704 0.347395833333 0.0805555555556 0.130208333333
1 0.481944444444 0.345572916667 0.0768518518519 0.1265625
1 0.543518518519 0.3421875 0.0722222222222 0.126041666667
1 0.587962962963 0.348697916667 0.0740740740741 0.136979166667
1 0.647685185185 0.342708333333 0.0583333333333 0.125
1 0.713425925926 0.343489583333 0.0787037037037 0.1265625
1 0.772222222222 0.340885416667 0.0722222222222 0.128645833333
1 0.843055555556 0.341666666667 0.0787037037037 0.134375
1 0.938425925926 0.3421875 0.0842592592593 0.1375
1 0.332407407407 0.556770833333 0.0907407407407 0.102083333333
1 0.400462962963 0.547135416667 0.0861111111111 0.1265625
1 0.493055555556 0.535416666667 0.0824074074074 0.114583333333
1 0.587962962963 0.535677083333 0.0703703703704 0.119270833333
1 0.666666666667 0.537760416667 0.0722222222222 0.115104166667
1 0.727777777778 0.539322916667 0.0703703703704 0.118229166667
1 0.7875 0.544270833333 0.062037037037 0.122916666667
1 0.856018518519 0.55625 0.0972222222222 0.126041666667
1 0.961111111111 0.55078125 0.0759259259259 0.121354166667
1 0.0587962962963 0.70390625 0.119444444444 0.122395833333
1 0.24537037037 0.707552083333 0.125925925926 0.1296875
1 0.339814814815 0.70625 0.105555555556 0.132291666667
1 0.438425925926 0.707291666667 0.117592592593 0.125
1 0.539814814815 0.710416666667 0.0962962962963 0.128125
1 0.616666666667 0.698177083333 0.0740740740741 0.1046875
1 0.7 0.703645833333 0.105555555556 0.114583333333
1 0.792592592593 0.705989583333 0.0851851851852 0.118229166667
1 0.859722222222 0.7046875 0.062037037037 0.1125
1 0.914814814815 0.716666666667 0.0907407407407 0.14375
1 0.973611111111 0.699479166667 0.0509259259259 0.113541666667
1 0.0541666666667 0.871875 0.0972222222222 0.134375
1 0.117592592593 0.856770833333 0.0592592592593 0.104166666667
1 0.190740740741 0.857291666667 0.0944444444444 0.114583333333
1 0.277314814815 0.8828125 0.119444444444 0.144791666667
1 0.361574074074 0.86640625 0.0824074074074 0.119270833333
1 0.445833333333 0.879427083333 0.112037037037 0.138020833333
1 0.59212962963 0.881510416667 0.102777777778 0.1421875
1 0.716203703704 0.893229166667 0.0935185185185 0.144791666667
1 0.815277777778 0.896614583333 0.0972222222222 0.149479166667
1 0.901388888889 0.890885416667 0.0935185185185 0.149479166667
1 0.97037037037 0.89765625 0.0574074074074 0.1515625
