1 0.0796296296296 0.0622395833333 0.0907407407407 0.0984375
1 0.0300925925926 0.06796875 0.062037037037 0.0963541666667
1 0.153703703704 0.05859375 0.12037037037 0.105729166667
1 0.244444444444 0.0609375 0.0944444444444 0.0958333333333
1 0.331481481481 0.0580729166667 0.109259259259 0.0973958333333
1 0.431018518519 0.0526041666667 0.0787037037037 0.10625
1 0.503240740741 0.0520833333333 0.0953703703704 0.105208333333
1 0.592592592593 0.0513020833333 0.109259259259 0.103645833333
1 0.6875 0.0497395833333 0.0972222222222 0.100520833333
1 0.773611111111 0.0497395833333 0.117592592593 0.100520833333
1 0.867592592593 0.0502604166667 0.12037037037 0.1015625
1 0.953703703704 0.1015625 0.0907407407407 0.110416666667
1 0.947685185185 0.207552083333 0.102777777778 0.106770833333
1 0.0324074074074 0.272916666667 0.0666666666667 0.133333333333
1 0.0990740740741 0.27265625 0.0925925925926 0.130729166667
1 0.178240740741 0.270833333333 0.0916666666667 0.134375
1 0.269907407407 0.2734375 0.0842592592593 0.132291666667
1 0.35 0.2734375 0.0888888888889 0.134375
1 0.427314814815 0.272135416667 0.102777777778 0.146354166667
1 0.523148148148 0.274479166667 0.0925925925926 0.14375
1 0.614351851852 0.280989583333 0.102777777778 0.140104166667
1 0.726388888889 0.28203125 0.100925925926 0.149479166667
1 0.830555555556 0.280208333333 0.0944444444444 0.153125
1 0.929166666667 0.345052083333 0.112037037037 0.1046875
1 0.918055555556 0.434635416667 0.10462962963 0.0984375
1 0.0208333333333 0.45859375 0.0435185185185 0.133854166667
1 0.0722222222222 0.456770833333 0.0925925925926 0.135416666667
1 0.198611111111 0.444010416667 0.0787037037037 0.138020833333
1 0.258796296296 0.461979166667 0.0824074074074 0.14375
1 0.322222222222 0.465104166667 0.0944444444444 0.154166666667
1 0.390277777778 0.466145833333 0.0861111111111 0.142708333333
1 0.463425925926 0.469010416667 0.0805555555556 0.1390625
1 0.528240740741 0.471875 0.075 0.142708333333
1 0.596759259259 0.473177083333 0.0805555555556 0.149479166667
1 0.662962962963 0.4765625 0.0759259259259 0.144791666667
1 0.736111111111 0.477083333333 0.087037037037 0.151041666667
1 0.819444444444 0.479427083333 0.0851851851852 0.161979166667
1 0.890740740741 0.56171875 0.0944444444444 0.0880208333333
1 0.962037037037 0.562760416667 0.0740740740741 0.0953125
1 0.95462962963 0.64375 0.0888888888889 0.08125
1 0.875925925926 0.642447916667 0.0944444444444 0.0880208333333
1 0.0291666666667 0.62265625 0.0601851851852 0.127604166667
1 0.0828703703704 0.626302083333 0.0805555555556 0.125520833333
1 0.14212962963 0.626302083333 0.0768518518519 0.1296875
1 0.201851851852 0.631510416667 0.0888888888889 0.138020833333
1 0.266666666667 0.633854166667 0.0833333333333 0.133333333333
1 0.33287037037 0.636458333333 0.0861111111111 0.135416666667
1 0.405555555556 0.636197916667 0.0759259259259 0.130729166667
1 0.471759259259 0.64375 0.0805555555556 0.136458333333
1 0.548611111111 0.64765625 0.0916666666667 0.1359375
1 0.655555555556 0.651822916667 0.0740740740741 0.136979166667
1 0.728703703704 0.65234375 0.0814814814815 0.1421875
1 0.801388888889 0.662760416667 0.0787037037037 0.130729166667
1 0.865740740741 0.759375 0.087037037037 0.122916666667
1 0.942592592593 0.769270833333 0.105555555556 0.114583333333
1 0.0231481481481 0.77578125 0.0481481481481 0.118229166667
1 0.0652777777778 0.784895833333 0.0787037037037 0.115625
1 0.121759259259 0.788802083333 0.0731481481481 0.1171875
1 0.178240740741 0.79296875 0.075 0.116145833333
1 0.233333333333 0.796614583333 0.0722222222222 0.113020833333
1 0.288425925926 0.8 0.0768518518519 0.120833333333
1 0.344907407407 0.806510416667 0.0787037037037 0.1171875
1 0.400925925926 0.808072916667 0.0703703703704 0.118229166667
1 0.465277777778 0.810416666667 0.0675925925926 0.117708333333
1 0.530092592593 0.816145833333 0.0657407407407 0.125
1 0.591666666667 0.81796875 0.0703703703704 0.1265625
1 0.649537037037 0.823177083333 0.0657407407407 0.125520833333
1 0.7125 0.827083333333 0.0768518518519 0.123958333333
1 0.778703703704 0.829427083333 0.0703703703704 0.128645833333
1 0.0282407407407 0.940625 0.0583333333333 0.1125
1 0.075462962963 0.934895833333 0.0657407407407 0.101041666667
1 0.123611111111 0.940104166667 0.0564814814815 0.1
1 0.172222222222 0.9453125 0.0537037037037 0.103125
1 0.212037037037 0.951041666667 0.0555555555556 0.096875
1 0.262962962963 0.952864583333 0.0703703703704 0.0932291666667
1 0.323611111111 0.957552083333 0.0638888888889 0.0838541666667
1 0.378703703704 0.95703125 0.0722222222222 0.0848958333333
