0 0.213425925926 0.028125 0.102777777778 0.0572916666667
0 0.306018518519 0.02890625 0.0990740740741 0.0588541666667
0 0.39537037037 0.0294270833333 0.0962962962963 0.0598958333333
0 0.498148148148 0.03046875 0.125925925926 0.0619791666667
0 0.671296296296 0.03046875 0.125925925926 0.0619791666667
0 0.950925925926 0.0247395833333 0.0962962962963 0.0505208333333
0 0.0467592592593 0.165104166667 0.0953703703704 0.0958333333333
0 0.131018518519 0.16640625 0.0990740740741 0.102604166667
0 0.227777777778 0.167447916667 0.127777777778 0.1078125
0 0.0509259259259 0.258854166667 0.103703703704 0.0989583333333
0 0.136111111111 0.260416666667 0.105555555556 0.0927083333333
0 0.231018518519 0.261197916667 0.113888888889 0.0890625
0 0.322685185185 0.261197916667 0.0990740740741 0.0963541666667
0 0.405555555556 0.26171875 0.105555555556 0.0953125
0 0.494444444444 0.262760416667 0.105555555556 0.0953125
0 0.690740740741 0.161979166667 0.222222222222 0.102083333333
0 0.933333333333 0.164583333333 0.131481481481 0.109375
0 0.678240740741 0.266927083333 0.206481481481 0.100520833333
0 0.929166666667 0.269791666667 0.139814814815 0.0927083333333
0 0.566203703704 0.403125 0.0842592592593 0.0927083333333
0 0.656481481481 0.400260416667 0.0851851851852 0.0963541666667
0 0.739814814815 0.401302083333 0.087037037037 0.0942708333333
0 0.836111111111 0.400520833333 0.0888888888889 0.090625
0 0.923148148148 0.403125 0.1 0.090625
0 0.566203703704 0.488541666667 0.0972222222222 0.08125
0 0.651851851852 0.491666666667 0.0907407407407 0.0802083333333
0 0.734722222222 0.490885416667 0.0972222222222 0.0859375
0 0.82962962963 0.4921875 0.101851851852 0.0833333333333
0 0.91712962963 0.490364583333 0.0990740740741 0.0796875
0 0.0569444444444 0.5984375 0.102777777778 0.0833333333333
0 0.146296296296 0.597395833333 0.0925925925926 0.08125
0 0.0518518518519 0.395572916667 0.105555555556 0.0984375
0 0.314351851852 0.404166666667 0.115740740741 0.08125
0 0.477777777778 0.403385416667 0.105555555556 0.0869791666667
0 0.484722222222 0.494010416667 0.112037037037 0.0869791666667
0 0.310185185185 0.489322916667 0.103703703704 0.0848958333333
0 0.0712962962963 0.477604166667 0.111111111111 0.0875
0 0.225462962963 0.603645833333 0.0824074074074 0.0802083333333
0 0.305555555556 0.604947916667 0.107407407407 0.0890625
0 0.0652777777778 0.6796875 0.102777777778 0.0791666666667
0 0.146296296296 0.6765625 0.0851851851852 0.0822916666667
0 0.221296296296 0.681770833333 0.087037037037 0.0791666666667
0 0.311111111111 0.682291666667 0.101851851852 0.0822916666667
0 0.400462962963 0.6609375 0.0953703703704 0.120833333333
0 0.474537037037 0.662239583333 0.0953703703704 0.118229166667
0 0.556018518519 0.667447916667 0.0842592592593 0.1265625
0 0.64212962963 0.67109375 0.0935185185185 0.1171875
0 0.719444444444 0.675 0.0833333333333 0.130208333333
0 0.806018518519 0.675 0.0953703703704 0.120833333333
0 0.881944444444 0.6765625 0.0916666666667 0.121875
0 0.956944444444 0.680989583333 0.0842592592593 0.1203125
0 0.0805555555556 0.796354166667 0.0962962962963 0.102083333333
0 0.152777777778 0.80546875 0.0888888888889 0.109895833333
0 0.235185185185 0.8046875 0.0888888888889 0.104166666667
0 0.300462962963 0.805729166667 0.0805555555556 0.0927083333333
0 0.3875 0.81328125 0.0972222222222 0.105729166667
0 0.463425925926 0.818489583333 0.0805555555556 0.0953125
0 0.55 0.81796875 0.0888888888889 0.1078125
0 0.622685185185 0.82421875 0.0824074074074 0.1046875
0 0.708333333333 0.82421875 0.0888888888889 0.106770833333
0 0.790277777778 0.829427083333 0.0842592592593 0.0984375
0 0.876851851852 0.83046875 0.0888888888889 0.105729166667
0 0.955092592593 0.832552083333 0.087962962963 0.106770833333
0 0.365740740741 0.940625 0.0944444444444 0.0916666666667
0 0.48287037037 0.954947916667 0.0787037037037 0.0838541666667
0 0.813888888889 0.9625 0.087037037037 0.0708333333333
