1 0.160185185185 0.0799479166667 0.107407407407 0.0994791666667
1 0.673148148148 0.0408854166667 0.105555555556 0.0828125
1 0.8375 0.03046875 0.113888888889 0.0619791666667
1 0.915740740741 0.03125 0.0888888888889 0.0635416666667
1 0.249537037037 0.0817708333333 0.100925925926 0.0895833333333
1 0.331481481481 0.0822916666667 0.0851851851852 0.090625
1 0.411574074074 0.0822916666667 0.100925925926 0.0947916666667
1 0.502777777778 0.0859375 0.0888888888889 0.0927083333333
1 0.580555555556 0.08828125 0.101851851852 0.0953125
1 0.656944444444 0.103645833333 0.0768518518519 0.0729166666667
1 0.758333333333 0.0921875 0.087037037037 0.0989583333333
1 0.835648148148 0.09453125 0.110185185185 0.0963541666667
1 0.924537037037 0.100520833333 0.0842592592593 0.0958333333333
1 0.0796296296296 0.271614583333 0.107407407407 0.121354166667
1 0.158333333333 0.275 0.0888888888889 0.121875
1 0.231018518519 0.278385416667 0.0972222222222 0.1265625
1 0.315277777778 0.282291666667 0.0842592592593 0.126041666667
1 0.39537037037 0.28671875 0.109259259259 0.128645833333
1 0.493518518519 0.291927083333 0.107407407407 0.1296875
1 0.573148148148 0.29453125 0.107407407407 0.128645833333
1 0.649537037037 0.296614583333 0.102777777778 0.127604166667
1 0.731018518519 0.301302083333 0.0972222222222 0.127604166667
1 0.825462962963 0.305729166667 0.137962962963 0.127083333333
1 0.931481481481 0.306770833333 0.111111111111 0.125
1 0.0587962962963 0.44921875 0.0787037037037 0.134895833333
1 0.123611111111 0.452604166667 0.0935185185185 0.134375
1 0.185185185185 0.459635416667 0.0685185185185 0.125520833333
1 0.249537037037 0.459635416667 0.0805555555556 0.131770833333
1 0.357407407407 0.447135416667 0.0833333333333 0.127604166667
1 0.436574074074 0.4671875 0.0768518518519 0.13125
1 0.504166666667 0.471875 0.0768518518519 0.13125
1 0.56712962963 0.4734375 0.0861111111111 0.134375
1 0.636111111111 0.4765625 0.0814814814815 0.13125
1 0.705092592593 0.481770833333 0.0787037037037 0.132291666667
1 0.768981481481 0.485677083333 0.102777777778 0.130729166667
1 0.834722222222 0.486458333333 0.0953703703704 0.134375
1 0.909722222222 0.490364583333 0.0972222222222 0.140104166667
1 0.958796296296 0.4984375 0.0805555555556 0.133333333333
1 0.0486111111111 0.6078125 0.0916666666667 0.127083333333
1 0.119907407407 0.611458333333 0.0805555555556 0.113541666667
1 0.177314814815 0.617447916667 0.0805555555556 0.128645833333
1 0.241666666667 0.620572916667 0.0703703703704 0.127604166667
1 0.299537037037 0.62109375 0.0787037037037 0.130729166667
1 0.3625 0.628645833333 0.0768518518519 0.132291666667
1 0.421296296296 0.631510416667 0.0740740740741 0.130729166667
1 0.483796296296 0.634635416667 0.0935185185185 0.127604166667
1 0.548611111111 0.64140625 0.0787037037037 0.127604166667
1 0.614814814815 0.642447916667 0.087037037037 0.1296875
1 0.686574074074 0.648958333333 0.0953703703704 0.133333333333
1 0.793518518519 0.65234375 0.0944444444444 0.128645833333
1 0.864351851852 0.653645833333 0.0935185185185 0.13125
1 0.932407407407 0.6578125 0.0962962962963 0.122916666667
1 0.0310185185185 0.758854166667 0.0638888888889 0.110416666667
1 0.0763888888889 0.762760416667 0.0731481481481 0.116145833333
1 0.137037037037 0.766927083333 0.0740740740741 0.109895833333
1 0.190740740741 0.7703125 0.0703703703704 0.114583333333
1 0.25 0.780729166667 0.0703703703704 0.114583333333
1 0.311111111111 0.780729166667 0.0648148148148 0.110416666667
1 0.359259259259 0.78203125 0.0703703703704 0.1171875
1 0.418055555556 0.7859375 0.0675925925926 0.113541666667
1 0.472685185185 0.792447916667 0.0787037037037 0.1171875
1 0.540277777778 0.794791666667 0.0787037037037 0.119791666667
1 0.593055555556 0.801041666667 0.0842592592593 0.115625
1 0.656944444444 0.802864583333 0.0768518518519 0.109895833333
1 0.716203703704 0.802083333333 0.0805555555556 0.102083333333
1 0.765740740741 0.80859375 0.0814814814815 0.105729166667
1 0.825462962963 0.813802083333 0.0805555555556 0.1109375
1 0.893981481481 0.821875 0.0990740740741 0.115625
1 0.0444444444444 0.928385416667 0.0740740740741 0.1046875
1 0.114351851852 0.9359375 0.075 0.1125
1 0.172222222222 0.919270833333 0.0611111111111 0.104166666667
1 0.217592592593 0.926041666667 0.0740740740741 0.109375
1 0.270833333333 0.93203125 0.075 0.108854166667
1 0.311111111111 0.941927083333 0.0722222222222 0.115104166667
1 0.370833333333 0.944791666667 0.0768518518519 0.109375
1 0.429166666667 0.946614583333 0.075 0.105729166667
1 0.48287037037 0.944791666667 0.0861111111111 0.109375
