1 0.0560185185185 0.15 0.113888888889 0.0989583333333
1 0.146296296296 0.15234375 0.0888888888889 0.0890625
4 0.257407407407 0.198958333333 0.240740740741 0.186458333333
1 0.42037037037 0.148958333333 0.109259259259 0.101041666667
1 0.502314814815 0.154166666667 0.0842592592593 0.090625
1 0.568981481481 0.151822916667 0.0824074074074 0.0859375
1 0.636111111111 0.15390625 0.0851851851852 0.0859375
1 0.708333333333 0.143489583333 0.0925925925926 0.118229166667
1 0.784259259259 0.141927083333 0.105555555556 0.1171875
1 0.864351851852 0.1390625 0.113888888889 0.113541666667
1 0.946759259259 0.142447916667 0.10462962963 0.1203125
1 0.0555555555556 0.34375 0.105555555556 0.153125
1 0.455092592593 0.3375 0.0842592592593 0.146875
1 0.525925925926 0.331770833333 0.103703703704 0.15
1 0.613425925926 0.334114583333 0.110185185185 0.1609375
1 0.694907407407 0.331770833333 0.0953703703704 0.154166666667
1 0.759259259259 0.329947916667 0.0888888888889 0.141145833333
1 0.828703703704 0.3328125 0.107407407407 0.154166666667
1 0.938888888889 0.333333333333 0.105555555556 0.153125
1 0.0310185185185 0.5640625 0.0638888888889 0.127083333333
1 0.0782407407407 0.5546875 0.0601851851852 0.125
1 0.133796296296 0.556770833333 0.0768518518519 0.134375
1 0.493055555556 0.56328125 0.119444444444 0.138020833333
1 0.580555555556 0.564322916667 0.101851851852 0.128645833333
1 0.664814814815 0.544010416667 0.101851851852 0.127604166667
1 0.765740740741 0.544270833333 0.0888888888889 0.122916666667
1 0.802314814815 0.560416666667 0.102777777778 0.134375
1 0.868518518519 0.548177083333 0.0759259259259 0.130729166667
1 0.928240740741 0.550260416667 0.0842592592593 0.141145833333
1 0.974537037037 0.555989583333 0.0490740740741 0.1390625
1 0.0662037037037 0.705729166667 0.0842592592593 0.09375
1 0.146296296296 0.702604166667 0.0851851851852 0.0927083333333
1 0.386111111111 0.729947916667 0.124074074074 0.140104166667
1 0.486111111111 0.734635416667 0.125925925926 0.138020833333
1 0.593055555556 0.733333333333 0.130555555556 0.135416666667
1 0.706018518519 0.733333333333 0.117592592593 0.13125
1 0.796759259259 0.72890625 0.0842592592593 0.1171875
1 0.881944444444 0.729166666667 0.136111111111 0.122916666667
1 0.956944444444 0.738541666667 0.0842592592593 0.122916666667
1 0.0375 0.8890625 0.0768518518519 0.109375
1 0.149537037037 0.904166666667 0.102777777778 0.14375
1 0.211111111111 0.889583333333 0.0666666666667 0.103125
1 0.308796296296 0.892447916667 0.117592592593 0.118229166667
1 0.383333333333 0.92109375 0.142592592593 0.156770833333
1 0.483796296296 0.9015625 0.0935185185185 0.122916666667
1 0.576388888889 0.917447916667 0.137962962963 0.1421875
1 0.732407407407 0.923177083333 0.148148148148 0.149479166667
1 0.872685185185 0.926302083333 0.121296296296 0.146354166667
1 0.959259259259 0.927604166667 0.0796296296296 0.14375
