5 0.0356481481481 0.15078125 0.0731481481481 0.1390625
5 0.103703703704 0.1453125 0.0981481481481 0.144791666667
5 0.206481481481 0.141927083333 0.116666666667 0.144270833333
5 0.300462962963 0.141145833333 0.0898148148148 0.136458333333
5 0.391666666667 0.15078125 0.0907407407407 0.1171875
5 0.471296296296 0.153125 0.0796296296296 0.114583333333
5 0.527314814815 0.155729166667 0.0601851851852 0.105208333333
5 0.579166666667 0.150260416667 0.0712962962963 0.1109375
5 0.67962962963 0.14609375 0.0814814814815 0.105729166667
5 0.751388888889 0.144791666667 0.0731481481481 0.1125
5 0.81712962963 0.136979166667 0.0731481481481 0.113541666667
5 0.889351851852 0.133072916667 0.0935185185185 0.121354166667
5 0.961111111111 0.120052083333 0.0759259259259 0.1453125
5 0.0472222222222 0.357552083333 0.0685185185185 0.158854166667
5 0.116666666667 0.35703125 0.101851851852 0.169270833333
5 0.1875 0.350260416667 0.0657407407407 0.153645833333
5 0.258333333333 0.351302083333 0.0851851851852 0.158854166667
5 0.339814814815 0.3484375 0.0962962962963 0.157291666667
5 0.422685185185 0.34609375 0.087962962963 0.161979166667
5 0.532407407407 0.34140625 0.087037037037 0.150520833333
5 0.60787037037 0.340885416667 0.0768518518519 0.149479166667
5 0.668981481481 0.3359375 0.0731481481481 0.1375
5 0.735648148148 0.336197916667 0.075 0.144270833333
5 0.799074074074 0.334895833333 0.0833333333333 0.151041666667
5 0.871296296296 0.340104166667 0.0703703703704 0.123958333333
5 0.939814814815 0.340104166667 0.0814814814815 0.129166666667
5 0.0541666666667 0.553385416667 0.0916666666667 0.1578125
5 0.125925925926 0.554427083333 0.0833333333333 0.152604166667
5 0.21712962963 0.546614583333 0.100925925926 0.134895833333
5 0.268055555556 0.537760416667 0.075 0.1265625
5 0.330555555556 0.53125 0.0814814814815 0.146875
5 0.405555555556 0.540104166667 0.0925925925926 0.145833333333
5 0.477777777778 0.535677083333 0.087037037037 0.143229166667
5 0.537037037037 0.527604166667 0.0703703703704 0.141666666667
5 0.668055555556 0.517447916667 0.0712962962963 0.1359375
5 0.615277777778 0.5171875 0.0657407407407 0.132291666667
5 0.778240740741 0.527604166667 0.0824074074074 0.146875
5 0.723148148148 0.517447916667 0.0611111111111 0.1359375
5 0.83287037037 0.525 0.0712962962963 0.120833333333
5 0.919444444444 0.526302083333 0.0962962962963 0.1234375
5 0.161111111111 0.752864583333 0.207407407407 0.194270833333
5 0.299537037037 0.734114583333 0.167592592593 0.165104166667
5 0.423148148148 0.74375 0.111111111111 0.197916666667
5 0.514814814815 0.735416666667 0.111111111111 0.188541666667
5 0.627314814815 0.736979166667 0.117592592593 0.196875
5 0.760185185185 0.697135416667 0.157407407407 0.124479166667
5 0.943981481481 0.7265625 0.110185185185 0.189583333333
