1 0.134722222222 0.0854166666667 0.163888888889 0.121875
1 0.283796296296 0.0807291666667 0.102777777778 0.125
1 0.488425925926 0.07265625 0.14537037037 0.144270833333
1 0.713425925926 0.0716145833333 0.14537037037 0.115104166667
1 0.850462962963 0.06640625 0.0935185185185 0.106770833333
1 0.774537037037 0.308854166667 0.128703703704 0.13125
1 0.586111111111 0.316145833333 0.118518518519 0.147916666667
1 0.378240740741 0.32265625 0.121296296296 0.1421875
1 0.26712962963 0.319010416667 0.130555555556 0.143229166667
1 0.176851851852 0.3234375 0.125925925926 0.160416666667
1 0.0708333333333 0.324479166667 0.143518518519 0.152083333333
1 0.239814814815 0.5515625 0.12962962963 0.147916666667
1 0.127777777778 0.5546875 0.146296296296 0.160416666667
1 0.408333333333 0.747135416667 0.114814814815 0.143229166667
1 0.780092592593 0.927864583333 0.160185185185 0.143229166667
1 0.493981481481 0.927083333333 0.137962962963 0.144791666667
1 0.194444444444 0.9390625 0.142592592593 0.120833333333
1 0.0685185185185 0.934635416667 0.133333333333 0.128645833333
1 0.0444444444444 0.0950520833333 0.0907407407407 0.118229166667
1 0.375 0.0846354166667 0.109259259259 0.118229166667
1 0.921296296296 0.0635416666667 0.0703703703704 0.105208333333
1 0.968518518519 0.0583333333333 0.0611111111111 0.115625
1 0.470833333333 0.3203125 0.106481481481 0.133333333333
1 0.677314814815 0.304166666667 0.0805555555556 0.121875
1 0.896759259259 0.298958333333 0.0861111111111 0.138541666667
1 0.964351851852 0.2953125 0.0694444444444 0.145833333333
1 0.049537037037 0.562239583333 0.100925925926 0.158854166667
1 0.376851851852 0.551041666667 0.125925925926 0.132291666667
1 0.498611111111 0.544270833333 0.137962962963 0.141666666667
1 0.591666666667 0.454427083333 0.144444444444 0.0546875
1 0.711111111111 0.45625 0.140740740741 0.0583333333333
1 0.607407407407 0.545833333333 0.125925925926 0.133333333333
1 0.724537037037 0.559114583333 0.134259259259 0.146354166667
1 0.837962962963 0.538541666667 0.137037037037 0.14375
1 0.944907407407 0.54765625 0.108333333333 0.143229166667
1 0.0467592592593 0.754166666667 0.0953703703704 0.144791666667
1 0.126851851852 0.755989583333 0.127777777778 0.141145833333
1 0.203240740741 0.730989583333 0.0990740740741 0.119270833333
1 0.576388888889 0.915104166667 0.121296296296 0.126041666667
1 0.918055555556 0.884635416667 0.110185185185 0.0859375
1 0.499537037037 0.748958333333 0.119444444444 0.141666666667
1 0.603240740741 0.74609375 0.134259259259 0.1609375
1 0.72037037037 0.724739583333 0.12962962963 0.136979166667
1 0.823611111111 0.741145833333 0.134259259259 0.155208333333
1 0.936574074074 0.735416666667 0.125 0.155208333333
