0 0.144444444444 0.090625 0.17962962963 0.113541666667
0 0.136111111111 0.204947916667 0.166666666667 0.116145833333
0 0.418055555556 0.0799479166667 0.20462962963 0.127604166667
0 0.408796296296 0.209114583333 0.206481481481 0.1265625
0 0.551851851852 0.0854166666667 0.0851851851852 0.123958333333
0 0.535185185185 0.210677083333 0.0722222222222 0.118229166667
0 0.650462962963 0.0776041666667 0.130555555556 0.141666666667
0 0.623611111111 0.205729166667 0.137962962963 0.135416666667
0 0.751388888889 0.0880208333333 0.0972222222222 0.122916666667
0 0.737962962963 0.211197916667 0.087037037037 0.128645833333
0 0.855092592593 0.07421875 0.119444444444 0.136979166667
0 0.947685185185 0.0755208333333 0.102777777778 0.136458333333
0 0.83287037037 0.208854166667 0.132407407407 0.133333333333
0 0.938425925926 0.209635416667 0.121296296296 0.131770833333
0 0.316203703704 0.372395833333 0.112037037037 0.110416666667
0 0.415740740741 0.377604166667 0.0925925925926 0.104166666667
0 0.5125 0.38203125 0.121296296296 0.108854166667
0 0.691666666667 0.398177083333 0.109259259259 0.0973958333333
0 0.661111111111 0.50546875 0.109259259259 0.0848958333333
0 0.212962962963 0.662760416667 0.087037037037 0.1421875
0 0.298611111111 0.673177083333 0.0972222222222 0.149479166667
0 0.387962962963 0.673177083333 0.103703703704 0.1421875
0 0.45 0.697135416667 0.111111111111 0.152604166667
0 0.544444444444 0.888020833333 0.0944444444444 0.120833333333
0 0.444907407407 0.86953125 0.0972222222222 0.116145833333
0 0.631481481481 0.908333333333 0.0944444444444 0.116666666667
0 0.721759259259 0.933854166667 0.123148148148 0.13125
0 0.837962962963 0.949479166667 0.125925925926 0.1
0 0.941666666667 0.951302083333 0.114814814815 0.0963541666667
0 0.294444444444 0.835416666667 0.105555555556 0.1125
0 0.220833333333 0.360677083333 0.0972222222222 0.0942708333333
0 0.23287037037 0.458072916667 0.0935185185185 0.0869791666667
0 0.321296296296 0.46640625 0.0888888888889 0.0973958333333
0 0.40787037037 0.473697916667 0.108333333333 0.0953125
0 0.49212962963 0.49140625 0.10462962963 0.115104166667
0 0.149074074074 0.653645833333 0.107407407407 0.142708333333
0 0.0763888888889 0.64140625 0.0972222222222 0.136979166667
0 0.212037037037 0.813802083333 0.0851851851852 0.1203125
