1 0.025462962963 0.126302083333 0.0527777777778 0.0734375
1 0.389351851852 0.894791666667 0.0731481481481 0.0770833333333
1 0.445833333333 0.9140625 0.075 0.0791666666667
4 0.535648148148 0.913802083333 0.0731481481481 0.0817708333333
4 0.106018518519 0.127083333333 0.123148148148 0.08125
4 0.233796296296 0.134114583333 0.121296296296 0.0838541666667
4 0.323611111111 0.134635416667 0.102777777778 0.0755208333333
4 0.415740740741 0.1390625 0.112962962963 0.0791666666667
4 0.544907407407 0.146614583333 0.130555555556 0.0734375
4 0.708333333333 0.146614583333 0.109259259259 0.0734375
4 0.901851851852 0.150260416667 0.111111111111 0.0807291666667
4 0.826388888889 0.142447916667 0.0712962962963 0.0744791666667
4 0.0708333333333 0.260677083333 0.143518518519 0.125520833333
4 0.22962962963 0.26640625 0.142592592593 0.124479166667
4 0.381481481481 0.27109375 0.161111111111 0.1265625
4 0.533796296296 0.278125 0.162037037037 0.127083333333
4 0.683796296296 0.28125 0.162037037037 0.128125
4 0.844907407407 0.284114583333 0.169444444444 0.1265625
4 0.952314814815 0.290885416667 0.0935185185185 0.125520833333
4 0.0847222222222 0.42109375 0.14537037037 0.122395833333
4 0.231018518519 0.425 0.14537037037 0.120833333333
4 0.386574074074 0.43359375 0.150925925926 0.116145833333
4 0.552314814815 0.434375 0.191666666667 0.129166666667
4 0.725 0.441927083333 0.188888888889 0.134895833333
4 0.913425925926 0.446875 0.171296296296 0.1375
4 0.125 0.5375 0.216666666667 0.0625
4 0.339814814815 0.55078125 0.218518518519 0.0671875
4 0.561111111111 0.564322916667 0.216666666667 0.0682291666667
4 0.799074074074 0.586458333333 0.231481481481 0.053125
4 0.834259259259 0.553125 0.216666666667 0.04375
4 0.109722222222 0.5953125 0.221296296296 0.05625
4 0.32962962963 0.604427083333 0.214814814815 0.0557291666667
4 0.553703703704 0.611979166667 0.231481481481 0.05625
4 0.783333333333 0.627083333333 0.225925925926 0.053125
4 0.944907407407 0.6328125 0.108333333333 0.0479166666667
4 0.165277777778 0.672395833333 0.187962962963 0.053125
4 0.210648148148 0.734635416667 0.226851851852 0.0682291666667
4 0.435185185185 0.743229166667 0.218518518519 0.078125
4 0.668981481481 0.746614583333 0.247222222222 0.0973958333333
4 0.89537037037 0.7640625 0.207407407407 0.0958333333333
4 0.0444444444444 0.872916666667 0.0907407407407 0.10625
4 0.135648148148 0.884114583333 0.0935185185185 0.0984375
4 0.244444444444 0.8609375 0.0925925925926 0.0947916666667
4 0.343055555556 0.86328125 0.0935185185185 0.0973958333333
4 0.654166666667 0.870572916667 0.182407407407 0.118229166667
4 0.84537037037 0.880729166667 0.201851851852 0.1125
4 0.97037037037 0.889583333333 0.0574074074074 0.104166666667
4 0.659722222222 0.949739583333 0.184259259259 0.0578125
4 0.847685185185 0.95859375 0.189814814815 0.0588541666667
