1 0.115277777778 0.4609375 0.075 0.0875
1 0.0555555555556 0.278645833333 0.0814814814815 0.096875
6 0.0962962962963 0.672135416667 0.0925925925926 0.0838541666667
6 0.840740740741 0.2859375 0.111111111111 0.0802083333333
6 0.954166666667 0.28828125 0.0898148148148 0.0807291666667
6 0.853240740741 0.472916666667 0.106481481481 0.078125
6 0.956481481481 0.474739583333 0.0851851851852 0.0765625
6 0.909259259259 0.601302083333 0.12962962963 0.0682291666667
6 0.828703703704 0.653125 0.116666666667 0.0864583333333
6 0.945833333333 0.660416666667 0.106481481481 0.0770833333333
6 0.70787037037 0.93359375 0.150925925926 0.0901041666667
6 0.0328703703704 0.820052083333 0.0675925925926 0.0713541666667
6 0.190740740741 0.79140625 0.114814814815 0.0744791666667
6 0.349074074074 0.827604166667 0.111111111111 0.0802083333333
6 0.530092592593 0.82578125 0.100925925926 0.0765625
6 0.131944444444 0.914583333333 0.19537037037 0.05625
6 0.337037037037 0.911458333333 0.2 0.0625
6 0.536574074074 0.914583333333 0.193518518519 0.05625
