5 0.0412037037037 0.182291666667 0.0842592592593 0.10625
5 0.10462962963 0.18359375 0.0833333333333 0.106770833333
5 0.169444444444 0.17890625 0.0851851851852 0.108854166667
5 0.254166666667 0.17890625 0.0694444444444 0.108854166667
5 0.306018518519 0.174739583333 0.0787037037037 0.1171875
5 0.385648148148 0.1734375 0.0898148148148 0.123958333333
5 0.438425925926 0.181770833333 0.0509259259259 0.0979166666667
5 0.490740740741 0.175 0.0814814814815 0.104166666667
5 0.565277777778 0.177083333333 0.0731481481481 0.103125
5 0.624537037037 0.172135416667 0.0564814814815 0.109895833333
5 0.68287037037 0.1609375 0.087962962963 0.128125
5 0.753703703704 0.164583333333 0.0777777777778 0.130208333333
5 0.81712962963 0.17109375 0.0768518518519 0.109895833333
5 0.896296296296 0.161458333333 0.0925925925926 0.121875
5 0.976388888889 0.156770833333 0.0453703703704 0.13125
5 0.0305555555556 0.363802083333 0.062962962963 0.1265625
5 0.125925925926 0.362760416667 0.0833333333333 0.131770833333
5 0.21712962963 0.361458333333 0.0916666666667 0.13125
5 0.291203703704 0.3609375 0.0787037037037 0.135416666667
5 0.386574074074 0.362239583333 0.075 0.134895833333
5 0.452314814815 0.359114583333 0.087962962963 0.133854166667
5 0.531018518519 0.35859375 0.0898148148148 0.1421875
5 0.627777777778 0.358072916667 0.0796296296296 0.141145833333
5 0.696296296296 0.357291666667 0.0685185185185 0.152083333333
5 0.748148148148 0.354427083333 0.0666666666667 0.152604166667
5 0.805555555556 0.354947916667 0.0666666666667 0.149479166667
5 0.874074074074 0.354427083333 0.0814814814815 0.1484375
5 0.950462962963 0.35078125 0.0935185185185 0.152604166667
5 0.0157407407407 0.537760416667 0.0333333333333 0.133854166667
5 0.0625 0.5390625 0.0712962962963 0.129166666667
5 0.111111111111 0.533333333333 0.05 0.130208333333
5 0.158796296296 0.534635416667 0.0601851851852 0.127604166667
5 0.203703703704 0.526822916667 0.0518518518519 0.124479166667
5 0.258333333333 0.52890625 0.0814814814815 0.1234375
5 0.314814814815 0.5234375 0.0537037037037 0.114583333333
5 0.373611111111 0.527604166667 0.087962962963 0.120833333333
5 0.4375 0.525260416667 0.0583333333333 0.127604166667
5 0.483796296296 0.53125 0.0712962962963 0.130208333333
5 0.553240740741 0.5359375 0.075 0.139583333333
5 0.622222222222 0.528645833333 0.0777777777778 0.128125
5 0.690277777778 0.534895833333 0.0768518518519 0.1375
5 0.765277777778 0.53359375 0.0842592592593 0.134895833333
5 0.831018518519 0.535416666667 0.0787037037037 0.140625
5 0.897685185185 0.5359375 0.0861111111111 0.146875
5 0.964351851852 0.534895833333 0.0694444444444 0.139583333333
5 0.0296296296296 0.74296875 0.0611111111111 0.168229166667
5 0.0972222222222 0.7390625 0.0944444444444 0.179166666667
5 0.208796296296 0.696875 0.10462962963 0.113541666667
5 0.351388888889 0.716927083333 0.14537037037 0.144270833333
5 0.474537037037 0.7109375 0.149074074074 0.148958333333
5 0.676388888889 0.741927083333 0.143518518519 0.1640625
5 0.6 0.710677083333 0.12962962963 0.159895833333
5 0.863888888889 0.728385416667 0.17037037037 0.193229166667
5 0.0222222222222 0.950260416667 0.0462962962963 0.0973958333333
5 0.0787037037037 0.952864583333 0.0814814814815 0.0869791666667
