4 0.0314814814815 0.136458333333 0.0648148148148 0.105208333333
4 0.156018518519 0.129947916667 0.147222222222 0.1234375
4 0.312037037037 0.146875 0.112962962963 0.0875
4 0.427777777778 0.1375 0.127777777778 0.1125
4 0.561111111111 0.139322916667 0.140740740741 0.108854166667
4 0.69212962963 0.139583333333 0.136111111111 0.108333333333
4 0.840277777778 0.138802083333 0.115740740741 0.1171875
4 0.941666666667 0.135416666667 0.0981481481481 0.121875
4 0.0560185185185 0.303125 0.113888888889 0.08125
4 0.168518518519 0.309114583333 0.12962962963 0.0723958333333
4 0.291203703704 0.3078125 0.108333333333 0.0791666666667
4 0.352777777778 0.322916666667 0.142592592593 0.065625
4 0.506018518519 0.310416666667 0.165740740741 0.0885416666667
4 0.663425925926 0.311458333333 0.163888888889 0.0885416666667
4 0.85 0.295572916667 0.155555555556 0.127604166667
4 0.95787037037 0.294010416667 0.0824074074074 0.1359375
4 0.0347222222222 0.453125 0.0712962962963 0.121875
4 0.138425925926 0.45390625 0.134259259259 0.1234375
4 0.27962962963 0.455729166667 0.140740740741 0.119791666667
4 0.405555555556 0.452083333333 0.1 0.114583333333
4 0.516203703704 0.451302083333 0.0898148148148 0.118229166667
4 0.618981481481 0.456770833333 0.117592592593 0.127083333333
4 0.788425925926 0.452604166667 0.176851851852 0.130208333333
4 0.919444444444 0.456770833333 0.159259259259 0.13125
4 0.129166666667 0.599739583333 0.191666666667 0.1171875
4 0.321759259259 0.596614583333 0.175 0.108854166667
4 0.448611111111 0.595052083333 0.0898148148148 0.100520833333
4 0.533333333333 0.58515625 0.0981481481481 0.0911458333333
4 0.644444444444 0.593229166667 0.112962962963 0.096875
4 0.811574074074 0.608072916667 0.189814814815 0.0984375
4 0.956481481481 0.6015625 0.0851851851852 0.111458333333
4 0.0666666666667 0.74140625 0.135185185185 0.1171875
4 0.186111111111 0.742447916667 0.0981481481481 0.105729166667
4 0.29212962963 0.743229166667 0.115740740741 0.111458333333
4 0.409722222222 0.747395833333 0.134259259259 0.114583333333
4 0.612037037037 0.747135416667 0.272222222222 0.119270833333
4 0.853240740741 0.75 0.19537037037 0.104166666667
4 0.949074074074 0.749479166667 0.1 0.121875
4 0.0518518518519 0.90078125 0.105555555556 0.1484375
4 0.230092592593 0.88671875 0.256481481481 0.111979166667
4 0.237962962963 0.959635416667 0.198148148148 0.0401041666667
4 0.433796296296 0.9234375 0.191666666667 0.101041666667
4 0.656018518519 0.920572916667 0.225 0.118229166667
4 0.812962962963 0.86328125 0.174074074074 0.0682291666667
4 0.953240740741 0.8984375 0.0916666666667 0.090625
4 0.835185185185 0.945572916667 0.188888888889 0.0921875
