1 0.113425925926 0.14296875 0.0805555555556 0.1046875
1 0.19212962963 0.142708333333 0.0842592592593 0.111458333333
1 0.260185185185 0.144791666667 0.0777777777778 0.111458333333
1 0.326388888889 0.147135416667 0.0861111111111 0.109895833333
1 0.399074074074 0.1515625 0.0592592592593 0.101041666667
1 0.475 0.146614583333 0.0814814814815 0.128645833333
1 0.546296296296 0.14765625 0.0666666666667 0.1203125
1 0.647685185185 0.153385416667 0.062037037037 0.0942708333333
1 0.706018518519 0.161979166667 0.075 0.0979166666667
1 0.774074074074 0.156770833333 0.0685185185185 0.0979166666667
1 0.846759259259 0.160416666667 0.0712962962963 0.101041666667
1 0.922222222222 0.154947916667 0.0740740740741 0.0973958333333
1 0.940740740741 0.2953125 0.116666666667 0.141666666667
1 0.831018518519 0.295833333333 0.132407407407 0.153125
1 0.723148148148 0.303645833333 0.107407407407 0.14375
1 0.618055555556 0.3 0.102777777778 0.1375
1 0.526851851852 0.299479166667 0.111111111111 0.129166666667
1 0.415740740741 0.3015625 0.111111111111 0.127083333333
1 0.314814814815 0.30390625 0.0981481481481 0.138020833333
1 0.214351851852 0.299739583333 0.126851851852 0.134895833333
1 0.118518518519 0.297916666667 0.103703703704 0.134375
1 0.105555555556 0.447916666667 0.12037037037 0.115625
1 0.205555555556 0.453385416667 0.112962962963 0.133854166667
1 0.294444444444 0.4578125 0.0944444444444 0.1375
1 0.387037037037 0.451302083333 0.0944444444444 0.1234375
1 0.482407407407 0.45390625 0.107407407407 0.134895833333
1 0.57962962963 0.453125 0.116666666667 0.13125
1 0.678240740741 0.451302083333 0.117592592593 0.140104166667
1 0.784259259259 0.449479166667 0.109259259259 0.13125
1 0.891666666667 0.446354166667 0.111111111111 0.123958333333
1 0.144907407407 0.587239583333 0.117592592593 0.111979166667
1 0.22962962963 0.583072916667 0.0944444444444 0.106770833333
1 0.322222222222 0.582291666667 0.112962962963 0.111458333333
1 0.415740740741 0.584635416667 0.105555555556 0.109895833333
1 0.513425925926 0.584635416667 0.108333333333 0.109895833333
1 0.602777777778 0.578645833333 0.101851851852 0.111458333333
1 0.702777777778 0.58046875 0.105555555556 0.103645833333
1 0.792592592593 0.58125 0.0981481481481 0.101041666667
1 0.888888888889 0.5765625 0.105555555556 0.105208333333
1 0.172222222222 0.725260416667 0.12962962963 0.1234375
1 0.0578703703704 0.734895833333 0.112037037037 0.125
1 0.281481481481 0.726041666667 0.0962962962963 0.121875
1 0.368055555556 0.718489583333 0.108333333333 0.109895833333
1 0.473611111111 0.716927083333 0.102777777778 0.116145833333
1 0.556481481481 0.719270833333 0.1 0.108333333333
1 0.633333333333 0.725260416667 0.087037037037 0.0911458333333
1 0.708796296296 0.713541666667 0.100925925926 0.107291666667
1 0.789351851852 0.7171875 0.087962962963 0.10625
1 0.863888888889 0.716666666667 0.0814814814815 0.109375
1 0.922222222222 0.72265625 0.0666666666667 0.0963541666667
1 0.222685185185 0.894270833333 0.123148148148 0.140625
1 0.326851851852 0.894010416667 0.118518518519 0.152604166667
1 0.440740740741 0.8953125 0.116666666667 0.154166666667
1 0.558333333333 0.897135416667 0.12962962963 0.141145833333
1 0.662037037037 0.897135416667 0.122222222222 0.1515625
1 0.786574074074 0.892447916667 0.143518518519 0.1421875
1 0.884722222222 0.896875 0.0824074074074 0.121875
1 0.0444444444444 0.149479166667 0.0907407407407 0.104166666667
1 0.593981481481 0.154166666667 0.062037037037 0.102083333333
1 0.972685185185 0.161197916667 0.0527777777778 0.0859375
1 0.0384259259259 0.29609375 0.0787037037037 0.128645833333
1 0.967592592593 0.444791666667 0.062962962963 0.111458333333
1 0.0361111111111 0.5859375 0.0740740740741 0.120833333333
1 0.956944444444 0.572135416667 0.0638888888889 0.0994791666667
1 0.972685185185 0.712239583333 0.0527777777778 0.1109375
1 0.960185185185 0.88984375 0.0777777777778 0.119270833333
