4 0.939351851852 0.11328125 0.119444444444 0.116145833333
4 0.821296296296 0.11328125 0.127777777778 0.118229166667
4 0.689351851852 0.103385416667 0.134259259259 0.124479166667
4 0.569444444444 0.1015625 0.107407407407 0.111458333333
4 0.468055555556 0.104947916667 0.106481481481 0.106770833333
4 0.356018518519 0.106770833333 0.110185185185 0.107291666667
4 0.252314814815 0.104947916667 0.119444444444 0.106770833333
4 0.141666666667 0.107552083333 0.124074074074 0.108854166667
4 0.0402777777778 0.106770833333 0.0824074074074 0.107291666667
4 0.929166666667 0.271354166667 0.139814814815 0.147916666667
4 0.0462962962963 0.272135416667 0.0944444444444 0.141145833333
4 0.16712962963 0.271614583333 0.149074074074 0.147395833333
4 0.309259259259 0.272135416667 0.144444444444 0.143229166667
4 0.460648148148 0.271614583333 0.180555555556 0.149479166667
4 0.634259259259 0.26875 0.188888888889 0.15
4 0.794907407407 0.27265625 0.143518518519 0.149479166667
4 0.0476851851852 0.43671875 0.0972222222222 0.128645833333
4 0.15462962963 0.453385416667 0.124074074074 0.133854166667
4 0.264814814815 0.443229166667 0.187037037037 0.144791666667
4 0.388425925926 0.4515625 0.117592592593 0.130208333333
4 0.524074074074 0.450260416667 0.168518518519 0.140104166667
4 0.72962962963 0.462239583333 0.244444444444 0.106770833333
4 0.917592592593 0.457552083333 0.162962962963 0.1109375
4 0.0717592592593 0.604947916667 0.14537037037 0.1015625
4 0.226851851852 0.599739583333 0.153703703704 0.115104166667
4 0.371759259259 0.59921875 0.137962962963 0.1109375
4 0.523148148148 0.597135416667 0.153703703704 0.1171875
4 0.657407407407 0.596614583333 0.142592592593 0.116145833333
4 0.766666666667 0.597916666667 0.101851851852 0.115625
4 0.910185185185 0.597916666667 0.166666666667 0.111458333333
4 0.0930555555556 0.75078125 0.175 0.1078125
4 0.246759259259 0.745833333333 0.143518518519 0.1125
4 0.382407407407 0.747916666667 0.201851851852 0.113541666667
4 0.543055555556 0.745572916667 0.180555555556 0.116145833333
4 0.725925925926 0.7484375 0.17037037037 0.119791666667
4 0.889814814815 0.747395833333 0.168518518519 0.121875
4 0.116666666667 0.861979166667 0.166666666667 0.0635416666667
4 0.1125 0.947135416667 0.178703703704 0.0932291666667
4 0.283796296296 0.903125 0.182407407407 0.0885416666667
4 0.287037037037 0.9671875 0.192592592593 0.05625
4 0.48287037037 0.862760416667 0.175 0.0526041666667
4 0.472222222222 0.9484375 0.174074074074 0.0885416666667
4 0.674074074074 0.912760416667 0.181481481481 0.0911458333333
4 0.676388888889 0.9765625 0.197222222222 0.046875
4 0.853240740741 0.8828125 0.178703703704 0.0864583333333
4 0.849074074074 0.954427083333 0.17037037037 0.0671875
