1 0.0393518518519 0.14609375 0.0805555555556 0.0807291666667
1 0.103240740741 0.146614583333 0.0731481481481 0.0848958333333
1 0.150462962963 0.15234375 0.0564814814815 0.0755208333333
1 0.211111111111 0.116666666667 0.0740740740741 0.059375
1 0.208796296296 0.1640625 0.062037037037 0.0614583333333
1 0.369444444444 0.158072916667 0.087037037037 0.0661458333333
1 0.441666666667 0.1609375 0.0703703703704 0.0625
1 0.508333333333 0.10078125 0.0722222222222 0.0744791666667
1 0.576388888889 0.102083333333 0.0731481481481 0.0697916666667
1 0.652314814815 0.0997395833333 0.0805555555556 0.0723958333333
1 0.717592592593 0.10546875 0.0703703703704 0.0671875
1 0.79537037037 0.105729166667 0.0740740740741 0.0604166666667
1 0.856018518519 0.104427083333 0.0768518518519 0.0630208333333
1 0.919444444444 0.101822916667 0.0703703703704 0.0651041666667
1 0.973611111111 0.103125 0.0509259259259 0.0625
1 0.506481481481 0.162760416667 0.0759259259259 0.0619791666667
1 0.574537037037 0.162760416667 0.0768518518519 0.0640625
1 0.643055555556 0.161458333333 0.0787037037037 0.0614583333333
1 0.710185185185 0.164583333333 0.0759259259259 0.0625
1 0.776388888889 0.162239583333 0.0638888888889 0.0598958333333
1 0.830555555556 0.164583333333 0.0777777777778 0.0625
1 0.906944444444 0.16328125 0.0787037037037 0.0651041666667
1 0.964351851852 0.1640625 0.0694444444444 0.06875
1 0.025 0.319010416667 0.0518518518519 0.0848958333333
1 0.0694444444444 0.319791666667 0.0666666666667 0.0927083333333
1 0.122685185185 0.319270833333 0.0657407407407 0.0916666666667
1 0.210185185185 0.321354166667 0.0888888888889 0.084375
1 0.272222222222 0.3203125 0.0722222222222 0.0916666666667
1 0.334722222222 0.320833333333 0.0861111111111 0.0927083333333
1 0.401388888889 0.322916666667 0.0638888888889 0.090625
1 0.460185185185 0.321354166667 0.0907407407407 0.0958333333333
1 0.602314814815 0.321875 0.075 0.090625
1 0.675462962963 0.309635416667 0.0768518518519 0.119270833333
1 0.753703703704 0.309895833333 0.0796296296296 0.11875
1 0.822685185185 0.31328125 0.0787037037037 0.1078125
1 0.881018518519 0.318489583333 0.0768518518519 0.1109375
1 0.951851851852 0.319010416667 0.087037037037 0.103645833333
1 0.0199074074074 0.48828125 0.0416666666667 0.109895833333
1 0.0476851851852 0.479427083333 0.0638888888889 0.1046875
1 0.087962962963 0.47578125 0.0703703703704 0.0973958333333
1 0.140277777778 0.472916666667 0.0805555555556 0.101041666667
1 0.209259259259 0.483854166667 0.0907407407407 0.111458333333
1 0.296759259259 0.48359375 0.0638888888889 0.1078125
1 0.35 0.488541666667 0.0759259259259 0.102083333333
1 0.406481481481 0.4875 0.0740740740741 0.10625
1 0.460185185185 0.493229166667 0.0740740740741 0.0979166666667
1 0.518055555556 0.489322916667 0.0583333333333 0.0984375
1 0.558796296296 0.502604166667 0.0787037037037 0.104166666667
1 0.610648148148 0.488802083333 0.0657407407407 0.108854166667
1 0.663888888889 0.469010416667 0.062962962963 0.0786458333333
1 0.710185185185 0.483854166667 0.0648148148148 0.102083333333
1 0.758796296296 0.492708333333 0.0657407407407 0.107291666667
1 0.843055555556 0.501302083333 0.075 0.1046875
1 0.90462962963 0.489583333333 0.0703703703704 0.102083333333
1 0.95 0.483333333333 0.0462962962963 0.0989583333333
1 0.982407407407 0.4828125 0.0333333333333 0.104166666667
1 0.0467592592593 0.657552083333 0.062037037037 0.118229166667
1 0.115740740741 0.66875 0.0685185185185 0.103125
1 0.177314814815 0.666145833333 0.0768518518519 0.103125
1 0.237037037037 0.638541666667 0.0759259259259 0.101041666667
1 0.296759259259 0.637760416667 0.0638888888889 0.0953125
1 0.356481481481 0.65390625 0.0888888888889 0.127604166667
1 0.409722222222 0.640625 0.0601851851852 0.101041666667
1 0.448148148148 0.645052083333 0.0537037037037 0.106770833333
1 0.483796296296 0.6546875 0.0768518518519 0.1125
1 0.55787037037 0.637239583333 0.0638888888889 0.1078125
1 0.616666666667 0.64375 0.0666666666667 0.102083333333
1 0.656944444444 0.66171875 0.0768518518519 0.109895833333
1 0.714351851852 0.6609375 0.0675925925926 0.1
1 0.758333333333 0.649479166667 0.0666666666667 0.1
1 0.815277777778 0.646614583333 0.0564814814815 0.0984375
1 0.867592592593 0.652864583333 0.062962962963 0.0994791666667
1 0.890277777778 0.666145833333 0.0787037037037 0.101041666667
1 0.955092592593 0.66875 0.0638888888889 0.101041666667
1 0.0509259259259 0.821354166667 0.087037037037 0.129166666667
1 0.120833333333 0.80625 0.0824074074074 0.123958333333
1 0.217592592593 0.81015625 0.087037037037 0.1390625
1 0.298611111111 0.802604166667 0.0842592592593 0.133333333333
1 0.354166666667 0.812239583333 0.0842592592593 0.147395833333
1 0.427314814815 0.816927083333 0.102777777778 0.149479166667
1 0.503703703704 0.805729166667 0.087037037037 0.132291666667
