2 0.0402777777778 0.0380208333333 0.0824074074074 0.0770833333333
2 0.0402777777778 0.113020833333 0.0824074074074 0.0895833333333
2 0.121759259259 0.0393229166667 0.117592592593 0.0796875
2 0.125925925926 0.1125 0.109259259259 0.0947916666667
2 0.235185185185 0.0299479166667 0.146296296296 0.0609375
2 0.237037037037 0.100260416667 0.15 0.0942708333333
2 0.376851851852 0.0328125 0.175925925926 0.0666666666667
2 0.377777777778 0.0989583333333 0.161111111111 0.103125
2 0.537037037037 0.0356770833333 0.162962962963 0.0723958333333
2 0.539814814815 0.102604166667 0.162962962963 0.084375
2 0.6875 0.10546875 0.212037037037 0.0901041666667
2 0.700925925926 0.0307291666667 0.168518518519 0.0614583333333
2 0.852314814815 0.0997395833333 0.178703703704 0.0994791666667
2 0.851388888889 0.0255208333333 0.160185185185 0.0520833333333
2 0.967592592593 0.0927083333333 0.062962962963 0.104166666667
2 0.0384259259259 0.246354166667 0.0787037037037 0.0916666666667
2 0.049537037037 0.334114583333 0.100925925926 0.0942708333333
2 0.135185185185 0.250260416667 0.148148148148 0.0994791666667
2 0.136111111111 0.33515625 0.142592592593 0.0942708333333
2 0.296759259259 0.254947916667 0.150925925926 0.0973958333333
2 0.294444444444 0.345833333333 0.138888888889 0.0916666666667
2 0.40787037037 0.259635416667 0.158333333333 0.0973958333333
2 0.536574074074 0.26015625 0.160185185185 0.105729166667
2 0.426388888889 0.348958333333 0.130555555556 0.0916666666667
2 0.525925925926 0.353645833333 0.148148148148 0.0895833333333
2 0.689351851852 0.280989583333 0.187962962963 0.0869791666667
2 0.689814814815 0.358333333333 0.2 0.0895833333333
2 0.875462962963 0.281510416667 0.210185185185 0.0953125
2 0.875462962963 0.36484375 0.189814814815 0.0994791666667
2 0.0231481481481 0.456770833333 0.0481481481481 0.0958333333333
2 0.1 0.465364583333 0.131481481481 0.0973958333333
2 0.0310185185185 0.545833333333 0.0638888888889 0.06875
2 0.120833333333 0.548177083333 0.136111111111 0.0828125
2 0.228703703704 0.472395833333 0.146296296296 0.0927083333333
2 0.23287037037 0.55390625 0.113888888889 0.0776041666667
2 0.360648148148 0.483333333333 0.137962962963 0.0989583333333
2 0.351851851852 0.564322916667 0.125925925926 0.0734375
2 0.498148148148 0.497916666667 0.159259259259 0.0885416666667
2 0.490277777778 0.568489583333 0.15462962963 0.0859375
2 0.649074074074 0.500260416667 0.181481481481 0.0859375
2 0.637037037037 0.57890625 0.157407407407 0.0859375
2 0.806018518519 0.515625 0.186111111111 0.0916666666667
2 0.802777777778 0.5921875 0.17962962963 0.084375
2 0.940277777778 0.519791666667 0.117592592593 0.0947916666667
2 0.948611111111 0.60546875 0.100925925926 0.0859375
2 0.0486111111111 0.6453125 0.0990740740741 0.0708333333333
2 0.0476851851852 0.7078125 0.0972222222222 0.06875
2 0.149074074074 0.65703125 0.107407407407 0.0796875
2 0.14212962963 0.727604166667 0.117592592593 0.075
2 0.249074074074 0.6796875 0.125925925926 0.08125
2 0.254166666667 0.74609375 0.119444444444 0.0640625
2 0.364814814815 0.692447916667 0.142592592593 0.0859375
2 0.351851851852 0.764583333333 0.125925925926 0.0729166666667
2 0.48287037037 0.695833333333 0.132407407407 0.0833333333333
2 0.47037037037 0.760677083333 0.107407407407 0.0786458333333
2 0.599074074074 0.774479166667 0.166666666667 0.115625
2 0.745833333333 0.776302083333 0.152777777778 0.115104166667
2 0.915740740741 0.716666666667 0.166666666667 0.0677083333333
2 0.920833333333 0.765885416667 0.156481481481 0.0473958333333
2 0.912037037037 0.79375 0.174074074074 0.0614583333333
2 0.908796296296 0.828385416667 0.180555555556 0.0640625
2 0.0476851851852 0.858072916667 0.0972222222222 0.0901041666667
2 0.0402777777778 0.920833333333 0.0824074074074 0.059375
2 0.109259259259 0.92890625 0.0925925925926 0.0661458333333
2 0.140277777778 0.855729166667 0.110185185185 0.08125
2 0.180555555556 0.89765625 0.111111111111 0.0848958333333
2 0.191666666667 0.95546875 0.0888888888889 0.0661458333333
2 0.306944444444 0.894270833333 0.121296296296 0.0895833333333
2 0.294444444444 0.961979166667 0.105555555556 0.0604166666667
2 0.400462962963 0.909375 0.119444444444 0.0916666666667
2 0.412037037037 0.96875 0.116666666667 0.0614583333333
2 0.568981481481 0.901822916667 0.189814814815 0.0901041666667
2 0.550925925926 0.968229166667 0.164814814815 0.05
2 0.752314814815 0.930208333333 0.193518518519 0.101041666667
2 0.930092592593 0.967447916667 0.137962962963 0.0640625
