1 0.0787037037037 0.189583333333 0.0962962962963 0.154166666667
1 0.160648148148 0.198697916667 0.0972222222222 0.138020833333
1 0.259259259259 0.198697916667 0.0888888888889 0.1453125
1 0.324537037037 0.19765625 0.0787037037037 0.147395833333
1 0.368518518519 0.205208333333 0.0722222222222 0.122916666667
1 0.427314814815 0.206770833333 0.0657407407407 0.121875
1 0.487037037037 0.20234375 0.0833333333333 0.128645833333
1 0.535185185185 0.206770833333 0.0685185185185 0.116666666667
1 0.602314814815 0.209114583333 0.0824074074074 0.1171875
1 0.66712962963 0.212239583333 0.0768518518519 0.1109375
1 0.749537037037 0.2125 0.0805555555556 0.119791666667
1 0.810648148148 0.215364583333 0.0601851851852 0.125520833333
1 0.879166666667 0.211458333333 0.0805555555556 0.121875
1 0.0259259259259 0.377083333333 0.0537037037037 0.133333333333
1 0.0828703703704 0.374479166667 0.0805555555556 0.142708333333
1 0.153703703704 0.376822916667 0.0740740740741 0.138020833333
1 0.225462962963 0.37578125 0.0953703703704 0.1359375
1 0.30787037037 0.376822916667 0.075 0.130729166667
1 0.381944444444 0.379166666667 0.075 0.135416666667
1 0.450925925926 0.378645833333 0.0685185185185 0.141666666667
1 0.566203703704 0.378125 0.0638888888889 0.133333333333
1 0.649537037037 0.384375 0.062037037037 0.113541666667
1 0.694907407407 0.3828125 0.062037037037 0.1125
1 0.757407407407 0.3796875 0.0722222222222 0.120833333333
1 0.826388888889 0.382552083333 0.0657407407407 0.1171875
1 0.905555555556 0.380989583333 0.0851851851852 0.118229166667
1 0.972685185185 0.370052083333 0.0527777777778 0.111979166667
1 0.0453703703704 0.541927083333 0.0925925925926 0.125520833333
1 0.118518518519 0.541927083333 0.0833333333333 0.127604166667
1 0.192592592593 0.54296875 0.0740740740741 0.131770833333
1 0.263888888889 0.541927083333 0.0925925925926 0.122395833333
1 0.3375 0.541927083333 0.0768518518519 0.1296875
1 0.412037037037 0.544791666667 0.0851851851852 0.119791666667
1 0.487037037037 0.537239583333 0.0703703703704 0.106770833333
1 0.546296296296 0.542447916667 0.087037037037 0.119270833333
1 0.607407407407 0.524479166667 0.0592592592593 0.08125
1 0.66712962963 0.52265625 0.0712962962963 0.0890625
1 0.734722222222 0.528385416667 0.0601851851852 0.0984375
1 0.777777777778 0.529166666667 0.0685185185185 0.1
1 0.822222222222 0.544010416667 0.0740740740741 0.116145833333
1 0.964351851852 0.55078125 0.0694444444444 0.130729166667
1 0.0476851851852 0.691145833333 0.0972222222222 0.125
1 0.119907407407 0.693489583333 0.0842592592593 0.122395833333
1 0.183333333333 0.696354166667 0.0685185185185 0.123958333333
1 0.259722222222 0.691145833333 0.0842592592593 0.111458333333
1 0.331481481481 0.692708333333 0.0759259259259 0.1125
1 0.399537037037 0.695052083333 0.0638888888889 0.119270833333
1 0.459259259259 0.691927083333 0.0518518518519 0.109895833333
1 0.558796296296 0.698697916667 0.075 0.1171875
1 0.6875 0.684895833333 0.0935185185185 0.0916666666667
1 0.753703703704 0.696354166667 0.0722222222222 0.105208333333
1 0.838888888889 0.694791666667 0.0833333333333 0.111458333333
1 0.928240740741 0.69921875 0.100925925926 0.1203125
