0 0.588888888889 0.103385416667 0.12962962963 0.2078125
0 0.460648148148 0.0989583333333 0.163888888889 0.198958333333
0 0.753703703704 0.103645833333 0.175925925926 0.208333333333
0 0.862037037037 0.3640625 0.144444444444 0.1875
0 0.72962962963 0.3578125 0.138888888889 0.16875
0 0.615740740741 0.353125 0.159259259259 0.169791666667
0 0.496759259259 0.3546875 0.128703703704 0.166666666667
0 0.374074074074 0.351302083333 0.133333333333 0.177604166667
0 0.258333333333 0.351822916667 0.12962962963 0.1671875
0 0.144444444444 0.34375 0.127777777778 0.176041666667
0 0.0560185185185 0.5640625 0.0953703703704 0.13125
0 0.154166666667 0.569010416667 0.0916666666667 0.122395833333
0 0.253240740741 0.569010416667 0.0916666666667 0.119270833333
0 0.33287037037 0.570052083333 0.0916666666667 0.1234375
0 0.439814814815 0.5625 0.114814814815 0.144791666667
0 0.539814814815 0.568229166667 0.122222222222 0.141666666667
0 0.653703703704 0.577083333333 0.12962962963 0.153125
0 0.767592592593 0.576041666667 0.124074074074 0.151041666667
0 0.882407407407 0.583854166667 0.137037037037 0.154166666667
0 0.481018518519 0.763020833333 0.115740740741 0.0604166666667
0 0.455092592593 0.955989583333 0.0972222222222 0.0442708333333
0 0.947685185185 0.765104166667 0.102777777778 0.0625
0 0.921296296296 0.9671875 0.0907407407407 0.05
0 0.0587962962963 0.096875 0.119444444444 0.184375
0 0.174074074074 0.0979166666667 0.164814814815 0.19375
0 0.323148148148 0.1 0.162962962963 0.201041666667
0 0.889351851852 0.101302083333 0.134259259259 0.202604166667
0 0.0444444444444 0.346354166667 0.0907407407407 0.183333333333
0 0.949074074074 0.367708333333 0.1 0.184375
0 0.947685185185 0.583072916667 0.102777777778 0.140104166667
