2 0.477083333333 0.0699074074074 0.0677083333333 0.121296296296
2 0.547395833333 0.0680555555556 0.0791666666667 0.106481481481
2 0.621354166667 0.0689814814815 0.075 0.0935185185185
2 0.617708333333 0.161574074074 0.0697916666667 0.0787037037037
2 0.546354166667 0.170833333333 0.06875 0.0824074074074
2 0.696875 0.150462962963 0.0822916666667 0.10462962963
2 0.770833333333 0.0569444444444 0.078125 0.110185185185
2 0.771354166667 0.15787037037 0.0708333333333 0.0898148148148
2 0.840625 0.143981481481 0.078125 0.106481481481
2 0.922916666667 0.133796296296 0.084375 0.115740740741
2 0.921354166667 0.343055555556 0.0770833333333 0.108333333333
2 0.841145833333 0.341203703704 0.0729166666667 0.0972222222222
2 0.764583333333 0.269907407407 0.0885416666667 0.0805555555556
2 0.838020833333 0.266203703704 0.0729166666667 0.0694444444444
2 0.767708333333 0.355092592593 0.0635416666667 0.0916666666667
2 0.691145833333 0.348611111111 0.0895833333333 0.115740740741
2 0.609895833333 0.35787037037 0.0729166666667 0.108333333333
2 0.5453125 0.351388888889 0.0604166666667 0.136111111111
2 0.9109375 0.518981481481 0.0729166666667 0.119444444444
2 0.832291666667 0.525462962963 0.0822916666667 0.117592592593
2 0.75625 0.522685185185 0.0885416666667 0.130555555556
2 0.6875 0.5375 0.0760416666667 0.119444444444
2 0.6140625 0.5375 0.0791666666667 0.130555555556
2 0.553645833333 0.540277777778 0.0604166666667 0.117592592593
2 0.9625 0.6625 0.0739583333333 0.0953703703704
2 0.9 0.741203703704 0.0697916666667 0.112037037037
2 0.8328125 0.740277777778 0.0833333333333 0.132407407407
2 0.760416666667 0.745833333333 0.0697916666667 0.136111111111
2 0.6890625 0.669907407407 0.0833333333333 0.0953703703704
2 0.694791666667 0.751388888889 0.0739583333333 0.0805555555556
2 0.614583333333 0.751388888889 0.0802083333333 0.0953703703704
2 0.611458333333 0.663425925926 0.0760416666667 0.0861111111111
2 0.548958333333 0.738425925926 0.0552083333333 0.147222222222
2 0.489583333333 0.7375 0.0635416666667 0.130555555556
2 0.570052083333 0.952777777778 0.0682291666667 0.0925925925926
2 0.500520833333 0.928240740741 0.06875 0.134259259259
2 0.761979166667 0.877314814815 0.0833333333333 0.102777777778
2 0.8375 0.869907407407 0.071875 0.102777777778
2 0.768229166667 0.95787037037 0.0791666666667 0.0601851851852
2 0.840104166667 0.948611111111 0.075 0.075
2 0.911458333333 0.874537037037 0.0802083333333 0.0935185185185
2 0.911979166667 0.95787037037 0.0854166666667 0.0824074074074
2 0.63515625 0.918518518519 0.0640625 0.0814814814815
2 0.424479166667 0.956481481481 0.0458333333333 0.0851851851852
2 0.436458333333 0.840277777778 0.0510416666667 0.102777777778
2 0.479427083333 0.173148148148 0.0640625 0.0962962962963
2 0.979166666667 0.0486111111111 0.0416666666667 0.0972222222222
2 0.983854166667 0.144907407407 0.0322916666667 0.110185185185
2 0.98125 0.261111111111 0.0375 0.0814814814815
2 0.98046875 0.352314814815 0.0390625 0.0842592592593
2 0.973697916667 0.461574074074 0.0526041666667 0.0824074074074
2 0.970052083333 0.536111111111 0.0598958333333 0.0851851851852
2 0.976041666667 0.869444444444 0.0479166666667 0.103703703704
2 0.976302083333 0.956481481481 0.0473958333333 0.0851851851852
2 0.563802083333 0.866666666667 0.0671875 0.0759259259259
2 0.685416666667 0.886574074074 0.053125 0.0916666666667
2 0.0106770833333 0.169907407407 0.0223958333333 0.0657407407407
2 0.09296875 0.0962962962963 0.0661458333333 0.0666666666667
2 0.0971354166667 0.164814814815 0.0505208333333 0.0759259259259
2 0.1453125 0.162037037037 0.0552083333333 0.0759259259259
2 0.186197916667 0.0703703703704 0.0494791666667 0.0851851851852
2 0.190885416667 0.162037037037 0.0401041666667 0.087037037037
2 0.229166666667 0.0726851851852 0.0458333333333 0.0898148148148
2 0.23671875 0.14537037037 0.0411458333333 0.0907407407407
2 0.271354166667 0.0736111111111 0.0447916666667 0.0842592592593
2 0.27734375 0.150462962963 0.0463541666667 0.0787037037037
2 0.31171875 0.0819444444444 0.0421875 0.0824074074074
2 0.315104166667 0.155555555556 0.040625 0.0648148148148
2 0.35 0.155092592593 0.0375 0.0787037037037
2 0.386197916667 0.0675925925926 0.0411458333333 0.0796296296296
2 0.390364583333 0.14537037037 0.0401041666667 0.0962962962963
2 0.422395833333 0.149537037037 0.0322916666667 0.087962962963
2 0.419791666667 0.0694444444444 0.0239583333333 0.0814814814815
2 0.425520833333 0.343055555556 0.0385416666667 0.0842592592593
2 0.388541666667 0.262037037037 0.0447916666667 0.0796296296296
2 0.388802083333 0.343981481481 0.0421875 0.075
2 0.348958333333 0.280555555556 0.040625 0.0814814814815
2 0.3515625 0.350462962963 0.034375 0.0712962962963
2 0.3125 0.281018518519 0.0427083333333 0.0805555555556
2 0.317447916667 0.349537037037 0.0338541666667 0.0768518518519
2 0.271354166667 0.27037037037 0.053125 0.0833333333333
2 0.275260416667 0.348611111111 0.0401041666667 0.0712962962963
2 0.23203125 0.273148148148 0.0369791666667 0.087037037037
2 0.2390625 0.349074074074 0.0395833333333 0.0833333333333
2 0.192708333333 0.273148148148 0.0458333333333 0.0888888888889
2 0.129166666667 0.291203703704 0.0583333333333 0.075
2 0.135677083333 0.356944444444 0.0567708333333 0.0694444444444
2 0.0622395833333 0.303703703704 0.0640625 0.062962962963
2 0.0677083333333 0.3625 0.0645833333333 0.0583333333333
2 0.0171875 0.3625 0.0354166666667 0.0712962962963
2 0.0138020833333 0.285648148148 0.0286458333333 0.0712962962963
2 0.0234375 0.48287037037 0.0479166666667 0.0898148148148
2 0.0236979166667 0.550462962963 0.0484375 0.0694444444444
2 0.0755208333333 0.543518518519 0.0510416666667 0.0740740740741
2 0.1296875 0.497222222222 0.040625 0.0592592592593
2 0.13984375 0.553703703704 0.0515625 0.0462962962963
2 0.21171875 0.464814814815 0.0453125 0.0759259259259
2 0.259635416667 0.462962962963 0.0442708333333 0.0666666666667
2 0.326302083333 0.467592592593 0.0526041666667 0.0740740740741
2 0.375260416667 0.469907407407 0.0494791666667 0.0787037037037
2 0.422395833333 0.473148148148 0.0395833333333 0.0703703703704
2 0.378385416667 0.538888888889 0.0432291666667 0.0740740740741
2 0.33046875 0.531481481481 0.0411458333333 0.0611111111111
2 0.28359375 0.536574074074 0.0442708333333 0.0787037037037
2 0.236979166667 0.528703703704 0.0447916666667 0.0666666666667
2 0.190104166667 0.540277777778 0.0458333333333 0.0768518518519
2 0.0171875 0.647685185185 0.0302083333333 0.0675925925926
2 0.0484375 0.644907407407 0.0354166666667 0.0601851851852
2 0.0309895833333 0.722222222222 0.0536458333333 0.0907407407407
2 0.108072916667 0.6375 0.0390625 0.0638888888889
2 0.151041666667 0.62962962963 0.0395833333333 0.0592592592593
2 0.126041666667 0.7125 0.0489583333333 0.0861111111111
2 0.239583333333 0.708333333333 0.05 0.0740740740741
2 0.289322916667 0.648611111111 0.0484375 0.0675925925926
2 0.286979166667 0.705092592593 0.0479166666667 0.0712962962963
2 0.332291666667 0.646296296296 0.0479166666667 0.0833333333333
2 0.334635416667 0.706944444444 0.0484375 0.0657407407407
2 0.387239583333 0.637962962963 0.0473958333333 0.0814814814815
2 0.388541666667 0.701388888889 0.0375 0.0694444444444
2 0.43671875 0.624537037037 0.0411458333333 0.0583333333333
2 0.437760416667 0.673148148148 0.0317708333333 0.0537037037037
2 0.397916666667 0.792592592593 0.0427083333333 0.0481481481481
2 0.396614583333 0.849074074074 0.0338541666667 0.0611111111111
2 0.386979166667 0.950925925926 0.0322916666667 0.0740740740741
2 0.320572916667 0.967592592593 0.0692708333333 0.062962962963
2 0.253645833333 0.977777777778 0.0604166666667 0.0425925925926
2 0.14921875 0.980092592593 0.0536458333333 0.037962962963
2 0.158854166667 0.941203703704 0.0447916666667 0.0472222222222
2 0.0934895833333 0.961574074074 0.0536458333333 0.075
2 0.1078125 0.881944444444 0.0666666666667 0.0546296296296
2 0.03203125 0.959259259259 0.0619791666667 0.0796296296296
2 0.223697916667 0.841203703704 0.0536458333333 0.0694444444444
2 0.272916666667 0.797222222222 0.046875 0.0444444444444
2 0.273177083333 0.844444444444 0.0442708333333 0.062962962963
2 0.312760416667 0.818055555556 0.0328125 0.0731481481481
2 0.352083333333 0.795833333333 0.0447916666667 0.0490740740741
2 0.356510416667 0.848148148148 0.0442708333333 0.0666666666667
2 0.2515625 0.624537037037 0.0291666666667 0.0509259259259
2 0.0591145833333 0.169907407407 0.0348958333333 0.0601851851852
2 0.612760416667 0.268981481481 0.0734375 0.0657407407407
2 0.486458333333 0.35787037037 0.0479166666667 0.139814814815
2 0.496354166667 0.55462962963 0.0645833333333 0.142592592593
2 0.88203125 0.64212962963 0.0557291666667 0.0731481481481
