4 0.0314814814815 0.107291666667 0.0648148148148 0.11875
4 0.156944444444 0.115104166667 0.19537037037 0.117708333333
4 0.341203703704 0.12578125 0.178703703704 0.109895833333
4 0.490277777778 0.138541666667 0.150925925926 0.104166666667
4 0.630092592593 0.14609375 0.163888888889 0.100520833333
4 0.775 0.15546875 0.157407407407 0.100520833333
4 0.918518518519 0.15859375 0.157407407407 0.0994791666667
4 0.0560185185185 0.285416666667 0.113888888889 0.103125
4 0.182407407407 0.28828125 0.17037037037 0.106770833333
4 0.332407407407 0.290625 0.157407407407 0.113541666667
4 0.496296296296 0.2984375 0.155555555556 0.103125
4 0.631944444444 0.30546875 0.143518518519 0.100520833333
4 0.756944444444 0.315104166667 0.134259259259 0.09375
4 0.902777777778 0.318229166667 0.181481481481 0.096875
4 0.0875 0.451302083333 0.176851851852 0.0994791666667
4 0.243518518519 0.453385416667 0.17037037037 0.100520833333
4 0.398148148148 0.457552083333 0.183333333333 0.0994791666667
4 0.56712962963 0.458333333333 0.149074074074 0.0875
4 0.7125 0.46328125 0.150925925926 0.0921875
4 0.851388888889 0.47109375 0.149074074074 0.0859375
4 0.959722222222 0.46328125 0.0787037037037 0.1109375
4 0.0643518518519 0.602604166667 0.130555555556 0.113541666667
4 0.194907407407 0.604947916667 0.14537037037 0.106770833333
4 0.325925925926 0.611458333333 0.127777777778 0.110416666667
4 0.453240740741 0.6140625 0.136111111111 0.103125
4 0.580092592593 0.6140625 0.123148148148 0.103125
4 0.703703703704 0.619270833333 0.125925925926 0.096875
4 0.826388888889 0.620572916667 0.130555555556 0.0921875
4 0.9375 0.614583333333 0.123148148148 0.102083333333
4 0.114814814815 0.741927083333 0.17037037037 0.0755208333333
4 0.284722222222 0.750260416667 0.163888888889 0.0755208333333
4 0.115277777778 0.79375 0.176851851852 0.04375
4 0.278703703704 0.7984375 0.162962962963 0.0385416666667
4 0.436111111111 0.764583333333 0.140740740741 0.104166666667
4 0.558796296296 0.762760416667 0.123148148148 0.100520833333
4 0.674074074074 0.764583333333 0.122222222222 0.096875
4 0.788888888889 0.762239583333 0.125925925926 0.1015625
4 0.906018518519 0.761458333333 0.128703703704 0.0979166666667
4 0.981018518519 0.7640625 0.0361111111111 0.105208333333
4 0.0611111111111 0.89375 0.124074074074 0.090625
4 0.200925925926 0.886979166667 0.157407407407 0.078125
4 0.361111111111 0.88984375 0.155555555556 0.0776041666667
4 0.360185185185 0.9359375 0.157407407407 0.0354166666667
4 0.199537037037 0.9359375 0.149074074074 0.0322916666667
4 0.544907407407 0.886458333333 0.206481481481 0.103125
4 0.732407407407 0.885416666667 0.209259259259 0.0958333333333
4 0.912962962963 0.887239583333 0.172222222222 0.1015625
