6 0.0921296296296 0.24375 0.130555555556 0.0958333333333
6 0.221296296296 0.244791666667 0.125925925926 0.0864583333333
6 0.358333333333 0.243229166667 0.131481481481 0.0916666666667
6 0.104166666667 0.378125 0.132407407407 0.0791666666667
6 0.233796296296 0.37890625 0.117592592593 0.0921875
6 0.375 0.376822916667 0.111111111111 0.0838541666667
6 0.373611111111 0.451822916667 0.121296296296 0.0671875
6 0.252777777778 0.456770833333 0.112962962963 0.0697916666667
6 0.116666666667 0.457291666667 0.127777777778 0.06875
6 0.477314814815 0.43125 0.0787037037037 0.130208333333
6 0.562037037037 0.43359375 0.0833333333333 0.1328125
6 0.635185185185 0.434895833333 0.0814814814815 0.128125
6 0.725 0.432291666667 0.0703703703704 0.128125
6 0.802314814815 0.434635416667 0.0935185185185 0.125520833333
6 0.882407407407 0.43359375 0.0814814814815 0.125520833333
6 0.955555555556 0.448697916667 0.087037037037 0.100520833333
6 0.490277777778 0.612239583333 0.0916666666667 0.166145833333
6 0.589351851852 0.620052083333 0.10462962963 0.1578125
6 0.691203703704 0.61640625 0.0916666666667 0.1578125
6 0.786111111111 0.618229166667 0.112962962963 0.161458333333
6 0.9125 0.622916666667 0.115740740741 0.16875
6 0.464814814815 0.928385416667 0.188888888889 0.0505208333333
6 0.673148148148 0.92109375 0.183333333333 0.0432291666667
6 0.885648148148 0.946614583333 0.150925925926 0.0473958333333
6 0.683796296296 0.97578125 0.187962962963 0.0432291666667
6 0.477777777778 0.97578125 0.185185185185 0.0432291666667
