4 0.206018518519 0.122395833333 0.165740740741 0.059375
4 0.0606481481481 0.12578125 0.121296296296 0.0526041666667
4 0.375 0.12265625 0.153703703704 0.0588541666667
4 0.575 0.130729166667 0.185185185185 0.0458333333333
4 0.7375 0.0783854166667 0.163888888889 0.0505208333333
4 0.741666666667 0.12890625 0.168518518519 0.0494791666667
4 0.1125 0.2609375 0.149074074074 0.135416666667
4 0.241666666667 0.260416666667 0.140740740741 0.13125
4 0.372685185185 0.2609375 0.149074074074 0.130208333333
4 0.50787037037 0.261458333333 0.136111111111 0.129166666667
4 0.624537037037 0.2625 0.128703703704 0.129166666667
4 0.740740740741 0.264322916667 0.124074074074 0.118229166667
4 0.868981481481 0.26328125 0.143518518519 0.1234375
4 0.15462962963 0.412239583333 0.124074074074 0.108854166667
4 0.282407407407 0.421614583333 0.138888888889 0.118229166667
4 0.414814814815 0.4171875 0.144444444444 0.130208333333
4 0.556944444444 0.41640625 0.132407407407 0.1265625
4 0.709259259259 0.415625 0.166666666667 0.0541666666667
4 0.881944444444 0.421614583333 0.163888888889 0.0588541666667
4 0.698611111111 0.467447916667 0.175 0.0578125
4 0.860648148148 0.469791666667 0.160185185185 0.0458333333333
4 0.106018518519 0.57109375 0.0805555555556 0.109895833333
4 0.195833333333 0.579947916667 0.143518518519 0.116145833333
4 0.315277777778 0.579427083333 0.115740740741 0.102604166667
4 0.442592592593 0.580989583333 0.144444444444 0.116145833333
4 0.569444444444 0.577604166667 0.137037037037 0.113541666667
4 0.693518518519 0.577604166667 0.138888888889 0.113541666667
4 0.824537037037 0.582291666667 0.117592592593 0.113541666667
4 0.938888888889 0.587239583333 0.12037037037 0.105729166667
4 0.0527777777778 0.737239583333 0.107407407407 0.0994791666667
4 0.222685185185 0.729427083333 0.132407407407 0.105729166667
4 0.356018518519 0.728645833333 0.162037037037 0.111458333333
4 0.498611111111 0.73125 0.125 0.104166666667
4 0.628703703704 0.729427083333 0.153703703704 0.119270833333
4 0.749074074074 0.7203125 0.111111111111 0.111458333333
4 0.906944444444 0.70078125 0.184259259259 0.0578125
4 0.911111111111 0.753385416667 0.175925925926 0.0526041666667
4 0.0708333333333 0.900260416667 0.143518518519 0.149479166667
4 0.210648148148 0.891927083333 0.134259259259 0.1515625
4 0.325 0.889583333333 0.105555555556 0.146875
4 0.433333333333 0.885677083333 0.112962962963 0.143229166667
4 0.553703703704 0.888541666667 0.125925925926 0.154166666667
4 0.677777777778 0.89140625 0.111111111111 0.159895833333
4 0.7875 0.888802083333 0.115740740741 0.1578125
4 0.881944444444 0.8890625 0.112037037037 0.1625
4 0.90462962963 0.136458333333 0.188888888889 0.03125
