6 0.0356481481481 0.2953125 0.0731481481481 0.0614583333333
6 0.1125 0.289322916667 0.102777777778 0.0755208333333
6 0.212962962963 0.289322916667 0.1 0.0755208333333
6 0.299537037037 0.284114583333 0.100925925926 0.0723958333333
6 0.409722222222 0.28828125 0.121296296296 0.0807291666667
6 0.530092592593 0.2828125 0.10462962963 0.0697916666667
6 0.22037037037 0.38828125 0.127777777778 0.0567708333333
6 0.174074074074 0.447135416667 0.111111111111 0.0651041666667
6 0.265740740741 0.439583333333 0.1 0.06875
6 0.201388888889 0.57890625 0.132407407407 0.0734375
6 0.407407407407 0.56796875 0.142592592593 0.0567708333333
6 0.351388888889 0.628125 0.115740740741 0.0697916666667
6 0.443981481481 0.627864583333 0.0916666666667 0.0755208333333
6 0.227777777778 0.6390625 0.109259259259 0.0625
6 0.037037037037 0.45859375 0.0759259259259 0.0682291666667
6 0.656481481481 0.270052083333 0.0648148148148 0.100520833333
6 0.719907407407 0.272395833333 0.0731481481481 0.0958333333333
6 0.779166666667 0.269791666667 0.0601851851852 0.103125
6 0.85 0.267447916667 0.062962962963 0.100520833333
6 0.903703703704 0.26640625 0.0777777777778 0.0911458333333
6 0.975462962963 0.263802083333 0.0472222222222 0.100520833333
6 0.544907407407 0.442447916667 0.0583333333333 0.0911458333333
6 0.6 0.445572916667 0.0537037037037 0.0994791666667
6 0.656018518519 0.44609375 0.0601851851852 0.100520833333
6 0.709259259259 0.447395833333 0.0648148148148 0.103125
6 0.769444444444 0.4484375 0.0666666666667 0.101041666667
6 0.828703703704 0.447395833333 0.0574074074074 0.105208333333
6 0.903703703704 0.4484375 0.0851851851852 0.101041666667
6 0.974537037037 0.449739583333 0.0490740740741 0.100520833333
6 0.536574074074 0.601822916667 0.062037037037 0.1171875
6 0.602314814815 0.608072916667 0.075 0.1171875
6 0.705555555556 0.60546875 0.0666666666667 0.124479166667
6 0.783333333333 0.61328125 0.0555555555556 0.1203125
6 0.846759259259 0.616666666667 0.0638888888889 0.120833333333
6 0.933796296296 0.630729166667 0.0898148148148 0.0958333333333
6 0.115740740741 0.773958333333 0.172222222222 0.0520833333333
6 0.118518518519 0.819791666667 0.183333333333 0.0458333333333
6 0.128240740741 0.857291666667 0.167592592593 0.0395833333333
6 0.146296296296 0.890885416667 0.174074074074 0.0421875
6 0.165277777778 0.9234375 0.158333333333 0.04375
