1 0.1484375 0.679166666667 0.034375 0.110185185185
1 0.184375 0.660648148148 0.04375 0.15462962963
1 0.222395833333 0.662962962963 0.0385416666667 0.15
1 0.255729166667 0.662037037037 0.0385416666667 0.146296296296
1 0.286458333333 0.668981481481 0.0375 0.150925925926
1 0.3203125 0.661574074074 0.0354166666667 0.14537037037
1 0.355208333333 0.678240740741 0.0291666666667 0.119444444444
1 0.37734375 0.656481481481 0.0359375 0.142592592593
1 0.409375 0.652777777778 0.0354166666667 0.138888888889
1 0.438802083333 0.657407407407 0.0328125 0.137037037037
1 0.766666666667 0.286574074074 0.0208333333333 0.100925925926
1 0.785677083333 0.285185185185 0.0213541666667 0.1
1 0.804427083333 0.282407407407 0.0223958333333 0.105555555556
1 0.824739583333 0.285185185185 0.0244791666667 0.0925925925926
1 0.846614583333 0.28287037037 0.0234375 0.0990740740741
1 0.781510416667 0.0986111111111 0.0203125 0.106481481481
1 0.803645833333 0.0967592592593 0.0239583333333 0.108333333333
1 0.823958333333 0.0981481481481 0.01875 0.103703703704
1 0.844270833333 0.0976851851852 0.021875 0.10462962963
1 0.952864583333 0.620833333333 0.0244791666667 0.0990740740741
6 0.986979166667 0.635648148148 0.025 0.102777777778
6 0.0221354166667 0.1375 0.0296875 0.0861111111111
6 0.05078125 0.136574074074 0.0348958333333 0.087962962963
6 0.0770833333333 0.134722222222 0.0260416666667 0.0935185185185
6 0.103385416667 0.136111111111 0.0276041666667 0.0907407407407
6 0.132291666667 0.119444444444 0.03125 0.105555555556
6 0.177864583333 0.10462962963 0.0338541666667 0.0648148148148
6 0.226822916667 0.0675925925926 0.0390625 0.05
6 0.267708333333 0.0703703703704 0.04375 0.0592592592593
6 0.229947916667 0.115277777778 0.0401041666667 0.0546296296296
6 0.26640625 0.117592592593 0.0401041666667 0.05
6 0.270833333333 0.160648148148 0.0385416666667 0.0472222222222
6 0.297395833333 0.12037037037 0.028125 0.125925925926
6 0.321354166667 0.118981481481 0.028125 0.117592592593
6 0.344010416667 0.118055555556 0.0286458333333 0.119444444444
6 0.368229166667 0.118055555556 0.028125 0.119444444444
6 0.393489583333 0.116666666667 0.0255208333333 0.116666666667
6 0.4171875 0.116666666667 0.0291666666667 0.116666666667
6 0.4359375 0.121759259259 0.021875 0.117592592593
6 0.458854166667 0.100925925926 0.0364583333333 0.0648148148148
6 0.493229166667 0.100462962963 0.0375 0.0675925925926
6 0.53046875 0.101388888889 0.0359375 0.0657407407407
6 0.46171875 0.155092592593 0.0401041666667 0.0509259259259
6 0.494791666667 0.151851851852 0.0395833333333 0.05
6 0.528125 0.154166666667 0.0375 0.0472222222222
6 0.579166666667 0.123148148148 0.0427083333333 0.0666666666667
6 0.62421875 0.0666666666667 0.0421875 0.0722222222222
6 0.66328125 0.0601851851852 0.0442708333333 0.0703703703704
6 0.708854166667 0.0601851851852 0.0416666666667 0.0796296296296
6 0.746875 0.0569444444444 0.0427083333333 0.0694444444444
6 0.622395833333 0.126388888889 0.0458333333333 0.0546296296296
6 0.66484375 0.123148148148 0.0432291666667 0.0666666666667
6 0.70546875 0.123611111111 0.0453125 0.062037037037
6 0.745833333333 0.121296296296 0.0416666666667 0.0666666666667
6 0.63671875 0.247222222222 0.0411458333333 0.0685185185185
6 0.68125 0.256481481481 0.0375 0.0611111111111
6 0.728125 0.253703703704 0.0447916666667 0.0666666666667
6 0.636458333333 0.30787037037 0.0447916666667 0.0675925925926
6 0.679947916667 0.309722222222 0.0411458333333 0.0601851851852
6 0.725260416667 0.312037037037 0.0421875 0.0518518518519
6 0.62890625 0.864814814815 0.0557291666667 0.0555555555556
6 0.63046875 0.912962962963 0.0619791666667 0.0462962962963
6 0.698177083333 0.840740740741 0.0546875 0.0592592592593
6 0.689322916667 0.885648148148 0.0557291666667 0.0490740740741
6 0.0940104166667 0.315740740741 0.0317708333333 0.087037037037
6 0.1296875 0.310185185185 0.04375 0.101851851852
6 0.16484375 0.309259259259 0.0369791666667 0.1
6 0.209895833333 0.240277777778 0.0333333333333 0.0546296296296
6 0.196354166667 0.291203703704 0.0364583333333 0.0583333333333
6 0.230729166667 0.289814814815 0.0354166666667 0.0555555555556
6 0.1984375 0.337037037037 0.040625 0.0481481481481
6 0.23515625 0.335648148148 0.0369791666667 0.0416666666667
6 0.263541666667 0.255555555556 0.0427083333333 0.0537037037037
6 0.298958333333 0.259722222222 0.0395833333333 0.0546296296296
6 0.303125 0.305555555556 0.0375 0.0407407407407
6 0.26484375 0.30462962963 0.0380208333333 0.0555555555556
6 0.270052083333 0.341666666667 0.0338541666667 0.0388888888889
6 0.308072916667 0.341666666667 0.0380208333333 0.0444444444444
6 0.336197916667 0.303703703704 0.0244791666667 0.122222222222
6 0.40546875 0.299074074074 0.0223958333333 0.12037037037
6 0.426822916667 0.301388888889 0.0307291666667 0.119444444444
6 0.382291666667 0.280555555556 0.0229166666667 0.0777777777778
6 0.35859375 0.281481481481 0.0234375 0.0833333333333
6 0.0236979166667 0.671296296296 0.0265625 0.133333333333
6 0.0455729166667 0.669907407407 0.0296875 0.130555555556
6 0.0690104166667 0.671759259259 0.0317708333333 0.136111111111
6 0.0955729166667 0.670833333333 0.0328125 0.134259259259
6 0.603645833333 0.425925925926 0.0385416666667 0.05
6 0.638541666667 0.435185185185 0.0375 0.0481481481481
6 0.56328125 0.471296296296 0.0369791666667 0.0666666666667
6 0.59921875 0.474537037037 0.0380208333333 0.0583333333333
6 0.63828125 0.481481481481 0.0432291666667 0.0462962962963
6 0.678645833333 0.451851851852 0.0354166666667 0.062962962963
6 0.71796875 0.460185185185 0.0380208333333 0.0518518518519
6 0.75703125 0.457407407407 0.0359375 0.0740740740741
6 0.680989583333 0.509259259259 0.0421875 0.0592592592593
6 0.7203125 0.510185185185 0.0385416666667 0.0592592592593
6 0.7546875 0.512962962963 0.0447916666667 0.0518518518519
6 0.79140625 0.431944444444 0.0401041666667 0.0768518518519
6 0.83125 0.435648148148 0.04375 0.075
6 0.79140625 0.500462962963 0.0369791666667 0.0712962962963
6 0.828385416667 0.502314814815 0.0411458333333 0.0694444444444
6 0.01328125 0.489814814815 0.0213541666667 0.087037037037
6 0.03046875 0.490277777778 0.0182291666667 0.0935185185185
6 0.04765625 0.493518518519 0.0286458333333 0.087037037037
6 0.0708333333333 0.486574074074 0.0229166666667 0.110185185185
6 0.0903645833333 0.485185185185 0.0255208333333 0.12037037037
6 0.113020833333 0.4875 0.0270833333333 0.123148148148
6 0.134114583333 0.495833333333 0.0390625 0.0990740740741
6 0.1703125 0.493055555556 0.0385416666667 0.0990740740741
6 0.227083333333 0.473148148148 0.0354166666667 0.0611111111111
6 0.266927083333 0.440277777778 0.0390625 0.0546296296296
6 0.258854166667 0.488888888889 0.0354166666667 0.0574074074074
6 0.29453125 0.493981481481 0.0338541666667 0.062037037037
6 0.22578125 0.523611111111 0.0348958333333 0.0490740740741
6 0.259375 0.528240740741 0.040625 0.0453703703704
6 0.29609375 0.531944444444 0.0338541666667 0.0398148148148
6 0.320572916667 0.492592592593 0.0265625 0.116666666667
6 0.340104166667 0.491203703704 0.0270833333333 0.112037037037
6 0.362239583333 0.492592592593 0.0286458333333 0.111111111111
6 0.384114583333 0.492592592593 0.0223958333333 0.111111111111
6 0.407552083333 0.491203703704 0.0286458333333 0.108333333333
6 0.434635416667 0.490277777778 0.0244791666667 0.113888888889
6 0.55703125 0.634722222222 0.0390625 0.0583333333333
6 0.595052083333 0.6375 0.0338541666667 0.0564814814815
6 0.636458333333 0.636111111111 0.0364583333333 0.0592592592593
6 0.560677083333 0.681944444444 0.0328125 0.0453703703704
6 0.560677083333 0.715277777778 0.0328125 0.0398148148148
6 0.597916666667 0.682407407407 0.034375 0.0462962962963
6 0.5953125 0.714814814815 0.0354166666667 0.0462962962963
6 0.63359375 0.678703703704 0.0390625 0.0462962962963
6 0.632291666667 0.717592592593 0.0354166666667 0.0444444444444
6 0.673177083333 0.656944444444 0.0348958333333 0.0768518518519
6 0.707291666667 0.643055555556 0.0385416666667 0.0694444444444
6 0.670052083333 0.713888888889 0.0401041666667 0.0537037037037
6 0.705989583333 0.707407407407 0.0307291666667 0.0592592592593
6 0.74375 0.651851851852 0.0385416666667 0.0722222222222
6 0.741145833333 0.712962962963 0.0375 0.0555555555556
6 0.779427083333 0.635648148148 0.0369791666667 0.0898148148148
6 0.815625 0.630092592593 0.0385416666667 0.0898148148148
6 0.855208333333 0.633333333333 0.0458333333333 0.0888888888889
6 0.779166666667 0.704166666667 0.0354166666667 0.0675925925926
6 0.812239583333 0.702777777778 0.0359375 0.0703703703704
6 0.85234375 0.703240740741 0.0390625 0.0638888888889
