6 0.124074074074 0.804947916667 0.112962962963 0.0755208333333
6 0.306018518519 0.805729166667 0.10462962963 0.0697916666667
6 0.643518518519 0.277604166667 0.12037037037 0.0854166666667
6 0.772685185185 0.280989583333 0.123148148148 0.0755208333333
6 0.905555555556 0.281770833333 0.111111111111 0.08125
6 0.664814814815 0.465104166667 0.0981481481481 0.0697916666667
6 0.777777777778 0.464583333333 0.109259259259 0.0854166666667
6 0.931018518519 0.403125 0.136111111111 0.0645833333333
6 0.878703703704 0.463802083333 0.0944444444444 0.0765625
6 0.963888888889 0.469270833333 0.0703703703704 0.0802083333333
6 0.582407407407 0.567447916667 0.0814814814815 0.0619791666667
6 0.711574074074 0.594270833333 0.132407407407 0.0635416666667
6 0.647685185185 0.642447916667 0.106481481481 0.0786458333333
6 0.753703703704 0.648958333333 0.111111111111 0.078125
6 0.886574074074 0.649739583333 0.119444444444 0.0838541666667
6 0.0976851851852 0.88828125 0.191666666667 0.0609375
6 0.289351851852 0.890104166667 0.176851851852 0.0625
6 0.467592592593 0.912239583333 0.157407407407 0.0901041666667
6 0.940740740741 0.598958333333 0.116666666667 0.0635416666667
