1 0.0652777777778 0.176302083333 0.0953703703704 0.131770833333
1 0.168981481481 0.161458333333 0.10462962963 0.154166666667
1 0.261574074074 0.155729166667 0.117592592593 0.152083333333
1 0.424074074074 0.155729166667 0.112962962963 0.152083333333
1 0.505555555556 0.155208333333 0.103703703704 0.153125
1 0.587962962963 0.154166666667 0.0907407407407 0.153125
1 0.674074074074 0.152604166667 0.103703703704 0.154166666667
1 0.752314814815 0.155989583333 0.0916666666667 0.147395833333
1 0.846759259259 0.148958333333 0.0990740740741 0.154166666667
1 0.0342592592593 0.3796875 0.0703703703704 0.132291666667
1 0.148611111111 0.376302083333 0.0972222222222 0.125520833333
1 0.22037037037 0.375 0.101851851852 0.134375
1 0.293518518519 0.368229166667 0.0944444444444 0.151041666667
1 0.378240740741 0.370052083333 0.0990740740741 0.156770833333
1 0.449074074074 0.36875 0.105555555556 0.146875
1 0.525 0.3640625 0.0925925925926 0.152083333333
1 0.588888888889 0.364583333333 0.105555555556 0.155208333333
1 0.669907407407 0.365104166667 0.0990740740741 0.154166666667
1 0.748148148148 0.3703125 0.0907407407407 0.14375
1 0.814814814815 0.3640625 0.0722222222222 0.121875
1 0.881018518519 0.3625 0.0842592592593 0.132291666667
1 0.960185185185 0.36015625 0.0777777777778 0.159895833333
1 0.0805555555556 0.599739583333 0.0925925925926 0.131770833333
1 0.163888888889 0.576302083333 0.0703703703704 0.119270833333
1 0.237037037037 0.601822916667 0.0925925925926 0.127604166667
1 0.313888888889 0.5953125 0.0907407407407 0.122916666667
1 0.385185185185 0.590625 0.0962962962963 0.14375
1 0.450925925926 0.5875 0.0759259259259 0.144791666667
1 0.521759259259 0.589322916667 0.0824074074074 0.1390625
1 0.598148148148 0.588802083333 0.087037037037 0.140104166667
1 0.668981481481 0.58671875 0.0842592592593 0.140104166667
1 0.757407407407 0.58515625 0.0888888888889 0.138020833333
1 0.809259259259 0.572916666667 0.0685185185185 0.132291666667
1 0.87037037037 0.575 0.0888888888889 0.133333333333
1 0.949074074074 0.5859375 0.1 0.138541666667
1 0.087962962963 0.764583333333 0.0907407407407 0.123958333333
1 0.156944444444 0.762239583333 0.0768518518519 0.1265625
1 0.23287037037 0.775 0.0972222222222 0.146875
1 0.30787037037 0.76875 0.0916666666667 0.14375
1 0.380555555556 0.77265625 0.0888888888889 0.1515625
1 0.456018518519 0.770052083333 0.0990740740741 0.152604166667
1 0.549074074074 0.766927083333 0.107407407407 0.1515625
1 0.629166666667 0.767708333333 0.0898148148148 0.14375
1 0.702777777778 0.765625 0.0907407407407 0.144791666667
1 0.775 0.7640625 0.0777777777778 0.145833333333
1 0.857407407407 0.763020833333 0.0907407407407 0.145833333333
1 0.933333333333 0.759895833333 0.0907407407407 0.154166666667
1 0.0361111111111 0.95078125 0.0740740740741 0.0973958333333
1 0.106481481481 0.949479166667 0.0907407407407 0.1
1 0.170833333333 0.95234375 0.0768518518519 0.0942708333333
1 0.240277777778 0.952864583333 0.0824074074074 0.0932291666667
1 0.309722222222 0.955208333333 0.0787037037037 0.0885416666667
1 0.377777777778 0.954166666667 0.0666666666667 0.090625
1 0.440277777778 0.948177083333 0.0805555555556 0.102604166667
1 0.516666666667 0.94765625 0.0851851851852 0.103645833333
1 0.633796296296 0.9375 0.100925925926 0.122916666667
1 0.71712962963 0.94765625 0.0787037037037 0.103645833333
1 0.805555555556 0.949479166667 0.087037037037 0.1
1 0.879166666667 0.951822916667 0.100925925926 0.0953125
1 0.947685185185 0.932291666667 0.102777777778 0.134375
