5 0.0935185185185 0.559635416667 0.0814814814815 0.127604166667
5 0.152314814815 0.526302083333 0.0768518518519 0.125520833333
5 0.212037037037 0.522916666667 0.0814814814815 0.122916666667
5 0.275462962963 0.522395833333 0.0731481481481 0.123958333333
5 0.334259259259 0.522395833333 0.0814814814815 0.121875
5 0.386574074074 0.515104166667 0.0453703703704 0.121875
5 0.435185185185 0.5203125 0.0833333333333 0.122916666667
5 0.515740740741 0.512760416667 0.0703703703704 0.1171875
5 0.574537037037 0.506770833333 0.062037037037 0.1125
5 0.636111111111 0.50859375 0.062962962963 0.118229166667
5 0.69537037037 0.5109375 0.0666666666667 0.122916666667
5 0.757407407407 0.51171875 0.0703703703704 0.128645833333
5 0.825462962963 0.516927083333 0.0768518518519 0.136979166667
5 0.890277777778 0.514583333333 0.062037037037 0.130208333333
5 0.958796296296 0.515364583333 0.0805555555556 0.1359375
5 0.173611111111 0.354427083333 0.0768518518519 0.124479166667
5 0.238425925926 0.353385416667 0.0824074074074 0.1265625
5 0.300462962963 0.352604166667 0.0601851851852 0.120833333333
5 0.406481481481 0.350260416667 0.0777777777778 0.127604166667
5 0.49537037037 0.348958333333 0.0814814814815 0.128125
5 0.351851851852 0.352864583333 0.0388888888889 0.127604166667
5 0.56712962963 0.348958333333 0.0731481481481 0.130208333333
5 0.633333333333 0.347395833333 0.0592592592593 0.13125
5 0.666666666667 0.346614583333 0.0777777777778 0.130729166667
5 0.725925925926 0.34765625 0.0685185185185 0.1328125
5 0.809722222222 0.344270833333 0.0712962962963 0.1375
5 0.9 0.345052083333 0.0814814814815 0.141145833333
5 0.227777777778 0.926822916667 0.062962962963 0.0911458333333
5 0.28287037037 0.92421875 0.062037037037 0.0921875
5 0.336574074074 0.926302083333 0.0694444444444 0.0848958333333
5 0.203240740741 0.7109375 0.0935185185185 0.170833333333
5 0.281481481481 0.714583333333 0.0981481481481 0.172916666667
5 0.362037037037 0.715104166667 0.101851851852 0.173958333333
5 0.451851851852 0.676041666667 0.1 0.114583333333
5 0.516666666667 0.67734375 0.0685185185185 0.119270833333
5 0.603240740741 0.69375 0.136111111111 0.140625
5 0.730092592593 0.689583333333 0.136111111111 0.146875
5 0.850925925926 0.688802083333 0.127777777778 0.159895833333
5 0.928240740741 0.716927083333 0.141666666667 0.168229166667
5 0.156481481481 0.176822916667 0.0944444444444 0.1078125
5 0.214814814815 0.179427083333 0.0537037037037 0.0932291666667
5 0.263888888889 0.177083333333 0.0833333333333 0.103125
5 0.332407407407 0.175520833333 0.0851851851852 0.10625
5 0.4 0.175260416667 0.0851851851852 0.106770833333
5 0.468981481481 0.171614583333 0.0787037037037 0.103645833333
5 0.546296296296 0.169270833333 0.0685185185185 0.102083333333
5 0.603240740741 0.165104166667 0.0768518518519 0.114583333333
5 0.674537037037 0.164322916667 0.087962962963 0.118229166667
5 0.718518518519 0.167447916667 0.05 0.109895833333
5 0.77037037037 0.16796875 0.0685185185185 0.106770833333
5 0.8375 0.168229166667 0.0657407407407 0.10625
5 0.907407407407 0.163541666667 0.0666666666667 0.115625
5 0.966203703704 0.151041666667 0.0657407407407 0.138541666667
1 0.966203703704 0.341666666667 0.0657407407407 0.147916666667
1 0.0740740740741 0.384114583333 0.0851851851852 0.119270833333
1 0.025462962963 0.558072916667 0.0527777777778 0.109895833333
1 0.105092592593 0.714583333333 0.100925925926 0.11875
1 0.0356481481481 0.715885416667 0.0731481481481 0.118229166667
1 0.05 0.219791666667 0.0666666666667 0.103125
1 0.0222222222222 0.387239583333 0.0462962962963 0.131770833333
