1 0.71712962963 0.06171875 0.0898148148148 0.124479166667
1 0.801851851852 0.0609375 0.105555555556 0.122916666667
1 0.900462962963 0.0609375 0.10462962963 0.122916666667
1 0.586574074074 0.241927083333 0.100925925926 0.197395833333
1 0.502314814815 0.2453125 0.0990740740741 0.183333333333
1 0.412037037037 0.244270833333 0.103703703704 0.1875
1 0.331481481481 0.23671875 0.0944444444444 0.191145833333
1 0.251388888889 0.233854166667 0.0916666666667 0.191666666667
1 0.168518518519 0.233333333333 0.109259259259 0.185416666667
1 0.0902777777778 0.23671875 0.0953703703704 0.169270833333
1 0.711574074074 0.27578125 0.0898148148148 0.0828125
1 0.810648148148 0.273177083333 0.123148148148 0.0838541666667
1 0.916666666667 0.266666666667 0.109259259259 0.071875
1 0.701851851852 0.34609375 0.105555555556 0.0807291666667
1 0.801388888889 0.350520833333 0.113888888889 0.08125
1 0.887037037037 0.3515625 0.12037037037 0.0875
1 0.749074074074 0.530989583333 0.161111111111 0.165104166667
1 0.903703703704 0.547395833333 0.161111111111 0.166666666667
1 0.724537037037 0.740885416667 0.141666666667 0.1515625
1 0.850925925926 0.75390625 0.12962962963 0.1390625
1 0.665740740741 0.921875 0.148148148148 0.155208333333
1 0.80787037037 0.934895833333 0.167592592593 0.129166666667
1 0.575925925926 0.453125 0.112962962963 0.171875
1 0.485648148148 0.456770833333 0.100925925926 0.16875
1 0.387962962963 0.450260416667 0.0925925925926 0.1671875
1 0.29212962963 0.442447916667 0.0990740740741 0.1515625
1 0.196759259259 0.436197916667 0.102777777778 0.169270833333
1 0.110648148148 0.432552083333 0.0972222222222 0.149479166667
1 0.0425925925926 0.421875 0.087037037037 0.151041666667
1 0.1125 0.0513020833333 0.0953703703704 0.103645833333
1 0.182407407407 0.0526041666667 0.0777777777778 0.10625
1 0.255555555556 0.05390625 0.0925925925926 0.1078125
1 0.334722222222 0.05078125 0.0787037037037 0.102604166667
1 0.409722222222 0.05078125 0.100925925926 0.102604166667
1 0.49212962963 0.0513020833333 0.0972222222222 0.103645833333
1 0.57037037037 0.0526041666667 0.0888888888889 0.10625
1 0.644907407407 0.0513020833333 0.0842592592593 0.103645833333
1 0.97037037037 0.0635416666667 0.0574074074074 0.128125
1 0.0282407407407 0.235677083333 0.0583333333333 0.163020833333
1 0.960185185185 0.354947916667 0.0777777777778 0.0890625
1 0.944907407407 0.7578125 0.108333333333 0.146875
1 0.939814814815 0.928125 0.118518518519 0.142708333333
1 0.0407407407407 0.602083333333 0.0703703703704 0.136458333333
1 0.106018518519 0.6140625 0.0824074074074 0.144791666667
1 0.174074074074 0.618229166667 0.0944444444444 0.147916666667
1 0.258796296296 0.625260416667 0.0990740740741 0.141145833333
1 0.342592592593 0.6296875 0.087037037037 0.141666666667
1 0.424537037037 0.6375 0.0972222222222 0.142708333333
1 0.502314814815 0.642708333333 0.0935185185185 0.14375
1 0.57962962963 0.651302083333 0.087037037037 0.1515625
1 0.0509259259259 0.758072916667 0.103703703704 0.106770833333
1 0.13287037037 0.773958333333 0.132407407407 0.110416666667
1 0.239814814815 0.778645833333 0.127777777778 0.110416666667
1 0.326388888889 0.797135416667 0.139814814815 0.128645833333
1 0.435648148148 0.807552083333 0.119444444444 0.1234375
1 0.559722222222 0.812760416667 0.134259259259 0.1296875
1 0.0416666666667 0.9234375 0.0851851851852 0.152083333333
1 0.118981481481 0.934375 0.102777777778 0.130208333333
1 0.219444444444 0.94140625 0.127777777778 0.116145833333
1 0.338888888889 0.94375 0.111111111111 0.111458333333
1 0.441666666667 0.950520833333 0.12037037037 0.0979166666667
