4 0.037962962963 0.33046875 0.0777777777778 0.0838541666667
4 0.124074074074 0.2078125 0.122222222222 0.071875
4 0.26712962963 0.209895833333 0.178703703704 0.0708333333333
4 0.431944444444 0.214583333333 0.182407407407 0.0708333333333
4 0.603240740741 0.2140625 0.187962962963 0.071875
4 0.845833333333 0.2140625 0.134259259259 0.071875
4 0.951388888889 0.210416666667 0.0953703703704 0.0791666666667
4 0.127777777778 0.341927083333 0.0962962962963 0.0442708333333
4 0.239351851852 0.33359375 0.132407407407 0.0828125
4 0.348148148148 0.334114583333 0.122222222222 0.0765625
4 0.472222222222 0.336979166667 0.137037037037 0.0802083333333
4 0.592592592593 0.33046875 0.127777777778 0.0984375
4 0.743055555556 0.329166666667 0.115740740741 0.0958333333333
4 0.854166666667 0.329947916667 0.130555555556 0.0921875
4 0.953703703704 0.333854166667 0.0907407407407 0.0989583333333
4 0.122685185185 0.4484375 0.0861111111111 0.09375
4 0.221296296296 0.450260416667 0.125925925926 0.0921875
4 0.352777777778 0.452604166667 0.142592592593 0.0927083333333
4 0.478240740741 0.453125 0.136111111111 0.0979166666667
4 0.599074074074 0.458072916667 0.127777777778 0.0932291666667
4 0.703240740741 0.450520833333 0.0805555555556 0.0802083333333
4 0.785185185185 0.452083333333 0.114814814815 0.09375
4 0.893518518519 0.453125 0.127777777778 0.0958333333333
4 0.971759259259 0.461197916667 0.0546296296296 0.0869791666667
4 0.147222222222 0.566666666667 0.0962962962963 0.0875
4 0.248148148148 0.565625 0.111111111111 0.0947916666667
4 0.353703703704 0.572135416667 0.114814814815 0.0932291666667
4 0.474537037037 0.577604166667 0.132407407407 0.0895833333333
4 0.597222222222 0.576302083333 0.124074074074 0.0994791666667
4 0.746296296296 0.57421875 0.12962962963 0.0921875
4 0.872222222222 0.573958333333 0.127777777778 0.0989583333333
4 0.959722222222 0.582552083333 0.0787037037037 0.0921875
4 0.134722222222 0.679166666667 0.062037037037 0.0885416666667
4 0.218055555556 0.68671875 0.115740740741 0.0911458333333
4 0.319907407407 0.68828125 0.106481481481 0.0973958333333
4 0.433796296296 0.6953125 0.132407407407 0.0947916666667
4 0.55787037037 0.702083333333 0.130555555556 0.0979166666667
4 0.698611111111 0.703125 0.0935185185185 0.105208333333
4 0.783333333333 0.709114583333 0.0814814814815 0.1078125
4 0.865740740741 0.71796875 0.0944444444444 0.1015625
4 0.955555555556 0.72109375 0.087037037037 0.1078125
4 0.185648148148 0.809114583333 0.10462962963 0.100520833333
4 0.278240740741 0.8125 0.10462962963 0.0958333333333
4 0.381481481481 0.8171875 0.118518518519 0.096875
4 0.47962962963 0.819791666667 0.103703703704 0.0979166666667
4 0.580555555556 0.825260416667 0.131481481481 0.1015625
4 0.692592592593 0.84140625 0.0981481481481 0.0765625
4 0.802314814815 0.837760416667 0.123148148148 0.100520833333
4 0.933333333333 0.83828125 0.127777777778 0.0994791666667
4 0.0402777777778 0.47890625 0.0824074074074 0.0755208333333
4 0.0407407407407 0.422916666667 0.0814814814815 0.05625
4 0.0388888888889 0.592447916667 0.0796296296296 0.0744791666667
4 0.0476851851852 0.726822916667 0.0787037037037 0.1171875
