4 0.209722222222 0.159635416667 0.206481481481 0.1515625
4 0.696296296296 0.182552083333 0.231481481481 0.125520833333
4 0.900462962963 0.1890625 0.167592592593 0.122916666667
4 0.167592592593 0.345833333333 0.214814814815 0.105208333333
4 0.356481481481 0.351822916667 0.177777777778 0.109895833333
4 0.700462962963 0.357291666667 0.226851851852 0.0947916666667
4 0.871759259259 0.495833333333 0.137962962963 0.0958333333333
4 0.70787037037 0.498177083333 0.158333333333 0.0859375
4 0.474074074074 0.499739583333 0.148148148148 0.0932291666667
4 0.322222222222 0.495572916667 0.131481481481 0.0921875
4 0.163425925926 0.497135416667 0.149074074074 0.0984375
4 0.518518518519 0.348958333333 0.157407407407 0.096875
4 0.921759259259 0.351822916667 0.15462962963 0.100520833333
4 0.05 0.494791666667 0.1 0.0979166666667
4 0.493518518519 0.183072916667 0.237037037037 0.121354166667
4 0.0462962962963 0.63515625 0.0944444444444 0.0765625
4 0.172685185185 0.634635416667 0.150925925926 0.0776041666667
4 0.320833333333 0.63359375 0.150925925926 0.0776041666667
4 0.466666666667 0.630989583333 0.151851851852 0.0755208333333
4 0.608796296296 0.632291666667 0.134259259259 0.078125
4 0.735185185185 0.63046875 0.125925925926 0.0744791666667
4 0.841666666667 0.62890625 0.0962962962963 0.0734375
4 0.941666666667 0.63046875 0.114814814815 0.0744791666667
4 0.0592592592593 0.754166666667 0.12037037037 0.0791666666667
4 0.190740740741 0.756770833333 0.144444444444 0.0770833333333
4 0.322685185185 0.758072916667 0.134259259259 0.0765625
4 0.457407407407 0.754166666667 0.124074074074 0.0791666666667
4 0.580092592593 0.752604166667 0.136111111111 0.0729166666667
4 0.715277777778 0.754947916667 0.136111111111 0.0755208333333
4 0.838425925926 0.752083333333 0.119444444444 0.0697916666667
4 0.949074074074 0.754427083333 0.1 0.0765625
4 0.075 0.88203125 0.151851851852 0.0932291666667
4 0.216666666667 0.879427083333 0.125925925926 0.0911458333333
4 0.370833333333 0.869791666667 0.191666666667 0.0697916666667
4 0.521759259259 0.85625 0.137962962963 0.046875
4 0.668055555556 0.865104166667 0.193518518519 0.0604166666667
4 0.847222222222 0.870052083333 0.190740740741 0.0786458333333
