1 0.136111111111 0.1 0.2 0.201041666667
1 0.278240740741 0.101041666667 0.175 0.203125
1 0.383796296296 0.0958333333333 0.119444444444 0.192708333333
1 0.468518518519 0.0947916666667 0.0907407407407 0.190625
1 0.553703703704 0.0705729166667 0.0888888888889 0.1421875
1 0.601388888889 0.0721354166667 0.0768518518519 0.1453125
1 0.650462962963 0.075 0.0638888888889 0.151041666667
1 0.708333333333 0.07578125 0.0796296296296 0.152604166667
1 0.754166666667 0.075 0.0583333333333 0.151041666667
1 0.80462962963 0.07578125 0.0685185185185 0.152604166667
1 0.84212962963 0.0765625 0.0638888888889 0.145833333333
1 0.883796296296 0.0817708333333 0.062037037037 0.142708333333
1 0.926851851852 0.0807291666667 0.0555555555556 0.128125
1 0.104166666667 0.442447916667 0.210185185185 0.296354166667
1 0.204166666667 0.425 0.175 0.270833333333
1 0.366666666667 0.408072916667 0.187037037037 0.283854166667
1 0.503703703704 0.32890625 0.114814814815 0.180729166667
1 0.558796296296 0.316666666667 0.075 0.167708333333
1 0.616666666667 0.305729166667 0.087037037037 0.157291666667
1 0.667592592593 0.294791666667 0.0703703703704 0.152083333333
1 0.694907407407 0.284895833333 0.075 0.145833333333
1 0.746296296296 0.28125 0.0703703703704 0.134375
1 0.794444444444 0.2734375 0.0555555555556 0.125
1 0.81712962963 0.273697916667 0.0564814814815 0.1078125
1 0.550925925926 0.534375 0.0944444444444 0.154166666667
1 0.126851851852 0.837760416667 0.127777777778 0.225520833333
1 0.0518518518519 0.88046875 0.105555555556 0.230729166667
1 0.45462962963 0.882291666667 0.111111111111 0.125
