1 0.0467592592593 0.136197916667 0.0953703703704 0.1421875
1 0.126851851852 0.135677083333 0.111111111111 0.146354166667
1 0.330555555556 0.0841145833333 0.0907407407407 0.0359375
1 0.47962962963 0.0864583333333 0.0925925925926 0.0364583333333
1 0.568518518519 0.0864583333333 0.0888888888889 0.0364583333333
1 0.649537037037 0.0893229166667 0.0916666666667 0.0369791666667
1 0.803703703704 0.0927083333333 0.0944444444444 0.0416666666667
1 0.8875 0.0903645833333 0.0972222222222 0.0421875
1 0.965277777778 0.0888020833333 0.0675925925926 0.0432291666667
1 0.0527777777778 0.3375 0.107407407407 0.13125
1 0.170833333333 0.338020833333 0.0805555555556 0.120833333333
1 0.252777777778 0.336458333333 0.0907407407407 0.135416666667
1 0.370833333333 0.277604166667 0.108333333333 0.135416666667
1 0.455092592593 0.3 0.0768518518519 0.08125
1 0.543518518519 0.275520833333 0.109259259259 0.134375
1 0.623611111111 0.29921875 0.0768518518519 0.0848958333333
1 0.710185185185 0.27734375 0.112962962963 0.130729166667
1 0.828703703704 0.276822916667 0.124074074074 0.134895833333
1 0.946759259259 0.280729166667 0.10462962963 0.123958333333
1 0.0342592592593 0.544791666667 0.0703703703704 0.126041666667
1 0.0972222222222 0.540625 0.0925925925926 0.130208333333
1 0.162037037037 0.53125 0.0703703703704 0.122916666667
1 0.219444444444 0.533072916667 0.0666666666667 0.128645833333
1 0.283333333333 0.5453125 0.087037037037 0.136458333333
1 0.375925925926 0.4359375 0.127777777778 0.13125
1 0.467592592593 0.4609375 0.062962962963 0.08125
1 0.484259259259 0.427604166667 0.0888888888889 0.1125
1 0.568055555556 0.423177083333 0.0935185185185 0.109895833333
1 0.676388888889 0.432552083333 0.123148148148 0.119270833333
1 0.751388888889 0.449739583333 0.0601851851852 0.0734375
1 0.812037037037 0.433072916667 0.0833333333333 0.1140625
1 0.915277777778 0.440625 0.115740740741 0.126041666667
1 0.0199074074074 0.719010416667 0.0416666666667 0.125520833333
1 0.0731481481481 0.715364583333 0.0740740740741 0.1296875
1 0.141203703704 0.714322916667 0.0953703703704 0.1296875
1 0.218518518519 0.711458333333 0.0851851851852 0.140625
1 0.289814814815 0.715625 0.0944444444444 0.138541666667
1 0.469444444444 0.5828125 0.0925925925926 0.1125
1 0.555092592593 0.559895833333 0.102777777778 0.0729166666667
1 0.636111111111 0.565625 0.0962962962963 0.078125
1 0.707407407407 0.566145833333 0.0703703703704 0.0833333333333
1 0.778240740741 0.573697916667 0.100925925926 0.0963541666667
1 0.910185185185 0.584114583333 0.12962962963 0.109895833333
1 0.40787037037 0.721875 0.113888888889 0.110416666667
1 0.49212962963 0.7109375 0.0768518518519 0.090625
1 0.655555555556 0.713802083333 0.103703703704 0.0942708333333
1 0.758333333333 0.728125 0.103703703704 0.115625
1 0.861574074074 0.7265625 0.112037037037 0.110416666667
1 0.0694444444444 0.88046875 0.0574074074074 0.119270833333
1 0.117592592593 0.9046875 0.0925925925926 0.123958333333
1 0.198611111111 0.903125 0.0990740740741 0.122916666667
1 0.272222222222 0.908854166667 0.0962962962963 0.132291666667
1 0.363425925926 0.888541666667 0.119444444444 0.135416666667
1 0.47962962963 0.89609375 0.112962962963 0.1484375
1 0.563425925926 0.926041666667 0.062037037037 0.0677083333333
1 0.624074074074 0.875260416667 0.109259259259 0.116145833333
1 0.737962962963 0.88046875 0.114814814815 0.119270833333
1 0.843055555556 0.907552083333 0.126851851852 0.152604166667
1 0.925925925926 0.94765625 0.0685185185185 0.0661458333333
1 0.961111111111 0.909114583333 0.0759259259259 0.138020833333
