1 0.0310185185185 0.229947916667 0.0638888888889 0.0848958333333
1 0.087962962963 0.231770833333 0.0740740740741 0.090625
1 0.138425925926 0.227083333333 0.0805555555556 0.1
1 0.193055555556 0.223697916667 0.0787037037037 0.0973958333333
1 0.255555555556 0.221354166667 0.0796296296296 0.1
1 0.315277777778 0.221875 0.0768518518519 0.101041666667
1 0.376851851852 0.2234375 0.0685185185185 0.1
1 0.442592592593 0.224739583333 0.0685185185185 0.0953125
1 0.524074074074 0.227083333333 0.0740740740741 0.090625
1 0.639351851852 0.23984375 0.0861111111111 0.0578125
1 0.789814814815 0.236979166667 0.0907407407407 0.05625
1 0.0384259259259 0.372916666667 0.0787037037037 0.115625
1 0.0949074074074 0.3734375 0.0731481481481 0.114583333333
1 0.153703703704 0.37421875 0.0907407407407 0.118229166667
1 0.220833333333 0.375260416667 0.0805555555556 0.122395833333
1 0.306944444444 0.375 0.0731481481481 0.113541666667
1 0.360185185185 0.373958333333 0.0481481481481 0.115625
1 0.40787037037 0.374739583333 0.0712962962963 0.1171875
1 0.483333333333 0.370572916667 0.0574074074074 0.108854166667
1 0.518981481481 0.3765625 0.0805555555556 0.122916666667
1 0.610185185185 0.372395833333 0.0666666666667 0.121875
1 0.67037037037 0.373177083333 0.0611111111111 0.1203125
1 0.725462962963 0.37265625 0.062037037037 0.118229166667
1 0.785185185185 0.374739583333 0.0666666666667 0.119270833333
1 0.831018518519 0.372916666667 0.062037037037 0.117708333333
1 0.8875 0.372395833333 0.0638888888889 0.11875
1 0.953240740741 0.380989583333 0.0842592592593 0.106770833333
1 0.0342592592593 0.5453125 0.0703703703704 0.115625
1 0.0856481481481 0.546614583333 0.062037037037 0.1109375
1 0.16712962963 0.563802083333 0.0935185185185 0.1203125
1 0.275 0.5546875 0.0777777777778 0.113541666667
1 0.355092592593 0.560416666667 0.0824074074074 0.115625
1 0.443055555556 0.56328125 0.0805555555556 0.1171875
1 0.50462962963 0.554166666667 0.0722222222222 0.105208333333
1 0.55 0.52734375 0.0518518518519 0.0984375
1 0.631018518519 0.550520833333 0.0657407407407 0.114583333333
1 0.682407407407 0.548697916667 0.0574074074074 0.106770833333
1 0.74537037037 0.554427083333 0.0685185185185 0.116145833333
1 0.79212962963 0.546354166667 0.0435185185185 0.104166666667
1 0.837037037037 0.54765625 0.0611111111111 0.1109375
1 0.900462962963 0.558072916667 0.075 0.0953125
1 0.962037037037 0.559114583333 0.0740740740741 0.0994791666667
1 0.0268518518519 0.69609375 0.0555555555556 0.0994791666667
1 0.0907407407407 0.69921875 0.101851851852 0.1109375
1 0.175462962963 0.69921875 0.0972222222222 0.108854166667
1 0.25 0.7078125 0.0907407407407 0.123958333333
1 0.32037037037 0.69765625 0.0740740740741 0.102604166667
1 0.381944444444 0.69765625 0.0824074074074 0.105729166667
1 0.453703703704 0.710416666667 0.0907407407407 0.133333333333
1 0.527314814815 0.69765625 0.087962962963 0.1078125
1 0.599074074074 0.698697916667 0.0648148148148 0.103645833333
1 0.658796296296 0.708854166667 0.0972222222222 0.125
1 0.736111111111 0.69140625 0.0777777777778 0.0901041666667
1 0.790740740741 0.684895833333 0.0722222222222 0.0916666666667
1 0.857407407407 0.693489583333 0.0777777777778 0.106770833333
1 0.927314814815 0.70625 0.102777777778 0.125
1 0.0282407407407 0.868229166667 0.0583333333333 0.132291666667
1 0.105092592593 0.872395833333 0.100925925926 0.135416666667
1 0.193518518519 0.875260416667 0.0888888888889 0.141145833333
1 0.273611111111 0.871614583333 0.0805555555556 0.1390625
1 0.350925925926 0.874739583333 0.103703703704 0.138020833333
1 0.441666666667 0.877604166667 0.103703703704 0.141666666667
1 0.515277777778 0.859114583333 0.100925925926 0.1296875
1 0.648611111111 0.872395833333 0.113888888889 0.142708333333
1 0.723611111111 0.85078125 0.075 0.108854166667
1 0.797685185185 0.846875 0.0861111111111 0.103125
1 0.896759259259 0.866145833333 0.106481481481 0.136458333333
1 0.96712962963 0.87109375 0.0638888888889 0.149479166667
