4 0.0847222222222 0.0888020833333 0.171296296296 0.133854166667
4 0.313425925926 0.115625 0.250925925926 0.1375
4 0.530092592593 0.143229166667 0.189814814815 0.111458333333
4 0.697685185185 0.1640625 0.150925925926 0.0979166666667
4 0.825925925926 0.178645833333 0.140740740741 0.0895833333333
4 0.940740740741 0.199739583333 0.116666666667 0.0838541666667
4 0.0981481481481 0.246614583333 0.198148148148 0.0776041666667
4 0.112037037037 0.315104166667 0.225925925926 0.071875
4 0.45 0.30625 0.205555555556 0.096875
4 0.623611111111 0.308072916667 0.167592592593 0.0911458333333
4 0.785185185185 0.316145833333 0.166666666667 0.0791666666667
4 0.930092592593 0.31953125 0.137962962963 0.0703125
4 0.112962962963 0.462239583333 0.227777777778 0.134895833333
4 0.374537037037 0.4140625 0.115740740741 0.0625
4 0.376851851852 0.475260416667 0.114814814815 0.0703125
4 0.492592592593 0.411197916667 0.155555555556 0.0588541666667
4 0.507407407407 0.470052083333 0.159259259259 0.0619791666667
4 0.663888888889 0.408854166667 0.162962962963 0.0489583333333
4 0.650925925926 0.461458333333 0.159259259259 0.0645833333333
4 0.792592592593 0.404947916667 0.12962962963 0.0494791666667
4 0.783333333333 0.452083333333 0.127777777778 0.0552083333333
4 0.904166666667 0.402604166667 0.119444444444 0.046875
4 0.900462962963 0.44609375 0.117592592593 0.0484375
4 0.126388888889 0.630729166667 0.213888888889 0.1625
4 0.0898148148148 0.8046875 0.181481481481 0.138541666667
4 0.109722222222 0.940104166667 0.221296296296 0.119791666667
4 0.310648148148 0.619791666667 0.150925925926 0.107291666667
4 0.427777777778 0.595572916667 0.140740740741 0.0921875
4 0.539814814815 0.59609375 0.127777777778 0.0765625
4 0.641666666667 0.58359375 0.127777777778 0.0682291666667
4 0.735648148148 0.572916666667 0.10462962963 0.06875
4 0.818981481481 0.559895833333 0.102777777778 0.0635416666667
4 0.889814814815 0.554947916667 0.0833333333333 0.0661458333333
4 0.95462962963 0.5453125 0.0851851851852 0.0635416666667
4 0.297685185185 0.762239583333 0.163888888889 0.146354166667
4 0.443055555556 0.733854166667 0.136111111111 0.132291666667
4 0.559259259259 0.7140625 0.127777777778 0.121875
4 0.663888888889 0.686979166667 0.0962962962963 0.111458333333
4 0.748148148148 0.6734375 0.1 0.0885416666667
4 0.825462962963 0.66328125 0.0861111111111 0.0921875
4 0.920833333333 0.648697916667 0.106481481481 0.100520833333
4 0.257407407407 0.932552083333 0.0833333333333 0.1109375
4 0.32962962963 0.907291666667 0.0666666666667 0.120833333333
4 0.430092592593 0.892708333333 0.106481481481 0.116666666667
4 0.521759259259 0.861458333333 0.108333333333 0.1125
4 0.60462962963 0.851041666667 0.087037037037 0.107291666667
4 0.678240740741 0.82109375 0.075 0.1078125
4 0.756018518519 0.80625 0.0768518518519 0.10625
4 0.817592592593 0.78828125 0.0685185185185 0.1015625
4 0.872222222222 0.768229166667 0.0685185185185 0.101041666667
4 0.925925925926 0.75625 0.062962962963 0.0947916666667
