4 0.135648148148 0.184895833333 0.115740740741 0.113541666667
4 0.329166666667 0.234635416667 0.189814814815 0.158854166667
4 0.57037037037 0.196614583333 0.211111111111 0.1515625
4 0.781018518519 0.207291666667 0.187962962963 0.144791666667
4 0.940740740741 0.19609375 0.116666666667 0.133854166667
4 0.114351851852 0.412760416667 0.165740740741 0.1359375
4 0.325925925926 0.402083333333 0.196296296296 0.147916666667
4 0.556944444444 0.419270833333 0.19537037037 0.159375
4 0.725925925926 0.394791666667 0.17037037037 0.147916666667
4 0.912962962963 0.394270833333 0.172222222222 0.132291666667
4 0.922685185185 0.554947916667 0.152777777778 0.1421875
4 0.0601851851852 0.590885416667 0.122222222222 0.125520833333
4 0.192592592593 0.574739583333 0.111111111111 0.1265625
4 0.355555555556 0.586979166667 0.174074074074 0.1375
4 0.513425925926 0.559114583333 0.150925925926 0.124479166667
4 0.733796296296 0.591927083333 0.163888888889 0.1515625
4 0.106018518519 0.740104166667 0.152777777778 0.1125
4 0.221296296296 0.737239583333 0.112962962963 0.118229166667
4 0.381018518519 0.752604166667 0.165740740741 0.130208333333
4 0.585185185185 0.730989583333 0.159259259259 0.1328125
4 0.761111111111 0.720052083333 0.162962962963 0.124479166667
4 0.931018518519 0.72578125 0.136111111111 0.141145833333
4 0.90787037037 0.853125 0.119444444444 0.136458333333
4 0.760648148148 0.894791666667 0.176851851852 0.138541666667
4 0.615740740741 0.8609375 0.153703703704 0.120833333333
4 0.383333333333 0.929427083333 0.137037037037 0.131770833333
4 0.202314814815 0.872916666667 0.147222222222 0.113541666667
4 0.0888888888889 0.937239583333 0.17962962963 0.108854166667
