1 0.0472222222222 0.218489583333 0.0777777777778 0.1515625
1 0.122685185185 0.220052083333 0.0861111111111 0.1546875
1 0.211111111111 0.223958333333 0.0907407407407 0.165625
1 0.283333333333 0.224479166667 0.0740740740741 0.160416666667
1 0.363425925926 0.227083333333 0.0805555555556 0.179166666667
1 0.45462962963 0.22265625 0.0777777777778 0.177604166667
1 0.531481481481 0.2421875 0.0907407407407 0.154166666667
1 0.621296296296 0.236458333333 0.103703703704 0.163541666667
1 0.690740740741 0.242708333333 0.111111111111 0.151041666667
1 0.768518518519 0.24375 0.0981481481481 0.153125
1 0.852314814815 0.240625 0.110185185185 0.157291666667
1 0.937962962963 0.24453125 0.122222222222 0.165104166667
1 0.898148148148 0.434895833333 0.109259259259 0.14375
1 0.825462962963 0.436979166667 0.0953703703704 0.142708333333
1 0.742592592593 0.436458333333 0.1 0.136458333333
1 0.675925925926 0.431510416667 0.0981481481481 0.1265625
1 0.603703703704 0.434114583333 0.109259259259 0.1234375
1 0.535185185185 0.429166666667 0.0944444444444 0.123958333333
1 0.4375 0.412239583333 0.102777777778 0.140104166667
1 0.361574074074 0.413541666667 0.087962962963 0.1375
1 0.284259259259 0.404427083333 0.0925925925926 0.140104166667
1 0.211574074074 0.403125 0.0842592592593 0.1375
1 0.134259259259 0.397135416667 0.101851851852 0.143229166667
1 0.062962962963 0.39609375 0.101851851852 0.1390625
1 0.0513888888889 0.561197916667 0.0805555555556 0.125520833333
1 0.144907407407 0.5578125 0.087962962963 0.125
1 0.219907407407 0.56484375 0.0898148148148 0.118229166667
1 0.309259259259 0.569791666667 0.0648148148148 0.142708333333
1 0.375925925926 0.5671875 0.0685185185185 0.10625
1 0.4375 0.569791666667 0.0675925925926 0.121875
1 0.516203703704 0.585416666667 0.0712962962963 0.132291666667
1 0.578240740741 0.58984375 0.0898148148148 0.1234375
1 0.647685185185 0.594270833333 0.0805555555556 0.129166666667
1 0.719907407407 0.595052083333 0.0842592592593 0.1234375
1 0.793055555556 0.608333333333 0.0787037037037 0.132291666667
1 0.872685185185 0.610677083333 0.0861111111111 0.1234375
1 0.958796296296 0.621354166667 0.0805555555556 0.1375
1 0.372685185185 0.712239583333 0.0990740740741 0.118229166667
1 0.288888888889 0.708072916667 0.0907407407407 0.1234375
1 0.189351851852 0.7046875 0.102777777778 0.120833333333
1 0.0981481481481 0.701822916667 0.0925925925926 0.118229166667
1 0.525462962963 0.716666666667 0.108333333333 0.113541666667
1 0.613425925926 0.7296875 0.0861111111111 0.108333333333
1 0.678240740741 0.740104166667 0.0805555555556 0.111458333333
1 0.751388888889 0.736979166667 0.0990740740741 0.114583333333
1 0.823611111111 0.744791666667 0.0898148148148 0.109375
1 0.880092592593 0.753125 0.0712962962963 0.119791666667
1 0.948148148148 0.755729166667 0.0833333333333 0.114583333333
1 0.841666666667 0.9140625 0.185185185185 0.170833333333
1 0.68287037037 0.896354166667 0.150925925926 0.170833333333
1 0.525462962963 0.878125 0.150925925926 0.151041666667
1 0.300925925926 0.884375 0.17037037037 0.180208333333
1 0.184722222222 0.866927083333 0.15462962963 0.152604166667
1 0.0518518518519 0.845833333333 0.105555555556 0.153125
1 0.0375 0.696354166667 0.0768518518519 0.116666666667
1 0.115740740741 0.0557291666667 0.0925925925926 0.1125
1 0.189351851852 0.05546875 0.0972222222222 0.111979166667
1 0.274074074074 0.0565104166667 0.105555555556 0.1140625
1 0.3625 0.0549479166667 0.0972222222222 0.1109375
1 0.45787037037 0.0588541666667 0.115740740741 0.11875
1 0.545833333333 0.0572916666667 0.113888888889 0.115625
1 0.633333333333 0.0583333333333 0.107407407407 0.117708333333
1 0.722222222222 0.06015625 0.105555555556 0.121354166667
1 0.801851851852 0.0583333333333 0.103703703704 0.117708333333
1 0.901851851852 0.0611979166667 0.109259259259 0.1234375
