1 0.037962962963 0.107291666667 0.0777777777778 0.116666666667
1 0.11712962963 0.111197916667 0.087962962963 0.1109375
1 0.181481481481 0.1171875 0.0648148148148 0.111458333333
1 0.243055555556 0.115364583333 0.0842592592593 0.1171875
1 0.306018518519 0.11875 0.075 0.1125
1 0.375925925926 0.11875 0.087037037037 0.1125
1 0.453240740741 0.1234375 0.100925925926 0.108333333333
1 0.5375 0.12734375 0.0935185185185 0.106770833333
1 0.633333333333 0.131510416667 0.107407407407 0.1078125
1 0.712962962963 0.130729166667 0.0703703703704 0.102083333333
1 0.785185185185 0.129166666667 0.0944444444444 0.114583333333
1 0.865277777778 0.127864583333 0.0787037037037 0.1171875
1 0.941666666667 0.1296875 0.0907407407407 0.120833333333
1 0.0425925925926 0.264583333333 0.087037037037 0.140625
1 0.143518518519 0.272135416667 0.124074074074 0.136979166667
1 0.247222222222 0.273697916667 0.112962962963 0.128645833333
1 0.3625 0.276302083333 0.117592592593 0.130729166667
1 0.477777777778 0.2796875 0.109259259259 0.13125
1 0.576851851852 0.279166666667 0.109259259259 0.125
1 0.700925925926 0.280989583333 0.124074074074 0.1265625
1 0.797685185185 0.2859375 0.115740740741 0.125
1 0.899537037037 0.28671875 0.121296296296 0.130729166667
1 0.96712962963 0.289583333333 0.0638888888889 0.132291666667
1 0.049537037037 0.427864583333 0.100925925926 0.130729166667
1 0.146296296296 0.430729166667 0.105555555556 0.122916666667
1 0.24212962963 0.434114583333 0.115740740741 0.125520833333
1 0.347222222222 0.433072916667 0.118518518519 0.118229166667
1 0.474537037037 0.433072916667 0.115740740741 0.125520833333
1 0.646759259259 0.435416666667 0.117592592593 0.115625
1 0.749074074074 0.437239583333 0.105555555556 0.1171875
1 0.848148148148 0.43828125 0.109259259259 0.1171875
1 0.940740740741 0.440625 0.116666666667 0.116666666667
1 0.0569444444444 0.571614583333 0.115740740741 0.1078125
1 0.186574074074 0.570833333333 0.115740740741 0.109375
1 0.291666666667 0.573697916667 0.111111111111 0.1078125
1 0.432407407407 0.573697916667 0.109259259259 0.105729166667
1 0.541203703704 0.576041666667 0.117592592593 0.105208333333
1 0.656481481481 0.57265625 0.109259259259 0.105729166667
1 0.747222222222 0.573697916667 0.112962962963 0.1078125
1 0.840740740741 0.574739583333 0.107407407407 0.1078125
1 0.939814814815 0.57734375 0.118518518519 0.1078125
1 0.176388888889 0.717708333333 0.119444444444 0.113541666667
1 0.275 0.716666666667 0.0944444444444 0.111458333333
1 0.371759259259 0.716666666667 0.112037037037 0.115625
1 0.458333333333 0.71484375 0.103703703704 0.115104166667
1 0.545833333333 0.715885416667 0.100925925926 0.1171875
1 0.651388888889 0.7125 0.119444444444 0.119791666667
1 0.753240740741 0.713802083333 0.100925925926 0.1171875
1 0.849074074074 0.709635416667 0.111111111111 0.1109375
1 0.946759259259 0.709895833333 0.10462962963 0.115625
1 0.0291666666667 0.905208333333 0.0601851851852 0.1
1 0.0837962962963 0.9140625 0.0787037037037 0.0708333333333
1 0.668055555556 0.877604166667 0.128703703704 0.14375
1 0.778703703704 0.8796875 0.107407407407 0.141666666667
1 0.885185185185 0.878645833333 0.112962962963 0.141666666667
1 0.965277777778 0.878125 0.0675925925926 0.142708333333
