1 0.0375 0.245572916667 0.0768518518519 0.0838541666667
1 0.0898148148148 0.2375 0.0740740740741 0.0927083333333
1 0.148148148148 0.235677083333 0.0722222222222 0.0984375
1 0.207407407407 0.233854166667 0.0703703703704 0.104166666667
1 0.259259259259 0.23671875 0.0685185185185 0.0963541666667
1 0.319444444444 0.240364583333 0.0722222222222 0.0942708333333
1 0.383333333333 0.238802083333 0.0722222222222 0.0859375
1 0.427314814815 0.248958333333 0.0583333333333 0.0697916666667
1 0.469444444444 0.2484375 0.0555555555556 0.0802083333333
1 0.515740740741 0.246614583333 0.0537037037037 0.0744791666667
1 0.580555555556 0.252604166667 0.0851851851852 0.0604166666667
1 0.659722222222 0.255989583333 0.0657407407407 0.0536458333333
1 0.724537037037 0.253125 0.0842592592593 0.0635416666667
1 0.944907407407 0.2546875 0.0842592592593 0.0510416666667
1 0.839814814815 0.256510416667 0.0685185185185 0.0453125
1 0.0490740740741 0.379947916667 0.0740740740741 0.116145833333
1 0.110185185185 0.379947916667 0.0703703703704 0.116145833333
1 0.180555555556 0.3828125 0.087037037037 0.11875
1 0.251388888889 0.38515625 0.0768518518519 0.1171875
1 0.303703703704 0.385677083333 0.0740740740741 0.1109375
1 0.35 0.385677083333 0.0759259259259 0.118229166667
1 0.393518518519 0.377604166667 0.0592592592593 0.113541666667
1 0.462037037037 0.38671875 0.0740740740741 0.1203125
1 0.556018518519 0.38515625 0.0842592592593 0.1171875
1 0.611574074074 0.38203125 0.0564814814815 0.125520833333
1 0.658796296296 0.385677083333 0.0638888888889 0.125520833333
1 0.719444444444 0.38671875 0.0703703703704 0.118229166667
1 0.775 0.384635416667 0.0666666666667 0.118229166667
1 0.824537037037 0.38671875 0.0657407407407 0.1140625
1 0.884722222222 0.39375 0.0805555555556 0.102083333333
1 0.96712962963 0.396614583333 0.0638888888889 0.103645833333
1 0.0351851851852 0.555729166667 0.0648148148148 0.111458333333
1 0.114351851852 0.571354166667 0.0990740740741 0.119791666667
1 0.223611111111 0.562760416667 0.0787037037037 0.118229166667
1 0.297685185185 0.56875 0.0824074074074 0.113541666667
1 0.381944444444 0.572395833333 0.075 0.110416666667
1 0.45462962963 0.559895833333 0.0740740740741 0.110416666667
1 0.584259259259 0.558072916667 0.0740740740741 0.1109375
1 0.627777777778 0.55703125 0.0555555555556 0.106770833333
1 0.683333333333 0.56328125 0.0685185185185 0.115104166667
1 0.730092592593 0.556510416667 0.062037037037 0.109895833333
1 0.777314814815 0.552864583333 0.062037037037 0.1078125
1 0.84212962963 0.565625 0.0675925925926 0.0958333333333
1 0.90462962963 0.568489583333 0.0740740740741 0.0973958333333
1 0.964351851852 0.567447916667 0.062037037037 0.0973958333333
1 0.0458333333333 0.70390625 0.087962962963 0.108854166667
1 0.124537037037 0.703385416667 0.0787037037037 0.1171875
1 0.195833333333 0.713802083333 0.087962962963 0.1265625
1 0.263425925926 0.704427083333 0.0768518518519 0.105729166667
1 0.321296296296 0.703125 0.0888888888889 0.103125
1 0.39212962963 0.716145833333 0.115740740741 0.133333333333
1 0.473611111111 0.704947916667 0.0842592592593 0.1046875
1 0.538425925926 0.704947916667 0.0787037037037 0.108854166667
1 0.597685185185 0.715885416667 0.0990740740741 0.1265625
1 0.683333333333 0.698177083333 0.0759259259259 0.0994791666667
1 0.748148148148 0.69296875 0.0574074074074 0.0942708333333
1 0.808333333333 0.7015625 0.0777777777778 0.115625
1 0.867592592593 0.71015625 0.103703703704 0.1359375
1 0.955092592593 0.714322916667 0.087962962963 0.118229166667
1 0.049537037037 0.8765625 0.100925925926 0.14375
1 0.136574074074 0.884375 0.0842592592593 0.145833333333
1 0.213888888889 0.876302083333 0.0888888888889 0.1390625
1 0.298611111111 0.881510416667 0.10462962963 0.149479166667
1 0.387962962963 0.884895833333 0.107407407407 0.152083333333
1 0.464351851852 0.868229166667 0.0990740740741 0.132291666667
1 0.593055555556 0.878645833333 0.100925925926 0.147916666667
1 0.666666666667 0.856770833333 0.0888888888889 0.104166666667
1 0.750462962963 0.856770833333 0.0990740740741 0.111458333333
1 0.837962962963 0.875260416667 0.109259259259 0.146354166667
1 0.928240740741 0.880989583333 0.10462962963 0.152604166667
