2 0.181481481481 0.4640625 0.364814814815 0.191666666667
2 0.534722222222 0.460416666667 0.343518518519 0.19375
2 0.855555555556 0.482291666667 0.287037037037 0.167708333333
2 0.835648148148 0.322395833333 0.321296296296 0.16875
2 0.550462962963 0.117708333333 0.40462962963 0.165625
2 0.181944444444 0.121354166667 0.365740740741 0.158333333333
2 0.162962962963 0.661979166667 0.312962962963 0.139583333333
2 0.469907407407 0.656770833333 0.325 0.132291666667
2 0.786111111111 0.665625 0.351851851852 0.128125
2 0.17962962963 0.784375 0.305555555556 0.0989583333333
2 0.489814814815 0.787239583333 0.296296296296 0.1109375
2 0.79212962963 0.79296875 0.302777777778 0.1203125
2 0.790740740741 0.916145833333 0.3 0.10625
2 0.175 0.0221354166667 0.351851851852 0.0453125
2 0.551851851852 0.02109375 0.425925925926 0.0432291666667
2 0.867592592593 0.0200520833333 0.262962962963 0.0411458333333
2 0.8625 0.11875 0.273148148148 0.167708333333
2 0.0731481481481 0.90078125 0.148148148148 0.0859375
2 0.272222222222 0.943229166667 0.264814814815 0.1125
2 0.074537037037 0.959375 0.150925925926 0.0802083333333
2 0.518055555556 0.944270833333 0.250925925926 0.110416666667
2 0.976388888889 0.919270833333 0.0453703703704 0.090625
2 0.788888888889 0.972135416667 0.331481481481 0.0546875
