4 0.255092592593 0.172916666667 0.226851851852 0.122916666667
4 0.444907407407 0.166145833333 0.280555555556 0.119791666667
4 0.685648148148 0.177604166667 0.19537037037 0.104166666667
4 0.89537037037 0.165104166667 0.207407407407 0.13125
4 0.141666666667 0.339583333333 0.212962962963 0.0947916666667
4 0.313888888889 0.337239583333 0.144444444444 0.0963541666667
4 0.478240740741 0.339322916667 0.225 0.0921875
4 0.726851851852 0.334114583333 0.214814814815 0.0932291666667
4 0.902777777778 0.329947916667 0.159259259259 0.0973958333333
4 0.115277777778 0.479947916667 0.150925925926 0.0901041666667
4 0.277314814815 0.478645833333 0.152777777778 0.0947916666667
4 0.509259259259 0.476302083333 0.151851851852 0.0921875
4 0.658333333333 0.475260416667 0.157407407407 0.0901041666667
4 0.776851851852 0.473958333333 0.153703703704 0.0895833333333
4 0.933333333333 0.473958333333 0.131481481481 0.0895833333333
4 0.118518518519 0.616927083333 0.174074074074 0.0776041666667
4 0.270833333333 0.616927083333 0.14537037037 0.0776041666667
4 0.406481481481 0.611458333333 0.127777777778 0.0770833333333
4 0.531481481481 0.607291666667 0.144444444444 0.078125
4 0.65 0.606770833333 0.101851851852 0.08125
4 0.751388888889 0.604947916667 0.136111111111 0.0734375
4 0.930092592593 0.602083333333 0.137962962963 0.071875
4 0.0356481481481 0.73671875 0.0731481481481 0.0765625
4 0.140740740741 0.737239583333 0.142592592593 0.0755208333333
4 0.277314814815 0.732291666667 0.132407407407 0.0729166666667
4 0.399074074074 0.731770833333 0.122222222222 0.0697916666667
4 0.525 0.73046875 0.15 0.0744791666667
4 0.648611111111 0.72421875 0.130555555556 0.0755208333333
4 0.780092592593 0.725260416667 0.147222222222 0.0776041666667
4 0.925 0.722916666667 0.140740740741 0.0708333333333
4 0.0634259259259 0.857291666667 0.128703703704 0.0854166666667
4 0.227777777778 0.844791666667 0.201851851852 0.0697916666667
4 0.372685185185 0.828645833333 0.14537037037 0.046875
4 0.517592592593 0.836979166667 0.175925925926 0.0635416666667
4 0.686111111111 0.843229166667 0.174074074074 0.084375
4 0.877777777778 0.846875 0.172222222222 0.10625
