4 0.0856481481481 0.0598958333333 0.173148148148 0.104166666667
4 0.350462962963 0.0729166666667 0.34537037037 0.104166666667
4 0.0314814814815 0.25078125 0.0648148148148 0.1359375
4 0.149537037037 0.253125 0.180555555556 0.14375
4 0.264351851852 0.256510416667 0.0601851851852 0.133854166667
4 0.422685185185 0.254947916667 0.176851851852 0.149479166667
4 0.616203703704 0.260416666667 0.186111111111 0.147916666667
4 0.769444444444 0.266927083333 0.155555555556 0.1421875
4 0.915277777778 0.26953125 0.167592592593 0.136979166667
4 0.30462962963 0.399739583333 0.390740740741 0.0505208333333
4 0.0824074074074 0.462239583333 0.166666666667 0.118229166667
4 0.335648148148 0.465625 0.34537037037 0.104166666667
4 0.603240740741 0.453125 0.123148148148 0.127083333333
4 0.750925925926 0.44921875 0.159259259259 0.1328125
4 0.868981481481 0.451041666667 0.150925925926 0.123958333333
4 0.965277777778 0.454427083333 0.0675925925926 0.1171875
4 0.0888888888889 0.63515625 0.17962962963 0.0911458333333
4 0.108796296296 0.569791666667 0.219444444444 0.0291666666667
4 0.343981481481 0.633333333333 0.325 0.0875
4 0.591666666667 0.6328125 0.125925925926 0.0864583333333
4 0.712037037037 0.63828125 0.125925925926 0.0807291666667
4 0.854166666667 0.631770833333 0.121296296296 0.0770833333333
4 0.951388888889 0.63125 0.0953703703704 0.075
4 0.109722222222 0.736979166667 0.221296296296 0.028125
4 0.375 0.736979166667 0.305555555556 0.0447916666667
4 0.112037037037 0.799739583333 0.225925925926 0.0932291666667
4 0.381018518519 0.80234375 0.300925925926 0.0859375
4 0.63287037037 0.754166666667 0.225 0.0958333333333
4 0.816203703704 0.75078125 0.256481481481 0.0859375
4 0.103703703704 0.977083333333 0.196296296296 0.0458333333333
4 0.313425925926 0.95390625 0.165740740741 0.0921875
4 0.431944444444 0.948958333333 0.165740740741 0.102083333333
4 0.615277777778 0.9390625 0.197222222222 0.121875
4 0.80787037037 0.938541666667 0.213888888889 0.122916666667
4 0.936574074074 0.939583333333 0.125 0.120833333333
4 0.619444444444 0.0765625 0.17962962963 0.125
4 0.799537037037 0.0885416666667 0.210185185185 0.10625
4 0.936574074074 0.112760416667 0.125 0.0765625
