1 0.721296296296 0.564583333333 0.0962962962963 0.142708333333
1 0.838888888889 0.560416666667 0.087037037037 0.171875
1 0.511574074074 0.566666666667 0.160185185185 0.163541666667
1 0.387962962963 0.568229166667 0.142592592593 0.173958333333
1 0.243518518519 0.572916666667 0.174074074074 0.148958333333
1 0.638888888889 0.73671875 0.105555555556 0.143229166667
1 0.822685185185 0.729427083333 0.0953703703704 0.141145833333
1 0.917592592593 0.7375 0.0888888888889 0.130208333333
1 0.530092592593 0.765364583333 0.123148148148 0.1515625
1 0.411111111111 0.765104166667 0.151851851852 0.16875
1 0.156481481481 0.763541666667 0.148148148148 0.151041666667
1 0.0518518518519 0.764322916667 0.0925925925926 0.159895833333
1 0.379166666667 0.943489583333 0.191666666667 0.111979166667
1 0.139351851852 0.565625 0.106481481481 0.133333333333
1 0.0587962962963 0.557552083333 0.119444444444 0.144270833333
1 0.158796296296 0.4671875 0.130555555556 0.0614583333333
1 0.294444444444 0.463541666667 0.146296296296 0.059375
1 0.643518518519 0.555729166667 0.0981481481481 0.145833333333
1 0.934259259259 0.5609375 0.105555555556 0.146875
1 0.779166666667 0.551302083333 0.0657407407407 0.1484375
1 0.293981481481 0.750260416667 0.102777777778 0.143229166667
1 0.726851851852 0.725260416667 0.0851851851852 0.0984375
1 0.975462962963 0.742708333333 0.0472222222222 0.142708333333
1 0.0990740740741 0.9390625 0.159259259259 0.120833333333
1 0.193055555556 0.9296875 0.152777777778 0.113541666667
1 0.563888888889 0.913802083333 0.125925925926 0.0848958333333
1 0.647222222222 0.9484375 0.0703703703704 0.0708333333333
1 0.731481481481 0.953385416667 0.087037037037 0.0776041666667
1 0.822685185185 0.960677083333 0.0990740740741 0.0765625
1 0.908796296296 0.956770833333 0.102777777778 0.0666666666667
1 0.198148148148 0.0736979166667 0.142592592593 0.119270833333
1 0.35 0.0731770833333 0.0888888888889 0.1046875
1 0.415740740741 0.0697916666667 0.0722222222222 0.111458333333
1 0.469444444444 0.0622395833333 0.0759259259259 0.119270833333
1 0.5375 0.0625 0.0935185185185 0.122916666667
1 0.598148148148 0.0622395833333 0.0703703703704 0.1078125
1 0.653703703704 0.0638020833333 0.0666666666667 0.1109375
1 0.713425925926 0.0565104166667 0.0787037037037 0.1140625
1 0.777314814815 0.0559895833333 0.0824074074074 0.113020833333
1 0.843981481481 0.0565104166667 0.0842592592593 0.1140625
1 0.914814814815 0.0536458333333 0.087037037037 0.108333333333
1 0.0958333333333 0.309895833333 0.149074074074 0.165625
1 0.275 0.308072916667 0.164814814815 0.161979166667
1 0.406018518519 0.308072916667 0.134259259259 0.1578125
1 0.50787037037 0.3109375 0.123148148148 0.158333333333
1 0.631018518519 0.298697916667 0.102777777778 0.169270833333
1 0.718518518519 0.295833333333 0.0925925925926 0.163541666667
1 0.801388888889 0.294791666667 0.0990740740741 0.163541666667
1 0.889351851852 0.2953125 0.113888888889 0.16875
1 0.966203703704 0.292708333333 0.0657407407407 0.15625
