1 0.321759259259 0.0705729166667 0.169444444444 0.124479166667
1 0.55787037037 0.0700520833333 0.149074074074 0.125520833333
1 0.840277777778 0.30078125 0.139814814815 0.156770833333
1 0.598611111111 0.304166666667 0.130555555556 0.153125
1 0.431481481481 0.310416666667 0.142592592593 0.158333333333
1 0.225 0.318489583333 0.137037037037 0.1453125
1 0.0972222222222 0.548958333333 0.151851851852 0.164583333333
1 0.232407407407 0.544010416667 0.114814814815 0.163020833333
1 0.344907407407 0.544791666667 0.123148148148 0.161458333333
1 0.558796296296 0.559635416667 0.137962962963 0.153645833333
1 0.688888888889 0.542708333333 0.146296296296 0.161458333333
1 0.829166666667 0.546614583333 0.126851851852 0.158854166667
1 0.801851851852 0.741145833333 0.124074074074 0.154166666667
1 0.675 0.747916666667 0.148148148148 0.165625
1 0.447222222222 0.754166666667 0.12962962963 0.167708333333
1 0.337962962963 0.75234375 0.103703703704 0.153645833333
1 0.246296296296 0.747916666667 0.109259259259 0.144791666667
1 0.346296296296 0.927604166667 0.161111111111 0.139583333333
1 0.0310185185185 0.0861979166667 0.0638888888889 0.1171875
1 0.121759259259 0.08125 0.113888888889 0.115625
1 0.215277777778 0.0822916666667 0.102777777778 0.125
1 0.694907407407 0.0700520833333 0.0824074074074 0.1078125
1 0.759722222222 0.0669270833333 0.0601851851852 0.109895833333
1 0.828240740741 0.06328125 0.0787037037037 0.1171875
1 0.893518518519 0.06171875 0.0685185185185 0.118229166667
1 0.955092592593 0.0591145833333 0.0601851851852 0.1046875
1 0.0435185185185 0.324479166667 0.0888888888889 0.14375
1 0.111574074074 0.314322916667 0.121296296296 0.1609375
1 0.311111111111 0.312239583333 0.105555555556 0.153645833333
1 0.734722222222 0.30390625 0.0935185185185 0.149479166667
1 0.951851851852 0.288020833333 0.0944444444444 0.165625
1 0.444907407407 0.457291666667 0.130555555556 0.0583333333333
1 0.573611111111 0.454427083333 0.136111111111 0.0640625
1 0.456944444444 0.5546875 0.121296296296 0.145833333333
1 0.919907407407 0.537760416667 0.0768518518519 0.1453125
1 0.062962962963 0.73125 0.127777777778 0.121875
1 0.900462962963 0.725260416667 0.0861111111111 0.130729166667
1 0.0560185185185 0.943229166667 0.113888888889 0.1125
1 0.427314814815 0.913020833333 0.123148148148 0.1125
1 0.636111111111 0.938802083333 0.142592592593 0.1203125
1 0.916203703704 0.925520833333 0.117592592593 0.0895833333333
