4 0.037037037037 0.144791666667 0.0759259259259 0.145833333333
4 0.211574074074 0.144270833333 0.225 0.144791666667
4 0.422222222222 0.140104166667 0.201851851852 0.138541666667
4 0.613888888889 0.144270833333 0.203703703704 0.139583333333
4 0.775925925926 0.148958333333 0.172222222222 0.1375
4 0.934259259259 0.133072916667 0.12962962963 0.1671875
4 0.075 0.314322916667 0.151851851852 0.0921875
4 0.219444444444 0.311197916667 0.17962962963 0.0921875
4 0.381944444444 0.309895833333 0.180555555556 0.0875
4 0.552777777778 0.30546875 0.183333333333 0.0932291666667
4 0.766203703704 0.304947916667 0.217592592593 0.0869791666667
4 0.938425925926 0.302604166667 0.121296296296 0.0895833333333
4 0.114814814815 0.4546875 0.161111111111 0.0885416666667
4 0.25787037037 0.450520833333 0.137962962963 0.0822916666667
4 0.385185185185 0.4453125 0.144444444444 0.0802083333333
4 0.522222222222 0.442708333333 0.146296296296 0.08125
4 0.636111111111 0.4390625 0.109259259259 0.0791666666667
4 0.7375 0.43671875 0.117592592593 0.0744791666667
4 0.821296296296 0.454947916667 0.209259259259 0.0442708333333
4 0.0421296296296 0.582291666667 0.0861111111111 0.0802083333333
4 0.133333333333 0.579427083333 0.140740740741 0.0692708333333
4 0.277314814815 0.57578125 0.152777777778 0.0817708333333
4 0.403240740741 0.57109375 0.150925925926 0.0744791666667
4 0.53287037037 0.565885416667 0.134259259259 0.0755208333333
4 0.645833333333 0.56328125 0.132407407407 0.0776041666667
4 0.769444444444 0.558072916667 0.125925925926 0.0744791666667
4 0.904166666667 0.555208333333 0.136111111111 0.075
4 0.0527777777778 0.692447916667 0.107407407407 0.0619791666667
4 0.170833333333 0.694270833333 0.147222222222 0.0760416666667
4 0.300462962963 0.69296875 0.149074074074 0.0734375
4 0.439351851852 0.686197916667 0.150925925926 0.0776041666667
4 0.550925925926 0.677083333333 0.144444444444 0.0645833333333
4 0.660185185185 0.671614583333 0.124074074074 0.0661458333333
4 0.779166666667 0.67109375 0.132407407407 0.0765625
4 0.901851851852 0.66171875 0.137037037037 0.0671875
4 0.127777777778 0.811979166667 0.257407407407 0.078125
4 0.389351851852 0.802083333333 0.280555555556 0.08125
4 0.667592592593 0.792447916667 0.290740740741 0.0817708333333
4 0.865740740741 0.777083333333 0.140740740741 0.0864583333333
4 0.95787037037 0.7765625 0.0824074074074 0.0895833333333
