1 0.0402777777778 0.193229166667 0.0824074074074 0.20625
1 0.108333333333 0.196354166667 0.124074074074 0.2125
1 0.215277777778 0.195833333333 0.136111111111 0.208333333333
1 0.315277777778 0.196875 0.121296296296 0.20625
1 0.42037037037 0.197135416667 0.105555555556 0.2109375
1 0.521296296296 0.1953125 0.125925925926 0.211458333333
1 0.623148148148 0.198177083333 0.144444444444 0.213020833333
1 0.733796296296 0.19765625 0.119444444444 0.221354166667
1 0.861574074074 0.195833333333 0.136111111111 0.219791666667
1 0.95462962963 0.198177083333 0.0888888888889 0.224479166667
1 0.0467592592593 0.435416666667 0.0953703703704 0.1875
1 0.124537037037 0.430729166667 0.119444444444 0.1875
1 0.219444444444 0.433854166667 0.127777777778 0.195833333333
1 0.32037037037 0.437239583333 0.107407407407 0.1859375
1 0.421296296296 0.441145833333 0.124074074074 0.189583333333
1 0.530092592593 0.43203125 0.112037037037 0.178645833333
1 0.626851851852 0.442708333333 0.12037037037 0.195833333333
1 0.741203703704 0.446875 0.121296296296 0.198958333333
1 0.862962962963 0.448697916667 0.146296296296 0.202604166667
1 0.947685185185 0.452864583333 0.102777777778 0.203645833333
1 0.0527777777778 0.639583333333 0.107407407407 0.167708333333
1 0.133796296296 0.645052083333 0.113888888889 0.169270833333
1 0.237037037037 0.65234375 0.112962962963 0.166145833333
1 0.331018518519 0.659375 0.119444444444 0.175
1 0.435648148148 0.656510416667 0.0990740740741 0.159895833333
1 0.525925925926 0.655729166667 0.0944444444444 0.154166666667
1 0.626851851852 0.661979166667 0.114814814815 0.164583333333
1 0.718518518519 0.669270833333 0.112962962963 0.166666666667
1 0.819444444444 0.676822916667 0.109259259259 0.181770833333
1 0.923148148148 0.68359375 0.124074074074 0.172395833333
1 0.0856481481481 0.804166666667 0.139814814815 0.1125
1 0.201851851852 0.816145833333 0.122222222222 0.120833333333
1 0.321296296296 0.826041666667 0.12962962963 0.121875
1 0.435648148148 0.8375 0.126851851852 0.126041666667
1 0.550925925926 0.843489583333 0.124074074074 0.1265625
1 0.665277777778 0.849739583333 0.117592592593 0.127604166667
1 0.7875 0.8625 0.132407407407 0.151041666667
1 0.91712962963 0.861979166667 0.139814814815 0.121875
