1 0.0518518518519 0.0520833333333 0.105555555556 0.105208333333
1 0.141203703704 0.0497395833333 0.112037037037 0.100520833333
1 0.236111111111 0.0502604166667 0.124074074074 0.1015625
1 0.330555555556 0.0489583333333 0.0907407407407 0.0989583333333
1 0.413888888889 0.0497395833333 0.109259259259 0.100520833333
1 0.505555555556 0.0497395833333 0.103703703704 0.100520833333
1 0.593981481481 0.046875 0.0990740740741 0.0947916666667
1 0.678240740741 0.046875 0.102777777778 0.0947916666667
1 0.769907407407 0.0473958333333 0.110185185185 0.0958333333333
1 0.861574074074 0.0455729166667 0.115740740741 0.0921875
1 0.949074074074 0.0484375 0.1 0.0979166666667
1 0.0662037037037 0.24375 0.113888888889 0.175
1 0.148611111111 0.24375 0.100925925926 0.177083333333
1 0.225462962963 0.245572916667 0.112037037037 0.188020833333
1 0.316203703704 0.246614583333 0.112037037037 0.188020833333
1 0.408333333333 0.2515625 0.107407407407 0.185416666667
1 0.517592592593 0.250260416667 0.111111111111 0.188020833333
1 0.623611111111 0.252083333333 0.100925925926 0.184375
1 0.718518518519 0.253645833333 0.105555555556 0.185416666667
1 0.814351851852 0.251302083333 0.123148148148 0.1921875
1 0.925462962963 0.250260416667 0.119444444444 0.1921875
1 0.0680555555556 0.447916666667 0.113888888889 0.164583333333
1 0.15787037037 0.45234375 0.106481481481 0.163020833333
1 0.263888888889 0.44921875 0.0888888888889 0.152604166667
1 0.337962962963 0.45859375 0.109259259259 0.1671875
1 0.431018518519 0.464322916667 0.0990740740741 0.169270833333
1 0.532407407407 0.466927083333 0.107407407407 0.171354166667
1 0.625 0.468489583333 0.103703703704 0.168229166667
1 0.727314814815 0.472395833333 0.136111111111 0.176041666667
1 0.858333333333 0.47734375 0.146296296296 0.1828125
1 0.95787037037 0.4828125 0.0824074074074 0.178125
1 0.0777777777778 0.643229166667 0.114814814815 0.148958333333
1 0.176851851852 0.64140625 0.0888888888889 0.1484375
1 0.256481481481 0.647135416667 0.103703703704 0.1484375
1 0.345833333333 0.651822916667 0.0972222222222 0.1484375
1 0.425462962963 0.655729166667 0.0953703703704 0.144791666667
1 0.503240740741 0.666927083333 0.0990740740741 0.161979166667
1 0.590277777778 0.673177083333 0.102777777778 0.1609375
1 0.684722222222 0.676041666667 0.0990740740741 0.151041666667
1 0.776388888889 0.679166666667 0.0972222222222 0.154166666667
1 0.872685185185 0.681770833333 0.110185185185 0.155208333333
1 0.952777777778 0.689583333333 0.0925925925926 0.154166666667
1 0.0856481481481 0.7953125 0.123148148148 0.115625
1 0.186574074074 0.80234375 0.112037037037 0.118229166667
1 0.292592592593 0.814322916667 0.112962962963 0.115104166667
1 0.388888888889 0.81796875 0.109259259259 0.1171875
1 0.496296296296 0.835677083333 0.12962962963 0.1296875
1 0.613888888889 0.8375 0.12962962963 0.123958333333
1 0.741666666667 0.851041666667 0.144444444444 0.14375
1 0.874074074074 0.86015625 0.144444444444 0.134895833333
1 0.0601851851852 0.942447916667 0.122222222222 0.1140625
1 0.235185185185 0.953385416667 0.146296296296 0.0921875
