1 0.0439814814815 0.196875 0.0898148148148 0.132291666667
1 0.112037037037 0.19921875 0.0962962962963 0.141145833333
1 0.197685185185 0.205729166667 0.0805555555556 0.135416666667
1 0.281481481481 0.206770833333 0.0907407407407 0.129166666667
1 0.353240740741 0.20625 0.0953703703704 0.134375
1 0.443055555556 0.211979166667 0.0972222222222 0.136458333333
1 0.5125 0.217708333333 0.0842592592593 0.113541666667
1 0.568055555556 0.229947916667 0.0842592592593 0.1171875
1 0.626851851852 0.216666666667 0.0777777777778 0.132291666667
1 0.687962962963 0.210416666667 0.0888888888889 0.144791666667
1 0.7625 0.2109375 0.075 0.14375
1 0.837962962963 0.2109375 0.0888888888889 0.14375
1 0.915277777778 0.215625 0.0861111111111 0.14375
1 0.0291666666667 0.369010416667 0.0601851851852 0.138020833333
1 0.0925925925926 0.370052083333 0.0888888888889 0.140104166667
1 0.173148148148 0.370052083333 0.0851851851852 0.140104166667
1 0.24212962963 0.370572916667 0.0990740740741 0.141145833333
1 0.301388888889 0.383333333333 0.0787037037037 0.109375
1 0.354166666667 0.38671875 0.0935185185185 0.118229166667
1 0.429166666667 0.38515625 0.0824074074074 0.111979166667
1 0.48287037037 0.389583333333 0.0824074074074 0.110416666667
1 0.540740740741 0.390364583333 0.0611111111111 0.108854166667
1 0.591666666667 0.390364583333 0.0740740740741 0.118229166667
1 0.662962962963 0.391927083333 0.0888888888889 0.130729166667
1 0.724537037037 0.39375 0.0805555555556 0.132291666667
1 0.797685185185 0.39453125 0.0824074074074 0.1421875
1 0.871759259259 0.39765625 0.0824074074074 0.138020833333
1 0.944907407407 0.396614583333 0.0842592592593 0.1328125
1 0.0416666666667 0.534375 0.0851851851852 0.133333333333
1 0.102314814815 0.533854166667 0.075 0.134375
1 0.172222222222 0.537760416667 0.087037037037 0.138020833333
1 0.247685185185 0.5484375 0.0842592592593 0.1375
1 0.316203703704 0.5546875 0.0657407407407 0.111458333333
1 0.369907407407 0.54140625 0.062037037037 0.105729166667
1 0.416666666667 0.544010416667 0.0537037037037 0.116145833333
1 0.464351851852 0.55625 0.0824074074074 0.119791666667
1 0.534259259259 0.555208333333 0.0777777777778 0.110416666667
1 0.591666666667 0.554427083333 0.0703703703704 0.108854166667
1 0.649537037037 0.55625 0.075 0.126041666667
1 0.715277777778 0.555208333333 0.0824074074074 0.126041666667
1 0.790740740741 0.558072916667 0.0796296296296 0.1296875
1 0.860648148148 0.55859375 0.0768518518519 0.128645833333
1 0.933333333333 0.559895833333 0.0833333333333 0.13125
1 0.0268518518519 0.698177083333 0.0555555555556 0.1203125
1 0.0787037037037 0.692447916667 0.0796296296296 0.116145833333
1 0.143518518519 0.698177083333 0.0907407407407 0.122395833333
1 0.225925925926 0.700520833333 0.087037037037 0.125
1 0.356944444444 0.705729166667 0.0787037037037 0.110416666667
1 0.434259259259 0.705989583333 0.0851851851852 0.106770833333
1 0.510648148148 0.71328125 0.0805555555556 0.108854166667
1 0.570833333333 0.715104166667 0.0842592592593 0.1125
1 0.631944444444 0.706770833333 0.0768518518519 0.119791666667
1 0.7 0.705208333333 0.0722222222222 0.111458333333
1 0.771759259259 0.7078125 0.0768518518519 0.121875
1 0.839814814815 0.711197916667 0.0814814814815 0.128645833333
1 0.909722222222 0.7125 0.0805555555556 0.126041666667
1 0.963425925926 0.707291666667 0.0638888888889 0.115625
1 0.0435185185185 0.896354166667 0.0888888888889 0.1125
1 0.249537037037 0.895052083333 0.100925925926 0.118229166667
1 0.468518518519 0.839322916667 0.0907407407407 0.0838541666667
