4 0.0486111111111 0.123958333333 0.0990740740741 0.065625
4 0.1875 0.12890625 0.150925925926 0.0515625
4 0.403240740741 0.129947916667 0.160185185185 0.0421875
4 0.567592592593 0.0799479166667 0.157407407407 0.0494791666667
4 0.562962962963 0.127604166667 0.166666666667 0.0489583333333
4 0.0671296296296 0.2609375 0.134259259259 0.132291666667
4 0.193981481481 0.263802083333 0.147222222222 0.131770833333
4 0.325 0.260416666667 0.142592592593 0.129166666667
4 0.453240740741 0.262239583333 0.132407407407 0.125520833333
4 0.578240740741 0.26328125 0.132407407407 0.125520833333
4 0.702777777778 0.259635416667 0.137037037037 0.127604166667
4 0.837037037037 0.292447916667 0.12962962963 0.0723958333333
4 0.121759259259 0.422395833333 0.150925925926 0.121875
4 0.272222222222 0.41875 0.151851851852 0.129166666667
4 0.411111111111 0.417708333333 0.127777777778 0.123958333333
4 0.549537037037 0.420052083333 0.160185185185 0.0578125
4 0.538888888889 0.466927083333 0.155555555556 0.0588541666667
4 0.696296296296 0.37265625 0.144444444444 0.0421875
4 0.855555555556 0.372916666667 0.140740740741 0.0395833333333
4 0.718518518519 0.422916666667 0.159259259259 0.0520833333333
4 0.875 0.420052083333 0.172222222222 0.0505208333333
4 0.693055555556 0.471614583333 0.160185185185 0.0494791666667
4 0.848148148148 0.46875 0.172222222222 0.05
4 0.0601851851852 0.58671875 0.122222222222 0.1171875
4 0.172685185185 0.582552083333 0.121296296296 0.108854166667
4 0.29537037037 0.582291666667 0.142592592593 0.113541666667
4 0.426388888889 0.58046875 0.134259259259 0.115104166667
4 0.549537037037 0.578645833333 0.121296296296 0.111458333333
4 0.674074074074 0.586979166667 0.138888888889 0.104166666667
4 0.796759259259 0.5859375 0.130555555556 0.10625
4 0.075462962963 0.733072916667 0.147222222222 0.115104166667
4 0.218981481481 0.7359375 0.150925925926 0.122916666667
4 0.362962962963 0.72578125 0.12962962963 0.109895833333
4 0.49537037037 0.728125 0.144444444444 0.121875
4 0.616203703704 0.719791666667 0.106481481481 0.1125
4 0.763425925926 0.700260416667 0.163888888889 0.0515625
4 0.934259259259 0.710416666667 0.12962962963 0.0458333333333
4 0.777777777778 0.75078125 0.188888888889 0.0484375
4 0.930092592593 0.75078125 0.137962962963 0.0432291666667
4 0.075462962963 0.89296875 0.134259259259 0.156770833333
4 0.191666666667 0.8890625 0.116666666667 0.155208333333
4 0.307407407407 0.886458333333 0.114814814815 0.147916666667
4 0.421296296296 0.8859375 0.127777777778 0.146875
4 0.540740740741 0.886458333333 0.112962962963 0.155208333333
4 0.643518518519 0.884635416667 0.107407407407 0.156770833333
4 0.743981481481 0.88203125 0.108333333333 0.143229166667
4 0.880555555556 0.88671875 0.144444444444 0.141145833333
4 0.968518518519 0.877604166667 0.0611111111111 0.146875
4 0.734259259259 0.13828125 0.17037037037 0.0348958333333
4 0.912962962963 0.1203125 0.172222222222 0.0635416666667
