4 0.0625 0.119791666667 0.126851851852 0.0458333333333
4 0.244907407407 0.129947916667 0.147222222222 0.0348958333333
4 0.399074074074 0.0877604166667 0.159259259259 0.0505208333333
4 0.399074074074 0.13359375 0.164814814815 0.0515625
4 0.0550925925926 0.25546875 0.112037037037 0.131770833333
4 0.167592592593 0.259635416667 0.140740740741 0.1234375
4 0.29537037037 0.25859375 0.135185185185 0.125520833333
4 0.408333333333 0.262760416667 0.124074074074 0.1265625
4 0.52962962963 0.264583333333 0.140740740741 0.122916666667
4 0.676388888889 0.292447916667 0.113888888889 0.0671875
4 0.807407407407 0.236458333333 0.138888888889 0.0697916666667
4 0.7875 0.300260416667 0.136111111111 0.0640625
4 0.925 0.304947916667 0.124074074074 0.0494791666667
4 0.0296296296296 0.416145833333 0.0611111111111 0.121875
4 0.121759259259 0.412760416667 0.160185185185 0.122395833333
4 0.265740740741 0.41015625 0.125925925926 0.1171875
4 0.38287037037 0.41328125 0.162037037037 0.0567708333333
4 0.374074074074 0.4640625 0.155555555556 0.053125
4 0.546296296296 0.369270833333 0.144444444444 0.0375
4 0.693518518519 0.3734375 0.142592592593 0.0385416666667
4 0.839351851852 0.372916666667 0.137962962963 0.0375
4 0.543981481481 0.41796875 0.149074074074 0.0515625
4 0.702777777778 0.419270833333 0.153703703704 0.0541666666667
4 0.849537037037 0.422135416667 0.147222222222 0.0505208333333
4 0.525925925926 0.465625 0.155555555556 0.046875
4 0.681944444444 0.466927083333 0.162037037037 0.0442708333333
4 0.842592592593 0.469270833333 0.161111111111 0.046875
4 0.0388888888889 0.56953125 0.0796296296296 0.103645833333
4 0.133796296296 0.572135416667 0.149074074074 0.109895833333
4 0.265277777778 0.572135416667 0.136111111111 0.102604166667
4 0.391666666667 0.573958333333 0.127777777778 0.10625
4 0.519444444444 0.578645833333 0.125925925926 0.104166666667
4 0.640277777778 0.580989583333 0.130555555556 0.0994791666667
4 0.777777777778 0.595572916667 0.125925925926 0.0682291666667
4 0.903703703704 0.590104166667 0.127777777778 0.071875
4 0.0675925925926 0.719791666667 0.137037037037 0.114583333333
4 0.208796296296 0.714322916667 0.121296296296 0.108854166667
4 0.331018518519 0.715104166667 0.134259259259 0.110416666667
4 0.455092592593 0.714583333333 0.123148148148 0.10625
4 0.618055555556 0.694270833333 0.182407407407 0.0489583333333
4 0.812037037037 0.677083333333 0.201851851852 0.0364583333333
4 0.803240740741 0.71171875 0.189814814815 0.0338541666667
4 0.62037037037 0.74375 0.187037037037 0.0479166666667
4 0.80462962963 0.747135416667 0.187037037037 0.0484375
4 0.949537037037 0.716666666667 0.0990740740741 0.114583333333
4 0.0430555555556 0.877604166667 0.087962962963 0.144791666667
4 0.143981481481 0.872916666667 0.119444444444 0.139583333333
4 0.27037037037 0.872916666667 0.133333333333 0.154166666667
4 0.381018518519 0.876302083333 0.115740740741 0.156770833333
4 0.487962962963 0.87578125 0.116666666667 0.1578125
4 0.582407407407 0.871875 0.111111111111 0.148958333333
4 0.711111111111 0.87890625 0.144444444444 0.144270833333
4 0.856481481481 0.8703125 0.142592592593 0.146875
4 0.963888888889 0.917447916667 0.0703703703704 0.0890625
4 0.570833333333 0.14609375 0.163888888889 0.0338541666667
4 0.750462962963 0.130989583333 0.160185185185 0.0588541666667
4 0.906944444444 0.131770833333 0.108333333333 0.0510416666667
