0 0.49212962963 0.132552083333 0.0842592592593 0.0640625
0 0.47962962963 0.218489583333 0.0925925925926 0.0661458333333
0 0.779166666667 0.136197916667 0.0953703703704 0.0619791666667
0 0.75462962963 0.228125 0.087037037037 0.071875
0 0.0333333333333 0.372916666667 0.0685185185185 0.1
0 0.0837962962963 0.377604166667 0.062037037037 0.1
0 0.376851851852 0.33828125 0.0685185185185 0.0557291666667
0 0.588425925926 0.35390625 0.0805555555556 0.0661458333333
0 0.363425925926 0.416145833333 0.0657407407407 0.059375
0 0.589814814815 0.428645833333 0.0740740740741 0.0604166666667
0 0.809722222222 0.369270833333 0.119444444444 0.08125
0 0.897222222222 0.373958333333 0.105555555556 0.08125
0 0.969444444444 0.373697916667 0.0592592592593 0.0796875
0 0.799074074074 0.449479166667 0.0962962962963 0.0854166666667
0 0.88287037037 0.452864583333 0.0842592592593 0.0859375
0 0.958333333333 0.458072916667 0.0814814814815 0.0848958333333
0 0.0444444444444 0.491927083333 0.087037037037 0.0651041666667
0 0.108333333333 0.494270833333 0.062962962963 0.071875
0 0.166666666667 0.5 0.0722222222222 0.0697916666667
0 0.227777777778 0.505989583333 0.0740740740741 0.0723958333333
0 0.289351851852 0.509895833333 0.075 0.0708333333333
0 0.35 0.517447916667 0.0759259259259 0.0744791666667
0 0.420833333333 0.520052083333 0.0824074074074 0.0765625
0 0.0476851851852 0.551041666667 0.0731481481481 0.0604166666667
0 0.104166666667 0.559895833333 0.062037037037 0.0614583333333
0 0.15787037037 0.566666666667 0.075 0.0635416666667
0 0.223611111111 0.57265625 0.075 0.0661458333333
0 0.280092592593 0.57890625 0.0675925925926 0.0671875
0 0.344907407407 0.583072916667 0.075 0.0640625
0 0.415740740741 0.588541666667 0.0851851851852 0.0708333333333
0 0.14537037037 0.668489583333 0.0777777777778 0.0776041666667
0 0.323611111111 0.689583333333 0.0768518518519 0.0802083333333
0 0.406018518519 0.691927083333 0.0842592592593 0.0869791666667
0 0.459259259259 0.688802083333 0.0685185185185 0.0723958333333
0 0.516666666667 0.69453125 0.0722222222222 0.0765625
0 0.573148148148 0.7015625 0.0740740740741 0.0833333333333
0 0.639351851852 0.71953125 0.0787037037037 0.0963541666667
0 0.706018518519 0.729947916667 0.0805555555556 0.109895833333
0 0.781944444444 0.740364583333 0.0768518518519 0.0984375
0 0.175 0.774479166667 0.0851851851852 0.0677083333333
