1 0.0546296296296 0.120572916667 0.111111111111 0.155729166667
1 0.143518518519 0.119791666667 0.103703703704 0.163541666667
1 0.316203703704 0.11875 0.0990740740741 0.161458333333
1 0.399537037037 0.120572916667 0.0842592592593 0.1578125
1 0.486111111111 0.11953125 0.0888888888889 0.159895833333
1 0.569444444444 0.120572916667 0.103703703704 0.159895833333
1 0.653703703704 0.123958333333 0.087037037037 0.155208333333
1 0.759259259259 0.121614583333 0.105555555556 0.161979166667
1 0.861574074074 0.149479166667 0.075 0.104166666667
1 0.0425925925926 0.341145833333 0.087037037037 0.133333333333
1 0.111574074074 0.344010416667 0.0935185185185 0.141145833333
1 0.184722222222 0.33671875 0.0898148148148 0.1515625
1 0.25787037037 0.342447916667 0.087962962963 0.163020833333
1 0.341666666667 0.338020833333 0.0888888888889 0.155208333333
1 0.411111111111 0.335677083333 0.087037037037 0.150520833333
1 0.491666666667 0.337760416667 0.0888888888889 0.158854166667
1 0.567592592593 0.341666666667 0.0777777777778 0.157291666667
1 0.651851851852 0.344010416667 0.0944444444444 0.150520833333
1 0.72037037037 0.33984375 0.0722222222222 0.138020833333
1 0.79212962963 0.342708333333 0.0805555555556 0.132291666667
1 0.875925925926 0.34453125 0.0944444444444 0.1421875
1 0.956018518519 0.45390625 0.0861111111111 0.136979166667
1 0.049537037037 0.550520833333 0.0601851851852 0.116666666667
1 0.113425925926 0.569270833333 0.0842592592593 0.1375
1 0.189814814815 0.56953125 0.0888888888889 0.1296875
1 0.268981481481 0.565104166667 0.0824074074074 0.145833333333
1 0.338425925926 0.566666666667 0.0787037037037 0.140625
1 0.416666666667 0.565625 0.0907407407407 0.144791666667
1 0.485185185185 0.566666666667 0.087037037037 0.140625
1 0.55787037037 0.566145833333 0.0842592592593 0.14375
1 0.646296296296 0.565625 0.0759259259259 0.140625
1 0.707407407407 0.557552083333 0.0537037037037 0.130729166667
1 0.767592592593 0.552864583333 0.0685185185185 0.138020833333
1 0.852314814815 0.564583333333 0.0805555555556 0.146875
1 0.0425925925926 0.735677083333 0.087037037037 0.121354166667
1 0.117592592593 0.748958333333 0.0925925925926 0.14375
1 0.188888888889 0.744791666667 0.0907407407407 0.144791666667
1 0.264814814815 0.747916666667 0.087037037037 0.155208333333
1 0.339814814815 0.74609375 0.0925925925926 0.149479166667
1 0.441666666667 0.7484375 0.087037037037 0.15
1 0.517592592593 0.747916666667 0.087037037037 0.145833333333
1 0.587962962963 0.74921875 0.0814814814815 0.1484375
1 0.660648148148 0.746875 0.0842592592593 0.155208333333
1 0.74537037037 0.745052083333 0.0925925925926 0.1515625
1 0.828240740741 0.750260416667 0.0787037037037 0.159895833333
1 0.0453703703704 0.935416666667 0.0925925925926 0.128125
1 0.123611111111 0.9390625 0.0842592592593 0.120833333333
1 0.195833333333 0.941927083333 0.0675925925926 0.115104166667
1 0.259722222222 0.94375 0.0805555555556 0.111458333333
1 0.324537037037 0.939583333333 0.075 0.119791666667
1 0.396759259259 0.936197916667 0.0787037037037 0.1265625
1 0.514814814815 0.91640625 0.0851851851852 0.128645833333
1 0.590740740741 0.934895833333 0.0722222222222 0.129166666667
1 0.686574074074 0.937760416667 0.0953703703704 0.1234375
1 0.759722222222 0.940625 0.0935185185185 0.117708333333
1 0.854166666667 0.928125 0.150925925926 0.142708333333
1 0.949074074074 0.929947916667 0.1 0.1390625
1 0.941666666667 0.75546875 0.114814814815 0.130729166667
