2 0.417592592593 0.0609375 0.337037037037 0.122916666667
2 0.787962962963 0.06484375 0.377777777778 0.130729166667
2 0.754166666667 0.384114583333 0.325 0.161979166667
2 0.462037037037 0.2578125 0.351851851852 0.164583333333
2 0.139814814815 0.257552083333 0.281481481481 0.174479166667
2 0.144444444444 0.411197916667 0.290740740741 0.1453125
2 0.448148148148 0.401822916667 0.305555555556 0.140104166667
2 0.406944444444 0.562239583333 0.265740740741 0.144270833333
2 0.689351851852 0.548177083333 0.275 0.109895833333
2 0.690277777778 0.648958333333 0.247222222222 0.10625
2 0.421296296296 0.676302083333 0.274074074074 0.0703125
2 0.145833333333 0.693229166667 0.280555555556 0.111458333333
2 0.185648148148 0.806770833333 0.289814814815 0.102083333333
2 0.456018518519 0.789583333333 0.315740740741 0.103125
2 0.701388888889 0.811197916667 0.19537037037 0.146354166667
2 0.875925925926 0.788802083333 0.203703703704 0.115104166667
2 0.196759259259 0.900260416667 0.321296296296 0.128645833333
2 0.477777777778 0.871354166667 0.264814814815 0.0989583333333
2 0.822222222222 0.93828125 0.212962962963 0.121354166667
2 0.140277777778 0.578645833333 0.282407407407 0.135416666667
2 0.128703703704 0.0565104166667 0.259259259259 0.1140625
2 0.941666666667 0.371354166667 0.114814814815 0.167708333333
2 0.906481481481 0.536197916667 0.185185185185 0.118229166667
2 0.902777777778 0.639322916667 0.192592592593 0.0973958333333
2 0.177314814815 0.973697916667 0.258333333333 0.0515625
2 0.412037037037 0.9609375 0.237037037037 0.0770833333333
2 0.625925925926 0.9484375 0.203703703704 0.102083333333
2 0.958796296296 0.91875 0.0805555555556 0.1125
