1 0.0398148148148 0.12578125 0.0814814814815 0.119270833333
1 0.113888888889 0.126302083333 0.0851851851852 0.116145833333
1 0.1875 0.12890625 0.0861111111111 0.1078125
1 0.190740740741 0.521614583333 0.0981481481481 0.163020833333
1 0.123148148148 0.52421875 0.0814814814815 0.1515625
1 0.0675925925926 0.521614583333 0.0666666666667 0.146354166667
1 0.519444444444 0.536197916667 0.0777777777778 0.1515625
1 0.590277777778 0.540364583333 0.0861111111111 0.174479166667
1 0.658333333333 0.536458333333 0.0814814814815 0.161458333333
1 0.724074074074 0.530729166667 0.0833333333333 0.158333333333
1 0.868055555556 0.535416666667 0.0712962962963 0.163541666667
1 0.938888888889 0.534635416667 0.101851851852 0.166145833333
1 0.556018518519 0.71640625 0.0898148148148 0.159895833333
1 0.666666666667 0.709375 0.105555555556 0.134375
1 0.785185185185 0.711979166667 0.101851851852 0.125
1 0.22037037037 0.875 0.101851851852 0.14375
1 0.122222222222 0.869270833333 0.101851851852 0.144791666667
1 0.351388888889 0.86640625 0.110185185185 0.131770833333
1 0.433796296296 0.869270833333 0.0916666666667 0.120833333333
1 0.534259259259 0.855208333333 0.111111111111 0.0927083333333
1 0.787962962963 0.906770833333 0.12037037037 0.160416666667
1 0.4 0.1375 0.0759259259259 0.105208333333
1 0.468518518519 0.135677083333 0.0703703703704 0.106770833333
1 0.527314814815 0.13984375 0.0638888888889 0.0963541666667
1 0.585648148148 0.139583333333 0.062037037037 0.09375
1 0.651388888889 0.142708333333 0.0657407407407 0.090625
1 0.709259259259 0.140885416667 0.0666666666667 0.0890625
1 0.781018518519 0.138541666667 0.075 0.0989583333333
1 0.842592592593 0.1328125 0.0907407407407 0.110416666667
1 0.946759259259 0.135677083333 0.10462962963 0.116145833333
1 0.0282407407407 0.51328125 0.0583333333333 0.138020833333
1 0.451388888889 0.530989583333 0.0805555555556 0.1421875
1 0.8 0.535677083333 0.0907407407407 0.158854166667
1 0.0342592592593 0.704947916667 0.0703703703704 0.136979166667
1 0.104166666667 0.695052083333 0.0787037037037 0.138020833333
1 0.174074074074 0.70390625 0.087037037037 0.1390625
1 0.867592592593 0.706770833333 0.0777777777778 0.108333333333
1 0.929166666667 0.701041666667 0.075 0.0895833333333
