1 0.0578703703704 0.158072916667 0.113888888889 0.0640625
1 0.0513888888889 0.108333333333 0.0805555555556 0.0291666666667
1 0.198611111111 0.117708333333 0.0787037037037 0.0364583333333
1 0.271759259259 0.111197916667 0.0935185185185 0.0369791666667
1 0.353240740741 0.11171875 0.0953703703704 0.0359375
1 0.430555555556 0.111979166667 0.0722222222222 0.0385416666667
1 0.49537037037 0.111197916667 0.087037037037 0.0348958333333
1 0.57037037037 0.113541666667 0.0925925925926 0.0395833333333
1 0.838888888889 0.0940104166667 0.0740740740741 0.0328125
1 0.900925925926 0.0895833333333 0.0703703703704 0.0302083333333
1 0.959259259259 0.0875 0.0722222222222 0.03125
1 0.0342592592593 0.285416666667 0.0703703703704 0.135416666667
1 0.0856481481481 0.3078125 0.062037037037 0.08125
1 0.165277777778 0.28671875 0.134259259259 0.1265625
1 0.292592592593 0.283072916667 0.12962962963 0.1265625
1 0.413888888889 0.28671875 0.112962962963 0.121354166667
1 0.497222222222 0.30390625 0.0777777777778 0.0869791666667
1 0.6625 0.282552083333 0.134259259259 0.134895833333
1 0.7875 0.284895833333 0.119444444444 0.127083333333
1 0.870833333333 0.304427083333 0.0638888888889 0.0880208333333
1 0.953703703704 0.285416666667 0.0907407407407 0.13125
1 0.0342592592593 0.430208333333 0.0703703703704 0.103125
1 0.1 0.425520833333 0.0907407407407 0.103125
1 0.174537037037 0.430729166667 0.102777777778 0.113541666667
1 0.252314814815 0.445833333333 0.0787037037037 0.08125
1 0.314814814815 0.431770833333 0.0685185185185 0.111458333333
1 0.387962962963 0.4390625 0.103703703704 0.122916666667
1 0.474537037037 0.431770833333 0.0787037037037 0.111458333333
1 0.535185185185 0.429427083333 0.0685185185185 0.106770833333
1 0.608333333333 0.440104166667 0.12037037037 0.125
1 0.73287037037 0.428385416667 0.100925925926 0.116145833333
1 0.796296296296 0.437760416667 0.0685185185185 0.106770833333
1 0.88287037037 0.434895833333 0.130555555556 0.123958333333
1 0.0240740740741 0.571354166667 0.05 0.103125
1 0.116666666667 0.556770833333 0.103703703704 0.071875
1 0.194907407407 0.5609375 0.0953703703704 0.0802083333333
1 0.299537037037 0.568489583333 0.102777777778 0.0932291666667
1 0.414814814815 0.577604166667 0.124074074074 0.104166666667
1 0.523611111111 0.573697916667 0.0990740740741 0.0963541666667
1 0.635185185185 0.575 0.0907407407407 0.103125
1 0.736574074074 0.579427083333 0.117592592593 0.115104166667
1 0.847222222222 0.58125 0.107407407407 0.113541666667
1 0.049537037037 0.704947916667 0.100925925926 0.0859375
1 0.198148148148 0.70390625 0.0962962962963 0.0901041666667
1 0.288888888889 0.719791666667 0.109259259259 0.114583333333
1 0.377777777778 0.71953125 0.0907407407407 0.1078125
1 0.553703703704 0.71875 0.109259259259 0.113541666667
1 0.64537037037 0.720572916667 0.0907407407407 0.115104166667
1 0.73287037037 0.720052083333 0.10462962963 0.1140625
1 0.828703703704 0.723697916667 0.103703703704 0.118229166667
1 0.0546296296296 0.889583333333 0.111111111111 0.144791666667
1 0.131018518519 0.912760416667 0.0546296296296 0.0776041666667
1 0.204166666667 0.863541666667 0.121296296296 0.111458333333
1 0.313888888889 0.865885416667 0.107407407407 0.131770833333
1 0.397685185185 0.89765625 0.117592592593 0.147395833333
1 0.474537037037 0.935416666667 0.062037037037 0.0791666666667
1 0.541666666667 0.8921875 0.125925925926 0.133333333333
1 0.620833333333 0.9234375 0.062037037037 0.0708333333333
1 0.699537037037 0.903125 0.117592592593 0.132291666667
1 0.778240740741 0.9375 0.0638888888889 0.071875
1 0.849074074074 0.9 0.124074074074 0.133333333333
1 0.958796296296 0.90703125 0.0805555555556 0.1515625
1 0.139814814815 0.16171875 0.0907407407407 0.0578125
1 0.208796296296 0.158333333333 0.087962962963 0.0541666666667
1 0.281481481481 0.156770833333 0.0814814814815 0.0604166666667
1 0.35462962963 0.156770833333 0.087037037037 0.0645833333333
1 0.425925925926 0.159114583333 0.0814814814815 0.0598958333333
1 0.496296296296 0.154947916667 0.0833333333333 0.0609375
1 0.57037037037 0.15546875 0.0796296296296 0.0578125
1 0.860648148148 0.156770833333 0.075 0.0645833333333
1 0.920833333333 0.154427083333 0.0638888888889 0.0651041666667
1 0.972685185185 0.15546875 0.0490740740741 0.0671875
1 0.798148148148 0.156770833333 0.0648148148148 0.0552083333333
1 0.7375 0.156770833333 0.0583333333333 0.053125
1 0.686111111111 0.15546875 0.0685185185185 0.0526041666667
1 0.633333333333 0.158072916667 0.0722222222222 0.0505208333333
