0 0.0476851851852 0.111979166667 0.0731481481481 0.06875
0 0.0527777777778 0.176041666667 0.0703703703704 0.0677083333333
0 0.125925925926 0.102083333333 0.0685185185185 0.071875
0 0.1875 0.09921875 0.0805555555556 0.0734375
0 0.123148148148 0.1765625 0.0703703703704 0.0729166666667
0 0.185185185185 0.17734375 0.0722222222222 0.0765625
0 0.638425925926 0.0625 0.0972222222222 0.113541666667
0 0.620833333333 0.170833333333 0.102777777778 0.110416666667
0 0.707407407407 0.16875 0.107407407407 0.1125
0 0.740740740741 0.0611979166667 0.105555555556 0.1234375
0 0.835648148148 0.059375 0.100925925926 0.119791666667
0 0.808796296296 0.166145833333 0.0972222222222 0.1125
0 0.903703703704 0.165625 0.12962962963 0.122916666667
0 0.924074074074 0.0546875 0.125925925926 0.102083333333
0 0.193981481481 0.350520833333 0.0768518518519 0.0708333333333
0 0.252314814815 0.345052083333 0.0824074074074 0.0692708333333
0 0.339814814815 0.296614583333 0.0759259259259 0.0859375
0 0.403703703704 0.3046875 0.0685185185185 0.0833333333333
0 0.469444444444 0.309895833333 0.0888888888889 0.0916666666667
0 0.526851851852 0.317447916667 0.0888888888889 0.0973958333333
0 0.597222222222 0.319791666667 0.0925925925926 0.102083333333
0 0.680555555556 0.325520833333 0.103703703704 0.111458333333
0 0.752314814815 0.33125 0.0953703703704 0.109375
0 0.843981481481 0.336979166667 0.121296296296 0.115625
0 0.316203703704 0.3734375 0.075 0.078125
0 0.377777777778 0.383072916667 0.0703703703704 0.0765625
0 0.416666666667 0.383854166667 0.0907407407407 0.084375
0 0.464351851852 0.393229166667 0.075 0.0802083333333
0 0.523611111111 0.401302083333 0.0787037037037 0.0869791666667
0 0.593981481481 0.408854166667 0.0916666666667 0.090625
0 0.666666666667 0.421614583333 0.0888888888889 0.0953125
0 0.828703703704 0.446354166667 0.111111111111 0.101041666667
0 0.197685185185 0.45625 0.0638888888889 0.0697916666667
0 0.241203703704 0.461979166667 0.0601851851852 0.071875
0 0.270833333333 0.470572916667 0.0583333333333 0.0682291666667
0 0.312962962963 0.476822916667 0.0648148148148 0.0765625
0 0.370833333333 0.487239583333 0.0805555555556 0.0765625
0 0.193518518519 0.515364583333 0.0481481481481 0.0651041666667
0 0.224537037037 0.524479166667 0.0638888888889 0.0645833333333
0 0.268055555556 0.535677083333 0.0638888888889 0.0661458333333
0 0.352314814815 0.559114583333 0.0601851851852 0.0671875
0 0.385185185185 0.566145833333 0.0685185185185 0.0697916666667
0 0.416203703704 0.506510416667 0.0768518518519 0.0869791666667
0 0.478703703704 0.517447916667 0.0833333333333 0.0880208333333
0 0.542592592593 0.532552083333 0.103703703704 0.0901041666667
0 0.425 0.586458333333 0.0666666666667 0.06875
0 0.475462962963 0.594010416667 0.0805555555556 0.0744791666667
0 0.544444444444 0.608333333333 0.0907407407407 0.084375
0 0.617592592593 0.5453125 0.0814814814815 0.0927083333333
0 0.617592592593 0.627083333333 0.0814814814815 0.0822916666667
0 0.693518518519 0.560416666667 0.0925925925926 0.0927083333333
0 0.779166666667 0.58046875 0.102777777778 0.0963541666667
0 0.691666666667 0.644270833333 0.0814814814815 0.0895833333333
0 0.7625 0.660416666667 0.0824074074074 0.0802083333333
0 0.0796296296296 0.572395833333 0.0740740740741 0.06875
0 0.428240740741 0.702864583333 0.0805555555556 0.0880208333333
0 0.49212962963 0.715885416667 0.0842592592593 0.0869791666667
0 0.572222222222 0.741145833333 0.112962962963 0.102083333333
0 0.640277777778 0.771614583333 0.0842592592593 0.100520833333
0 0.718518518519 0.796875 0.101851851852 0.101041666667
0 0.396296296296 0.810416666667 0.0666666666667 0.08125
0 0.455092592593 0.829947916667 0.0731481481481 0.0994791666667
0 0.501388888889 0.854427083333 0.0916666666667 0.0880208333333
0 0.55462962963 0.884375 0.0740740740741 0.0927083333333
0 0.618518518519 0.905208333333 0.0944444444444 0.090625
0 0.683333333333 0.939322916667 0.109259259259 0.1078125
0 0.292592592593 0.8890625 0.0685185185185 0.090625
0 0.34537037037 0.918489583333 0.0703703703704 0.0942708333333
1 0.397222222222 0.94453125 0.0722222222222 0.108854166667
1 0.244444444444 0.746354166667 0.0740740740741 0.084375
0 0.306018518519 0.769270833333 0.0953703703704 0.078125
0 0.567592592593 0.0747395833333 0.0814814814815 0.100520833333
0 0.552314814815 0.172135416667 0.0768518518519 0.102604166667
