2 0.304166666667 0.156770833333 0.186111111111 0.122916666667
2 0.518981481481 0.14609375 0.269444444444 0.1203125
2 0.219444444444 0.369791666667 0.283333333333 0.151041666667
2 0.499074074074 0.35625 0.253703703704 0.153125
2 0.739814814815 0.358333333333 0.259259259259 0.142708333333
2 0.107407407407 0.61484375 0.216666666667 0.111979166667
2 0.326388888889 0.615104166667 0.250925925926 0.1125
2 0.74212962963 0.785677083333 0.200925925926 0.108854166667
2 0.533796296296 0.817447916667 0.210185185185 0.0817708333333
2 0.55462962963 0.740625 0.225925925926 0.096875
2 0.340277777778 0.827864583333 0.232407407407 0.0817708333333
2 0.356018518519 0.740104166667 0.293518518519 0.101041666667
2 0.125462962963 0.819791666667 0.228703703704 0.090625
2 0.103240740741 0.73515625 0.208333333333 0.0723958333333
2 0.0601851851852 0.38515625 0.122222222222 0.1078125
2 0.0652777777778 0.165104166667 0.132407407407 0.101041666667
2 0.788425925926 0.14375 0.282407407407 0.115625
2 0.95 0.14921875 0.0981481481481 0.109895833333
2 0.525925925926 0.0458333333333 0.275925925926 0.0895833333333
2 0.811111111111 0.0458333333333 0.311111111111 0.0895833333333
2 0.9375 0.357291666667 0.123148148148 0.135416666667
2 0.769907407407 0.566927083333 0.215740740741 0.1171875
2 0.936111111111 0.607291666667 0.125925925926 0.084375
2 0.917592592593 0.736979166667 0.162962962963 0.0895833333333
2 0.916666666667 0.814583333333 0.164814814815 0.0708333333333
2 0.536574074074 0.55703125 0.206481481481 0.0744791666667
