4 0.0837962962963 0.16640625 0.117592592593 0.0932291666667
4 0.1875 0.167447916667 0.075 0.0911458333333
4 0.284722222222 0.165104166667 0.134259259259 0.0958333333333
4 0.410648148148 0.168229166667 0.149074074074 0.0947916666667
4 0.583333333333 0.164583333333 0.12962962963 0.104166666667
4 0.711574074074 0.176041666667 0.132407407407 0.0833333333333
4 0.837962962963 0.166927083333 0.140740740741 0.108854166667
4 0.950462962963 0.170052083333 0.0972222222222 0.102604166667
4 0.0680555555556 0.302604166667 0.102777777778 0.122916666667
4 0.193981481481 0.307291666667 0.121296296296 0.10625
4 0.291203703704 0.3234375 0.087962962963 0.0770833333333
4 0.429166666667 0.321354166667 0.137962962963 0.08125
4 0.547222222222 0.329947916667 0.109259259259 0.0682291666667
4 0.647685185185 0.3265625 0.0990740740741 0.0802083333333
4 0.75787037037 0.333072916667 0.110185185185 0.0786458333333
4 0.888888888889 0.331770833333 0.183333333333 0.0864583333333
4 0.110185185185 0.477604166667 0.153703703704 0.0729166666667
4 0.321759259259 0.459375 0.225 0.1125
4 0.511574074074 0.460416666667 0.134259259259 0.1125
4 0.655092592593 0.465104166667 0.147222222222 0.117708333333
4 0.767592592593 0.4609375 0.0962962962963 0.113541666667
4 0.868055555556 0.46640625 0.102777777778 0.100520833333
4 0.953703703704 0.46875 0.0907407407407 0.116666666667
4 0.103703703704 0.616927083333 0.157407407407 0.0515625
4 0.494444444444 0.599479166667 0.172222222222 0.121875
4 0.659259259259 0.59921875 0.168518518519 0.0994791666667
4 0.777777777778 0.594791666667 0.1 0.0979166666667
4 0.858333333333 0.59140625 0.087037037037 0.0932291666667
4 0.95 0.597916666667 0.0981481481481 0.0947916666667
4 0.0550925925926 0.732552083333 0.112037037037 0.116145833333
4 0.159259259259 0.73671875 0.101851851852 0.121354166667
4 0.263425925926 0.7359375 0.147222222222 0.11875
4 0.418981481481 0.740104166667 0.175 0.110416666667
4 0.530555555556 0.743489583333 0.109259259259 0.1078125
4 0.629166666667 0.743229166667 0.106481481481 0.104166666667
4 0.737037037037 0.745572916667 0.127777777778 0.108854166667
4 0.899537037037 0.747135416667 0.199074074074 0.115104166667
4 0.087037037037 0.9390625 0.0981481481481 0.071875
4 0.18287037037 0.9078125 0.075 0.0864583333333
4 0.318055555556 0.848958333333 0.212037037037 0.0635416666667
4 0.32037037037 0.925260416667 0.203703703704 0.0869791666667
4 0.561111111111 0.874479166667 0.255555555556 0.103125
4 0.561111111111 0.9484375 0.216666666667 0.0479166666667
4 0.781018518519 0.92265625 0.225 0.108854166667
4 0.9375 0.917708333333 0.123148148148 0.129166666667
