1 0.0453703703704 0.133854166667 0.0925925925926 0.103125
1 0.128240740741 0.134895833333 0.0805555555556 0.09375
1 0.204166666667 0.135677083333 0.0935185185185 0.0973958333333
1 0.289351851852 0.137239583333 0.0861111111111 0.0963541666667
1 0.511574074074 0.148958333333 0.0824074074074 0.0802083333333
1 0.602314814815 0.144270833333 0.0824074074074 0.0875
1 0.6875 0.14140625 0.0935185185185 0.0932291666667
1 0.765740740741 0.141927083333 0.0925925925926 0.0942708333333
1 0.925 0.148958333333 0.0740740740741 0.0802083333333
1 0.975462962963 0.151302083333 0.0472222222222 0.0848958333333
1 0.0453703703704 0.337760416667 0.0925925925926 0.1796875
1 0.120833333333 0.33828125 0.102777777778 0.178645833333
1 0.200925925926 0.336979166667 0.1 0.178125
1 0.0291666666667 0.546354166667 0.0601851851852 0.155208333333
1 0.0898148148148 0.546614583333 0.0833333333333 0.1578125
1 0.213425925926 0.537239583333 0.0787037037037 0.152604166667
1 0.309259259259 0.534375 0.0796296296296 0.148958333333
1 0.374074074074 0.5328125 0.0574074074074 0.145833333333
1 0.435648148148 0.55625 0.0824074074074 0.161458333333
1 0.496296296296 0.555208333333 0.0685185185185 0.165625
1 0.564814814815 0.551041666667 0.0703703703704 0.153125
1 0.647222222222 0.55234375 0.0740740740741 0.150520833333
1 0.74212962963 0.5546875 0.0657407407407 0.145833333333
1 0.821759259259 0.55703125 0.0842592592593 0.133854166667
1 0.912037037037 0.542447916667 0.0685185185185 0.128645833333
1 0.966666666667 0.535416666667 0.0537037037037 0.123958333333
1 0.14537037037 0.733333333333 0.0907407407407 0.123958333333
1 0.249537037037 0.72890625 0.0805555555556 0.138020833333
1 0.321296296296 0.7265625 0.0722222222222 0.123958333333
1 0.394444444444 0.722395833333 0.087037037037 0.115625
1 0.473611111111 0.722395833333 0.0935185185185 0.113541666667
1 0.549074074074 0.7109375 0.0703703703704 0.0927083333333
1 0.623148148148 0.721354166667 0.0740740740741 0.117708333333
1 0.685185185185 0.723177083333 0.0685185185185 0.128645833333
1 0.732407407407 0.717708333333 0.0518518518519 0.113541666667
1 0.789814814815 0.716666666667 0.0703703703704 0.120833333333
1 0.864351851852 0.728125 0.0768518518519 0.141666666667
1 0.94212962963 0.738020833333 0.0861111111111 0.144791666667
1 0.419444444444 0.89765625 0.0944444444444 0.119270833333
1 0.498148148148 0.884375 0.0925925925926 0.090625
1 0.669907407407 0.894270833333 0.112037037037 0.119791666667
1 0.963888888889 0.86875 0.0703703703704 0.0729166666667
1 0.886574074074 0.8625 0.0990740740741 0.0645833333333
