5 0.0231481481481 0.156770833333 0.0481481481481 0.138541666667
5 0.114351851852 0.15859375 0.0731481481481 0.1140625
5 0.183333333333 0.152604166667 0.0796296296296 0.132291666667
5 0.253240740741 0.148958333333 0.0953703703704 0.139583333333
5 0.347222222222 0.14609375 0.0907407407407 0.141145833333
5 0.443518518519 0.149739583333 0.0925925925926 0.133854166667
5 0.529166666667 0.157552083333 0.0935185185185 0.116145833333
5 0.610648148148 0.155989583333 0.0842592592593 0.108854166667
5 0.709259259259 0.155989583333 0.0777777777778 0.108854166667
5 0.807407407407 0.155208333333 0.0703703703704 0.104166666667
5 0.868055555556 0.151302083333 0.0861111111111 0.106770833333
5 0.948611111111 0.147916666667 0.0768518518519 0.115625
5 0.0222222222222 0.36015625 0.0462962962963 0.150520833333
5 0.0777777777778 0.35859375 0.0962962962963 0.1515625
5 0.136574074074 0.356770833333 0.0712962962963 0.155208333333
5 0.1875 0.355989583333 0.075 0.158854166667
5 0.254166666667 0.35234375 0.0898148148148 0.158854166667
5 0.319444444444 0.352083333333 0.0648148148148 0.153125
5 0.38287037037 0.348958333333 0.0898148148148 0.154166666667
5 0.474074074074 0.349739583333 0.0851851851852 0.1578125
5 0.545833333333 0.348958333333 0.0898148148148 0.154166666667
5 0.654166666667 0.344791666667 0.0694444444444 0.145833333333
5 0.725925925926 0.343229166667 0.0814814814815 0.146875
5 0.788425925926 0.33828125 0.062037037037 0.134895833333
5 0.847685185185 0.3390625 0.0712962962963 0.138541666667
5 0.914351851852 0.338802083333 0.0861111111111 0.1484375
5 0.974537037037 0.34609375 0.0490740740741 0.1265625
5 0.0402777777778 0.550260416667 0.0824074074074 0.144270833333
5 0.116203703704 0.547916666667 0.0898148148148 0.144791666667
5 0.181944444444 0.548958333333 0.0898148148148 0.146875
5 0.244907407407 0.552604166667 0.087962962963 0.148958333333
5 0.337962962963 0.543489583333 0.0962962962963 0.141145833333
5 0.388888888889 0.534895833333 0.0666666666667 0.130208333333
5 0.447685185185 0.53359375 0.0787037037037 0.1421875
5 0.525462962963 0.540364583333 0.0898148148148 0.143229166667
5 0.590740740741 0.5359375 0.0851851851852 0.142708333333
5 0.643518518519 0.53046875 0.0648148148148 0.141145833333
5 0.681481481481 0.519791666667 0.0481481481481 0.13125
5 0.727777777778 0.515104166667 0.0518518518519 0.123958333333
5 0.783333333333 0.52109375 0.0777777777778 0.1359375
5 0.845833333333 0.520833333333 0.0583333333333 0.139583333333
5 0.896296296296 0.52890625 0.0703703703704 0.1421875
5 0.943055555556 0.528125 0.0583333333333 0.114583333333
5 0.974537037037 0.521614583333 0.0490740740741 0.1140625
5 0.0773148148148 0.76640625 0.156481481481 0.178645833333
5 0.263888888889 0.751302083333 0.185185185185 0.1921875
5 0.400925925926 0.732291666667 0.168518518519 0.16875
5 0.529166666667 0.740104166667 0.102777777778 0.188541666667
5 0.62037037037 0.73359375 0.0944444444444 0.180729166667
5 0.732407407407 0.734635416667 0.101851851852 0.1921875
5 0.855555555556 0.697916666667 0.144444444444 0.125
5 0.956944444444 0.69609375 0.0842592592593 0.119270833333
