4 0.938888888889 0.0466145833333 0.12037037037 0.0942708333333
4 0.226851851852 0.0591145833333 0.216666666667 0.119270833333
4 0.433796296296 0.0544270833333 0.20462962963 0.109895833333
4 0.624537037037 0.0520833333333 0.19537037037 0.105208333333
4 0.307407407407 0.270572916667 0.27962962963 0.113020833333
4 0.535648148148 0.260416666667 0.225 0.105208333333
4 0.731481481481 0.232291666667 0.198148148148 0.148958333333
4 0.903703703704 0.202083333333 0.187037037037 0.110416666667
4 0.905092592593 0.277083333333 0.187962962963 0.0552083333333
4 0.294444444444 0.440625 0.183333333333 0.144791666667
4 0.419444444444 0.43671875 0.114814814815 0.1453125
4 0.561111111111 0.42890625 0.177777777778 0.153645833333
4 0.7 0.435416666667 0.133333333333 0.13125
4 0.827777777778 0.41875 0.2 0.155208333333
4 0.950462962963 0.415885416667 0.0972222222222 0.136979166667
4 0.342592592593 0.614583333333 0.159259259259 0.128125
4 0.467592592593 0.599479166667 0.111111111111 0.1125
4 0.590740740741 0.602083333333 0.157407407407 0.121875
4 0.709259259259 0.590625 0.124074074074 0.10625
4 0.842592592593 0.597916666667 0.153703703704 0.104166666667
4 0.956944444444 0.592447916667 0.0842592592593 0.102604166667
4 0.461111111111 0.77890625 0.22962962963 0.134895833333
4 0.591666666667 0.77421875 0.125925925926 0.108854166667
4 0.718981481481 0.764583333333 0.193518518519 0.120833333333
4 0.912037037037 0.760416666667 0.174074074074 0.13125
4 0.244444444444 0.959375 0.218518518519 0.08125
4 0.0837962962963 0.962239583333 0.163888888889 0.0755208333333
4 0.444444444444 0.9515625 0.144444444444 0.096875
4 0.564351851852 0.94921875 0.121296296296 0.1015625
4 0.741666666667 0.95390625 0.138888888889 0.0921875
4 0.866666666667 0.9515625 0.12962962963 0.096875
1 0.0560185185185 0.2734375 0.113888888889 0.105208333333
1 0.112037037037 0.4453125 0.127777777778 0.144791666667
1 0.151851851852 0.622916666667 0.125925925926 0.125
