1 0.0467592592593 0.222395833333 0.0953703703704 0.111458333333
1 0.24212962963 0.2375 0.0916666666667 0.0885416666667
1 0.30787037037 0.23984375 0.0953703703704 0.0859375
1 0.390277777778 0.23984375 0.0861111111111 0.0859375
1 0.464351851852 0.241666666667 0.0953703703704 0.0802083333333
1 0.543518518519 0.24375 0.0851851851852 0.084375
1 0.587037037037 0.163020833333 0.0962962962963 0.0822916666667
1 0.66712962963 0.164583333333 0.0972222222222 0.0833333333333
1 0.784259259259 0.169791666667 0.118518518519 0.0822916666667
1 0.873611111111 0.169791666667 0.102777777778 0.084375
1 0.95 0.172916666667 0.0981481481481 0.0927083333333
1 0.610648148148 0.2484375 0.0824074074074 0.084375
1 0.685185185185 0.246354166667 0.0888888888889 0.0916666666667
1 0.769907407407 0.251041666667 0.0972222222222 0.0822916666667
1 0.858333333333 0.25 0.0888888888889 0.08125
1 0.9375 0.2546875 0.102777777778 0.0791666666667
1 0.0597222222222 0.394791666667 0.0972222222222 0.141666666667
1 0.149537037037 0.397135416667 0.0916666666667 0.146354166667
1 0.296759259259 0.368229166667 0.0805555555556 0.071875
1 0.300925925926 0.439583333333 0.0722222222222 0.0708333333333
1 0.514351851852 0.4421875 0.0601851851852 0.0791666666667
1 0.663888888889 0.412760416667 0.103703703704 0.140104166667
1 0.737962962963 0.415104166667 0.1 0.152083333333
1 0.816203703704 0.4203125 0.102777777778 0.147916666667
1 0.888425925926 0.41796875 0.0953703703704 0.1390625
1 0.962962962963 0.423958333333 0.0722222222222 0.153125
1 0.0291666666667 0.604427083333 0.0601851851852 0.141145833333
1 0.0847222222222 0.604947916667 0.0768518518519 0.1421875
1 0.14537037037 0.604947916667 0.0907407407407 0.1421875
1 0.228703703704 0.57421875 0.0814814814815 0.1390625
1 0.311111111111 0.575520833333 0.0851851851852 0.134375
1 0.413888888889 0.579427083333 0.0925925925926 0.1359375
1 0.488888888889 0.586979166667 0.0944444444444 0.141666666667
1 0.574537037037 0.579947916667 0.0935185185185 0.125520833333
1 0.655555555556 0.588802083333 0.0907407407407 0.130729166667
1 0.721759259259 0.587760416667 0.0953703703704 0.128645833333
1 0.790277777778 0.588802083333 0.0972222222222 0.128645833333
1 0.872685185185 0.594010416667 0.110185185185 0.1296875
1 0.0555555555556 0.785677083333 0.0888888888889 0.138020833333
1 0.126851851852 0.789583333333 0.0907407407407 0.127083333333
1 0.196759259259 0.7546875 0.0990740740741 0.145833333333
1 0.358333333333 0.754166666667 0.0888888888889 0.121875
1 0.428240740741 0.75703125 0.0972222222222 0.1203125
1 0.499074074074 0.76640625 0.0907407407407 0.127604166667
1 0.572222222222 0.767708333333 0.0851851851852 0.132291666667
1 0.647222222222 0.78359375 0.0907407407407 0.116145833333
1 0.718518518519 0.761979166667 0.0962962962963 0.125
1 0.775925925926 0.77890625 0.0888888888889 0.127604166667
1 0.920833333333 0.783072916667 0.0990740740741 0.1265625
1 0.973148148148 0.791927083333 0.0518518518519 0.127604166667
1 0.0240740740741 0.94765625 0.05 0.103645833333
1 0.0814814814815 0.946614583333 0.0703703703704 0.105729166667
1 0.136111111111 0.948177083333 0.0759259259259 0.102604166667
1 0.25 0.930989583333 0.107407407407 0.136979166667
1 0.336574074074 0.93203125 0.102777777778 0.134895833333
1 0.423148148148 0.93671875 0.114814814815 0.125520833333
1 0.529166666667 0.935416666667 0.0972222222222 0.128125
1 0.615277777778 0.937239583333 0.117592592593 0.124479166667
1 0.703240740741 0.938020833333 0.0990740740741 0.122916666667
