1 0.0550925925926 0.0473958333333 0.0953703703704 0.0958333333333
1 0.131018518519 0.0489583333333 0.0787037037037 0.0989583333333
1 0.208333333333 0.0455729166667 0.0851851851852 0.0921875
1 0.276851851852 0.0421875 0.0740740740741 0.0854166666667
1 0.357407407407 0.0442708333333 0.0981481481481 0.0875
1 0.45 0.04375 0.0944444444444 0.0885416666667
1 0.539351851852 0.0408854166667 0.10462962963 0.0828125
1 0.634259259259 0.0375 0.0925925925926 0.0760416666667
1 0.720833333333 0.0356770833333 0.0972222222222 0.0723958333333
1 0.818055555556 0.0356770833333 0.115740740741 0.0723958333333
1 0.930555555556 0.0328125 0.125925925926 0.0666666666667
1 0.0342592592593 0.217447916667 0.0703703703704 0.149479166667
1 0.0953703703704 0.216666666667 0.0925925925926 0.159375
1 0.165277777778 0.212760416667 0.0972222222222 0.158854166667
1 0.239814814815 0.213802083333 0.103703703704 0.158854166667
1 0.323148148148 0.22578125 0.0925925925926 0.141145833333
1 0.397222222222 0.231510416667 0.0888888888889 0.136979166667
1 0.475925925926 0.228125 0.0962962962963 0.134375
1 0.552777777778 0.227083333333 0.0944444444444 0.141666666667
1 0.640277777778 0.218229166667 0.0972222222222 0.165625
1 0.718518518519 0.219010416667 0.0925925925926 0.169270833333
1 0.801851851852 0.21796875 0.111111111111 0.169270833333
1 0.894444444444 0.215625 0.103703703704 0.173958333333
1 0.962037037037 0.221614583333 0.0740740740741 0.1796875
1 0.0351851851852 0.390885416667 0.0722222222222 0.1328125
1 0.0939814814815 0.390885416667 0.0787037037037 0.130729166667
1 0.14537037037 0.394270833333 0.0777777777778 0.140625
1 0.200925925926 0.397395833333 0.0740740740741 0.14375
1 0.265740740741 0.401822916667 0.0888888888889 0.1484375
1 0.334722222222 0.419791666667 0.0824074074074 0.119791666667
1 0.401851851852 0.42578125 0.0796296296296 0.119270833333
1 0.48287037037 0.426822916667 0.0824074074074 0.1234375
1 0.553703703704 0.425 0.0759259259259 0.130208333333
1 0.618981481481 0.423177083333 0.0990740740741 0.1421875
1 0.705555555556 0.423958333333 0.0907407407407 0.153125
1 0.781481481481 0.430729166667 0.107407407407 0.153125
1 0.864351851852 0.434375 0.117592592593 0.155208333333
1 0.947685185185 0.43203125 0.102777777778 0.171354166667
1 0.0333333333333 0.547135416667 0.0685185185185 0.119270833333
1 0.0990740740741 0.555729166667 0.0814814814815 0.130208333333
1 0.162962962963 0.56328125 0.0685185185185 0.1265625
1 0.224537037037 0.564583333333 0.0768518518519 0.123958333333
1 0.292592592593 0.56953125 0.0925925925926 0.127604166667
1 0.35 0.586979166667 0.0722222222222 0.113541666667
1 0.412037037037 0.5921875 0.0925925925926 0.114583333333
1 0.478703703704 0.596614583333 0.0833333333333 0.1171875
1 0.547685185185 0.603125 0.0842592592593 0.120833333333
1 0.625 0.598177083333 0.0907407407407 0.138020833333
1 0.698611111111 0.607291666667 0.0990740740741 0.146875
1 0.851388888889 0.619270833333 0.0990740740741 0.145833333333
1 0.930555555556 0.628645833333 0.109259259259 0.145833333333
1 0.0652777777778 0.696354166667 0.0861111111111 0.116666666667
1 0.150462962963 0.706770833333 0.10462962963 0.110416666667
1 0.234722222222 0.717708333333 0.117592592593 0.115625
1 0.311111111111 0.725520833333 0.0888888888889 0.1125
1 0.369907407407 0.7375 0.0953703703704 0.111458333333
1 0.427314814815 0.746875 0.0787037037037 0.113541666667
1 0.493518518519 0.751302083333 0.0907407407407 0.108854166667
1 0.568518518519 0.755208333333 0.0888888888889 0.123958333333
1 0.637037037037 0.765885416667 0.0833333333333 0.1265625
1 0.701851851852 0.776822916667 0.0925925925926 0.1296875
1 0.774074074074 0.786458333333 0.101851851852 0.133333333333
1 0.852314814815 0.791927083333 0.113888888889 0.127604166667
1 0.959259259259 0.8046875 0.0796296296296 0.127083333333
1 0.0425925925926 0.844010416667 0.087037037037 0.141145833333
1 0.128703703704 0.85546875 0.111111111111 0.150520833333
1 0.215740740741 0.871614583333 0.107407407407 0.146354166667
1 0.301851851852 0.886197916667 0.127777777778 0.1515625
1 0.398611111111 0.900520833333 0.112037037037 0.155208333333
1 0.498148148148 0.91875 0.112962962963 0.161458333333
1 0.6 0.92578125 0.12037037037 0.147395833333
1 0.72037037037 0.934895833333 0.142592592593 0.129166666667
1 0.843981481481 0.944791666667 0.121296296296 0.109375
1 0.947685185185 0.953125 0.102777777778 0.0927083333333
