2 0.460648148148 0.122916666667 0.275 0.119791666667
2 0.227314814815 0.222395833333 0.236111111111 0.113541666667
2 0.452777777778 0.227083333333 0.259259259259 0.103125
2 0.858796296296 0.2109375 0.271296296296 0.141666666667
2 0.43287037037 0.347395833333 0.249074074074 0.075
2 0.214814814815 0.41171875 0.231481481481 0.102604166667
2 0.431018518519 0.41484375 0.234259259259 0.108854166667
2 0.85462962963 0.422135416667 0.233333333333 0.1046875
2 0.824074074074 0.5390625 0.235185185185 0.09375
2 0.815740740741 0.624739583333 0.248148148148 0.0880208333333
2 0.625462962963 0.61953125 0.191666666667 0.0994791666667
2 0.427314814815 0.538020833333 0.237962962963 0.0958333333333
2 0.434259259259 0.625520833333 0.222222222222 0.104166666667
2 0.233796296296 0.621354166667 0.20462962963 0.10625
2 0.284722222222 0.741666666667 0.206481481481 0.090625
2 0.456018518519 0.805989583333 0.215740740741 0.0973958333333
2 0.266203703704 0.8171875 0.176851851852 0.0854166666667
2 0.819907407407 0.73671875 0.247222222222 0.0630208333333
2 0.863425925926 0.813020833333 0.223148148148 0.090625
2 0.6625 0.798177083333 0.173148148148 0.0921875
2 0.0680555555556 0.122135416667 0.137962962963 0.0963541666667
2 0.0537037037037 0.220052083333 0.109259259259 0.0994791666667
2 0.0569444444444 0.415364583333 0.115740740741 0.1078125
2 0.0814814814815 0.54296875 0.164814814815 0.0880208333333
2 0.0662037037037 0.627604166667 0.134259259259 0.0833333333333
2 0.637037037037 0.531510416667 0.161111111111 0.0671875
2 0.087962962963 0.744010416667 0.177777777778 0.0869791666667
2 0.0930555555556 0.82265625 0.187962962963 0.0776041666667
