0 0.0833333333333 0.119010416667 0.127777777778 0.1796875
0 0.198148148148 0.122916666667 0.125925925926 0.185416666667
0 0.288425925926 0.131510416667 0.100925925926 0.186979166667
0 0.487037037037 0.132291666667 0.124074074074 0.196875
0 0.618981481481 0.134114583333 0.139814814815 0.191145833333
0 0.727777777778 0.137239583333 0.131481481481 0.191145833333
0 0.850925925926 0.139583333333 0.124074074074 0.195833333333
0 0.938425925926 0.15234375 0.121296296296 0.193229166667
0 0.0476851851852 0.33515625 0.0972222222222 0.147395833333
0 0.126851851852 0.338802083333 0.114814814815 0.156770833333
0 0.222685185185 0.343229166667 0.121296296296 0.154166666667
0 0.305555555556 0.348697916667 0.0907407407407 0.169270833333
0 0.601851851852 0.36875 0.124074074074 0.15625
0 0.809259259259 0.363020833333 0.0888888888889 0.154166666667
0 0.931018518519 0.586458333333 0.0990740740741 0.135416666667
0 0.803703703704 0.577083333333 0.131481481481 0.135416666667
0 0.662037037037 0.575 0.111111111111 0.133333333333
0 0.234722222222 0.53359375 0.0842592592593 0.1296875
0 0.0990740740741 0.526822916667 0.105555555556 0.1203125
0 0.0310185185185 0.522395833333 0.0638888888889 0.127083333333
0 0.455092592593 0.713541666667 0.0935185185185 0.0708333333333
0 0.547685185185 0.721354166667 0.110185185185 0.0697916666667
0 0.624074074074 0.72578125 0.109259259259 0.0651041666667
0 0.714351851852 0.734114583333 0.0972222222222 0.0671875
0 0.8 0.742708333333 0.0907407407407 0.0729166666667
0 0.893518518519 0.752604166667 0.105555555556 0.0697916666667
0 0.598148148148 0.932552083333 0.0907407407407 0.0546875
0 0.675925925926 0.941145833333 0.087037037037 0.0604166666667
0 0.748148148148 0.94453125 0.0944444444444 0.0536458333333
0 0.830555555556 0.952604166667 0.0907407407407 0.0583333333333
0 0.902777777778 0.95859375 0.087037037037 0.0536458333333
0 0.964351851852 0.965104166667 0.0694444444444 0.0635416666667
0 0.969444444444 0.391927083333 0.0592592592593 0.149479166667
0 0.897685185185 0.36640625 0.0972222222222 0.1546875
