3 0.0888888888889 0.903125 0.0814814814815 0.136458333333
3 0.162037037037 0.902604166667 0.0666666666667 0.1375
4 0.238425925926 0.900520833333 0.075 0.130208333333
4 0.3875 0.115625 0.149074074074 0.135416666667
4 0.0583333333333 0.123958333333 0.0925925925926 0.06875
4 0.14212962963 0.128385416667 0.106481481481 0.0578125
4 0.22962962963 0.129947916667 0.1 0.0567708333333
4 0.540740740741 0.1390625 0.151851851852 0.0958333333333
4 0.69537037037 0.13359375 0.142592592593 0.0994791666667
4 0.831944444444 0.142447916667 0.152777777778 0.0932291666667
4 0.942592592593 0.139583333333 0.112962962963 0.104166666667
4 0.259259259259 0.283072916667 0.125925925926 0.100520833333
4 0.391666666667 0.28828125 0.153703703704 0.0942708333333
4 0.544907407407 0.290625 0.147222222222 0.0895833333333
4 0.828703703704 0.290104166667 0.146296296296 0.0979166666667
4 0.943981481481 0.296875 0.110185185185 0.0989583333333
4 0.346296296296 0.43515625 0.125925925926 0.100520833333
4 0.468981481481 0.447135416667 0.143518518519 0.1078125
4 0.613888888889 0.4484375 0.12037037037 0.114583333333
4 0.725 0.454427083333 0.122222222222 0.1078125
4 0.849074074074 0.457552083333 0.140740740741 0.108854166667
4 0.958796296296 0.4609375 0.0805555555556 0.109375
4 0.569444444444 0.616927083333 0.187037037037 0.0776041666667
4 0.590740740741 0.554427083333 0.17037037037 0.0359375
4 0.099537037037 0.599739583333 0.149074074074 0.0911458333333
4 0.23287037037 0.602083333333 0.19537037037 0.08125
4 0.393981481481 0.605208333333 0.162037037037 0.0729166666667
4 0.0782407407407 0.742447916667 0.158333333333 0.109895833333
4 0.2375 0.737239583333 0.178703703704 0.106770833333
4 0.56712962963 0.90390625 0.175 0.118229166667
1 0.814814814815 0.89140625 0.262962962963 0.109895833333
1 0.0564814814815 0.267447916667 0.0833333333333 0.109895833333
1 0.134722222222 0.271875 0.0787037037037 0.10625
1 0.0625 0.445572916667 0.075 0.106770833333
1 0.139814814815 0.447395833333 0.0777777777778 0.105208333333
1 0.228703703704 0.441927083333 0.0648148148148 0.1015625
4 0.666666666667 0.303645833333 0.124074074074 0.0614583333333
