1 0.0189814814815 0.102604166667 0.0398148148148 0.114583333333
1 0.0643518518519 0.104427083333 0.0805555555556 0.116145833333
1 0.131018518519 0.101302083333 0.0916666666667 0.119270833333
1 0.2 0.113020833333 0.0722222222222 0.09375
1 0.2625 0.114583333333 0.075 0.0927083333333
1 0.321296296296 0.113020833333 0.0814814814815 0.0916666666667
1 0.387037037037 0.113020833333 0.0722222222222 0.0895833333333
1 0.450925925926 0.11171875 0.0759259259259 0.0869791666667
1 0.522222222222 0.10625 0.087037037037 0.0916666666667
1 0.593055555556 0.104947916667 0.0805555555556 0.0942708333333
1 0.663888888889 0.102604166667 0.0740740740741 0.09375
1 0.73287037037 0.100260416667 0.0675925925926 0.0942708333333
1 0.797685185185 0.101302083333 0.0824074074074 0.0963541666667
1 0.875925925926 0.0963541666667 0.0740740740741 0.0927083333333
1 0.0486111111111 0.257552083333 0.0990740740741 0.1265625
1 0.128703703704 0.258854166667 0.127777777778 0.126041666667
1 0.227314814815 0.255989583333 0.115740740741 0.125520833333
1 0.326388888889 0.254166666667 0.102777777778 0.126041666667
1 0.424074074074 0.254166666667 0.105555555556 0.13125
1 0.522685185185 0.25234375 0.117592592593 0.1296875
1 0.630092592593 0.251302083333 0.113888888889 0.1296875
1 0.816203703704 0.256770833333 0.0694444444444 0.116666666667
1 0.0444444444444 0.404166666667 0.0907407407407 0.115625
1 0.118518518519 0.403125 0.111111111111 0.113541666667
1 0.210185185185 0.403645833333 0.112962962963 0.114583333333
1 0.304166666667 0.402604166667 0.115740740741 0.1125
1 0.397685185185 0.404166666667 0.113888888889 0.113541666667
1 0.497222222222 0.403385416667 0.12037037037 0.1171875
1 0.610185185185 0.401302083333 0.0666666666667 0.1078125
1 0.665740740741 0.401302083333 0.0666666666667 0.1078125
1 0.72037037037 0.40078125 0.0685185185185 0.106770833333
1 0.775462962963 0.401822916667 0.0657407407407 0.108854166667
1 0.833796296296 0.40234375 0.0638888888889 0.109895833333
1 0.0689814814815 0.535416666667 0.119444444444 0.101041666667
1 0.166203703704 0.536979166667 0.115740740741 0.102083333333
1 0.251388888889 0.5359375 0.113888888889 0.104166666667
1 0.349537037037 0.537239583333 0.102777777778 0.0994791666667
1 0.436574074074 0.537760416667 0.100925925926 0.103645833333
1 0.523611111111 0.53671875 0.0990740740741 0.1078125
1 0.605555555556 0.533072916667 0.0722222222222 0.0963541666667
1 0.667592592593 0.533072916667 0.0703703703704 0.0984375
1 0.731944444444 0.532552083333 0.075 0.0953125
1 0.804166666667 0.532552083333 0.0787037037037 0.0994791666667
1 0.0578703703704 0.662760416667 0.117592592593 0.109895833333
1 0.155555555556 0.66328125 0.0944444444444 0.1046875
1 0.240277777778 0.666145833333 0.0990740740741 0.110416666667
1 0.318055555556 0.666145833333 0.0657407407407 0.110416666667
1 0.380092592593 0.665104166667 0.0787037037037 0.108333333333
1 0.443055555556 0.66796875 0.0805555555556 0.108854166667
1 0.513888888889 0.670833333333 0.087037037037 0.114583333333
1 0.588888888889 0.669010416667 0.0685185185185 0.116145833333
1 0.65462962963 0.669270833333 0.0685185185185 0.111458333333
1 0.717592592593 0.66953125 0.0740740740741 0.1078125
1 0.794444444444 0.669791666667 0.0759259259259 0.1125
1 0.0537037037037 0.820833333333 0.109259259259 0.141666666667
1 0.14537037037 0.827864583333 0.114814814815 0.1390625
1 0.251388888889 0.831770833333 0.110185185185 0.1375
1 0.357407407407 0.836458333333 0.12037037037 0.144791666667
1 0.466203703704 0.8359375 0.112037037037 0.145833333333
1 0.565277777778 0.840364583333 0.0990740740741 0.1203125
1 0.665740740741 0.841666666667 0.124074074074 0.132291666667
1 0.785185185185 0.843229166667 0.124074074074 0.13125
1 0.861111111111 0.807291666667 0.107407407407 0.101041666667
1 0.963888888889 0.825520833333 0.0703703703704 0.122916666667
