4 0.128240740741 0.136458333333 0.108333333333 0.0770833333333
4 0.299537037037 0.129427083333 0.108333333333 0.100520833333
4 0.414814814815 0.13515625 0.111111111111 0.0838541666667
4 0.526388888889 0.1328125 0.163888888889 0.0958333333333
4 0.760648148148 0.133072916667 0.29537037037 0.0838541666667
4 0.953240740741 0.1359375 0.0916666666667 0.0895833333333
4 0.1125 0.266927083333 0.162037037037 0.134895833333
4 0.261574074074 0.26875 0.150925925926 0.127083333333
4 0.426851851852 0.275260416667 0.168518518519 0.125520833333
4 0.590740740741 0.279947916667 0.174074074074 0.127604166667
4 0.80787037037 0.2921875 0.269444444444 0.115625
4 0.0699074074074 0.42734375 0.141666666667 0.119270833333
4 0.210648148148 0.427083333333 0.193518518519 0.129166666667
4 0.379166666667 0.434895833333 0.191666666667 0.141666666667
4 0.575 0.464583333333 0.214814814815 0.0895833333333
4 0.786574074074 0.412239583333 0.213888888889 0.0755208333333
4 0.778240740741 0.478385416667 0.206481481481 0.0692708333333
4 0.940740740741 0.4109375 0.116666666667 0.065625
4 0.940740740741 0.480729166667 0.116666666667 0.0791666666667
4 0.0856481481481 0.552604166667 0.173148148148 0.065625
4 0.0824074074074 0.603125 0.166666666667 0.0552083333333
4 0.276388888889 0.572916666667 0.236111111111 0.05625
4 0.268981481481 0.614583333333 0.234259259259 0.0614583333333
4 0.516203703704 0.577083333333 0.237962962963 0.0604166666667
4 0.503703703704 0.627083333333 0.22962962963 0.0604166666667
4 0.736574074074 0.564583333333 0.20462962963 0.0520833333333
4 0.720833333333 0.622916666667 0.197222222222 0.0729166666667
4 0.909259259259 0.640885416667 0.17962962963 0.0588541666667
4 0.194907407407 0.7328125 0.241666666667 0.0885416666667
4 0.457407407407 0.749479166667 0.259259259259 0.0958333333333
4 0.706944444444 0.734114583333 0.217592592593 0.0619791666667
4 0.703240740741 0.782552083333 0.237962962963 0.0609375
4 0.908796296296 0.742447916667 0.180555555556 0.0578125
4 0.906944444444 0.795052083333 0.184259259259 0.0505208333333
4 0.166666666667 0.855989583333 0.185185185185 0.116145833333
4 0.3625 0.86640625 0.182407407407 0.1078125
4 0.543981481481 0.881770833333 0.175 0.117708333333
4 0.166203703704 0.936458333333 0.176851851852 0.0552083333333
4 0.346296296296 0.94609375 0.181481481481 0.0651041666667
4 0.5375 0.959635416667 0.178703703704 0.0588541666667
4 0.728240740741 0.955208333333 0.208333333333 0.0875
4 0.91712962963 0.964583333333 0.163888888889 0.0708333333333
4 0.924537037037 0.8953125 0.149074074074 0.0708333333333
