1 0.0527777777778 0.059375 0.107407407407 0.119791666667
1 0.14212962963 0.0635416666667 0.121296296296 0.128125
1 0.230092592593 0.0630208333333 0.0990740740741 0.127083333333
1 0.324537037037 0.0677083333333 0.102777777778 0.136458333333
1 0.400925925926 0.06640625 0.0703703703704 0.133854166667
1 0.468055555556 0.07109375 0.115740740741 0.143229166667
1 0.528240740741 0.0744791666667 0.0787037037037 0.15
1 0.572222222222 0.07578125 0.0851851851852 0.152604166667
1 0.635185185185 0.07578125 0.0833333333333 0.152604166667
1 0.7125 0.0786458333333 0.10462962963 0.15625
1 0.790740740741 0.0786458333333 0.0888888888889 0.158333333333
1 0.833796296296 0.08359375 0.0768518518519 0.150520833333
1 0.9 0.0807291666667 0.109259259259 0.158333333333
1 0.961111111111 0.0841145833333 0.0759259259259 0.166145833333
1 0.0856481481481 0.272395833333 0.128703703704 0.185416666667
1 0.174074074074 0.269270833333 0.0907407407407 0.172916666667
1 0.243518518519 0.27578125 0.109259259259 0.175520833333
1 0.315277777778 0.272135416667 0.0842592592593 0.1671875
1 0.376851851852 0.274479166667 0.0925925925926 0.164583333333
1 0.431481481481 0.2640625 0.0833333333333 0.173958333333
1 0.495833333333 0.266927083333 0.0805555555556 0.166145833333
1 0.556018518519 0.270052083333 0.0768518518519 0.159895833333
1 0.609259259259 0.26875 0.0925925925926 0.155208333333
1 0.665277777778 0.275260416667 0.0805555555556 0.149479166667
1 0.725 0.27109375 0.0888888888889 0.150520833333
1 0.785185185185 0.26484375 0.0666666666667 0.158854166667
1 0.837037037037 0.26640625 0.0703703703704 0.152604166667
1 0.90787037037 0.269791666667 0.0805555555556 0.145833333333
1 0.962037037037 0.271614583333 0.0740740740741 0.140104166667
1 0.0467592592593 0.497916666667 0.0953703703704 0.166666666667
1 0.116666666667 0.4921875 0.087037037037 0.159375
1 0.215740740741 0.48359375 0.0907407407407 0.153645833333
1 0.2875 0.47265625 0.0787037037037 0.152604166667
1 0.350925925926 0.47421875 0.0740740740741 0.1515625
1 0.418055555556 0.46015625 0.0638888888889 0.149479166667
1 0.475 0.455989583333 0.0703703703704 0.1484375
1 0.536574074074 0.457552083333 0.0824074074074 0.1390625
1 0.597222222222 0.45390625 0.0685185185185 0.141145833333
1 0.649537037037 0.446354166667 0.0787037037037 0.1375
1 0.705092592593 0.451041666667 0.062037037037 0.135416666667
1 0.755555555556 0.4421875 0.0759259259259 0.134375
1 0.805555555556 0.438802083333 0.0703703703704 0.131770833333
1 0.851851851852 0.433072916667 0.0518518518519 0.131770833333
1 0.89537037037 0.429166666667 0.0518518518519 0.121875
1 0.939351851852 0.427864583333 0.0416666666667 0.119270833333
1 0.978703703704 0.43203125 0.0407407407407 0.118229166667
1 0.0393518518519 0.692447916667 0.0805555555556 0.1484375
1 0.0949074074074 0.679427083333 0.0935185185185 0.1390625
1 0.168981481481 0.67109375 0.0675925925926 0.1421875
1 0.219444444444 0.662239583333 0.0740740740741 0.136979166667
1 0.287037037037 0.6484375 0.087037037037 0.134375
1 0.35462962963 0.6390625 0.0518518518519 0.130208333333
1 0.404166666667 0.629947916667 0.0638888888889 0.131770833333
1 0.450925925926 0.625 0.0648148148148 0.132291666667
1 0.499074074074 0.613020833333 0.0666666666667 0.123958333333
1 0.562962962963 0.614583333333 0.0666666666667 0.122916666667
1 0.6125 0.605208333333 0.0657407407407 0.123958333333
1 0.648611111111 0.601302083333 0.0601851851852 0.119270833333
1 0.705555555556 0.598697916667 0.0574074074074 0.113020833333
1 0.750462962963 0.591145833333 0.075 0.1125
1 0.791666666667 0.5671875 0.0537037037037 0.0833333333333
1 0.831481481481 0.562760416667 0.0555555555556 0.0859375
1 0.870833333333 0.56171875 0.0398148148148 0.0859375
1 0.908796296296 0.553125 0.062037037037 0.0822916666667
1 0.944907407407 0.55625 0.0638888888889 0.103125
1 0.0689814814815 0.852604166667 0.0990740740741 0.129166666667
1 0.207407407407 0.806770833333 0.087037037037 0.1
1 0.275 0.79765625 0.0666666666667 0.1046875
1 0.331481481481 0.784114583333 0.0722222222222 0.0963541666667
1 0.381944444444 0.773958333333 0.075 0.084375
1 0.429166666667 0.767447916667 0.0787037037037 0.0880208333333
1 0.480555555556 0.759375 0.0666666666667 0.0885416666667
1 0.556944444444 0.75 0.0861111111111 0.102083333333
1 0.606481481481 0.746614583333 0.0740740740741 0.0953125
1 0.64537037037 0.73671875 0.062962962963 0.0776041666667
1 0.669907407407 0.730989583333 0.0583333333333 0.0869791666667
1 0.716203703704 0.723697916667 0.0564814814815 0.0953125
1 0.755555555556 0.711458333333 0.0648148148148 0.0989583333333
1 0.818981481481 0.69921875 0.0638888888889 0.0973958333333
1 0.863888888889 0.693489583333 0.0407407407407 0.0901041666667
1 0.905555555556 0.687760416667 0.0555555555556 0.0880208333333
1 0.943981481481 0.680208333333 0.0490740740741 0.0822916666667
