1 0.590277777778 0.0692708333333 0.14537037037 0.127083333333
1 0.357407407407 0.0692708333333 0.164814814815 0.133333333333
1 0.256018518519 0.316666666667 0.128703703704 0.146875
1 0.463425925926 0.313541666667 0.143518518519 0.136458333333
1 0.647685185185 0.306770833333 0.152777777778 0.141666666667
1 0.872685185185 0.291666666667 0.117592592593 0.159375
1 0.127777777778 0.544791666667 0.131481481481 0.161458333333
1 0.263425925926 0.541145833333 0.126851851852 0.147916666667
1 0.376388888889 0.543229166667 0.123148148148 0.14375
1 0.501388888889 0.548177083333 0.119444444444 0.136979166667
1 0.611111111111 0.558854166667 0.122222222222 0.152083333333
1 0.72962962963 0.550260416667 0.131481481481 0.1515625
1 0.8625 0.548177083333 0.134259259259 0.1578125
1 0.844907407407 0.742708333333 0.123148148148 0.158333333333
1 0.747685185185 0.06640625 0.0712962962963 0.115104166667
1 0.95462962963 0.06171875 0.0888888888889 0.116145833333
1 0.159722222222 0.0760416666667 0.130555555556 0.127083333333
1 0.0569444444444 0.315104166667 0.115740740741 0.154166666667
1 0.286111111111 0.75390625 0.105555555556 0.149479166667
1 0.372222222222 0.752083333333 0.116666666667 0.142708333333
1 0.482407407407 0.745572916667 0.133333333333 0.152604166667
1 0.713888888889 0.75078125 0.138888888889 0.150520833333
1 0.664351851852 0.94140625 0.150925925926 0.115104166667
1 0.381944444444 0.927604166667 0.15462962963 0.132291666667
1 0.049537037037 0.0846354166667 0.100925925926 0.125520833333
1 0.255555555556 0.0799479166667 0.0888888888889 0.127604166667
1 0.802777777778 0.065625 0.0722222222222 0.110416666667
1 0.870833333333 0.059375 0.0972222222222 0.113541666667
1 0.147222222222 0.315625 0.111111111111 0.154166666667
1 0.353240740741 0.31484375 0.115740740741 0.127604166667
1 0.779166666667 0.299479166667 0.075 0.144791666667
1 0.962037037037 0.290885416667 0.0740740740741 0.169270833333
1 0.0486111111111 0.552864583333 0.0990740740741 0.1703125
1 0.958333333333 0.538020833333 0.0814814814815 0.158333333333
1 0.499074074074 0.455208333333 0.124074074074 0.0510416666667
1 0.622222222222 0.451822916667 0.12962962963 0.0484375
1 0.0444444444444 0.752604166667 0.0907407407407 0.145833333333
1 0.105555555556 0.729947916667 0.109259259259 0.1171875
1 0.605555555556 0.729427083333 0.109259259259 0.141145833333
1 0.935185185185 0.72578125 0.0907407407407 0.1390625
1 0.074537037037 0.937760416667 0.150925925926 0.1234375
1 0.46712962963 0.9140625 0.117592592593 0.114583333333
1 0.935185185185 0.924739583333 0.0907407407407 0.0859375
