1 0.0537037037037 0.1171875 0.109259259259 0.155208333333
1 0.124537037037 0.113802083333 0.115740740741 0.159895833333
1 0.194907407407 0.113020833333 0.102777777778 0.165625
1 0.256481481481 0.115364583333 0.0907407407407 0.163020833333
1 0.32037037037 0.117447916667 0.0944444444444 0.1703125
1 0.394444444444 0.118229166667 0.0944444444444 0.171875
1 0.465277777778 0.13046875 0.0935185185185 0.149479166667
1 0.54212962963 0.1375 0.0990740740741 0.144791666667
1 0.628703703704 0.135677083333 0.0907407407407 0.146354166667
1 0.710185185185 0.134375 0.0685185185185 0.153125
1 0.785648148148 0.12578125 0.102777777778 0.191145833333
1 0.875925925926 0.118489583333 0.0944444444444 0.1828125
1 0.941666666667 0.1265625 0.114814814815 0.189583333333
1 0.0435185185185 0.285677083333 0.0888888888889 0.121354166667
1 0.087962962963 0.2890625 0.0907407407407 0.121875
1 0.155555555556 0.2953125 0.0907407407407 0.130208333333
1 0.231944444444 0.29765625 0.0953703703704 0.131770833333
1 0.303703703704 0.3 0.0944444444444 0.136458333333
1 0.363425925926 0.3015625 0.0916666666667 0.133333333333
1 0.436574074074 0.308072916667 0.0805555555556 0.1390625
1 0.496759259259 0.323697916667 0.0842592592593 0.121354166667
1 0.563425925926 0.325520833333 0.0824074074074 0.125
1 0.637037037037 0.327083333333 0.0740740740741 0.13125
1 0.702777777778 0.334635416667 0.0703703703704 0.1296875
1 0.776851851852 0.32890625 0.0907407407407 0.150520833333
1 0.85 0.336458333333 0.0888888888889 0.144791666667
1 0.0810185185185 0.429166666667 0.137962962963 0.105208333333
1 0.161574074074 0.433072916667 0.0824074074074 0.0994791666667
1 0.230092592593 0.440625 0.0990740740741 0.105208333333
1 0.312962962963 0.450260416667 0.112962962963 0.108854166667
1 0.398611111111 0.45546875 0.0953703703704 0.1078125
1 0.458796296296 0.4671875 0.0805555555556 0.103125
1 0.528703703704 0.474739583333 0.0740740740741 0.108854166667
1 0.587962962963 0.482291666667 0.0740740740741 0.101041666667
1 0.6625 0.483333333333 0.0805555555556 0.103125
1 0.715277777778 0.482291666667 0.0787037037037 0.119791666667
1 0.784722222222 0.488541666667 0.0805555555556 0.125
1 0.849074074074 0.495052083333 0.0907407407407 0.130729166667
1 0.926388888889 0.504166666667 0.087962962963 0.126041666667
1 0.969444444444 0.5140625 0.0592592592593 0.132291666667
1 0.0837962962963 0.55703125 0.115740740741 0.127604166667
1 0.153703703704 0.564322916667 0.0907407407407 0.128645833333
1 0.227314814815 0.5703125 0.115740740741 0.135416666667
1 0.308333333333 0.5765625 0.107407407407 0.139583333333
1 0.382407407407 0.591145833333 0.111111111111 0.1375
1 0.471759259259 0.602083333333 0.100925925926 0.132291666667
1 0.556944444444 0.61484375 0.102777777778 0.136979166667
1 0.64537037037 0.629947916667 0.107407407407 0.1484375
1 0.743055555556 0.644270833333 0.100925925926 0.152083333333
1 0.846296296296 0.658072916667 0.109259259259 0.149479166667
1 0.949074074074 0.674479166667 0.1 0.142708333333
