6 0.131481481481 0.284114583333 0.107407407407 0.0692708333333
6 0.255092592593 0.285416666667 0.087962962963 0.0645833333333
6 0.34537037037 0.287239583333 0.0981481481481 0.0682291666667
6 0.45 0.291927083333 0.0962962962963 0.0776041666667
6 0.557407407407 0.28828125 0.0962962962963 0.0776041666667
6 0.674074074074 0.287239583333 0.1 0.0755208333333
6 0.813425925926 0.285416666667 0.106481481481 0.08125
6 0.936574074074 0.275260416667 0.0712962962963 0.108854166667
6 0.778703703704 0.456770833333 0.0648148148148 0.0885416666667
6 0.84212962963 0.465104166667 0.0601851851852 0.0885416666667
6 0.904166666667 0.469270833333 0.0675925925926 0.0895833333333
6 0.966203703704 0.4703125 0.0657407407407 0.0947916666667
6 0.774074074074 0.622916666667 0.0740740740741 0.117708333333
6 0.832407407407 0.633072916667 0.0851851851852 0.121354166667
6 0.934259259259 0.633333333333 0.0962962962963 0.120833333333
6 0.389351851852 0.798958333333 0.191666666667 0.0541666666667
6 0.391666666667 0.841927083333 0.17037037037 0.0442708333333
6 0.385185185185 0.876302083333 0.17037037037 0.0494791666667
6 0.390740740741 0.91015625 0.155555555556 0.0411458333333
6 0.590740740741 0.933072916667 0.187037037037 0.0578125
6 0.186574074074 0.394791666667 0.162037037037 0.071875
6 0.440277777778 0.390625 0.132407407407 0.05625
6 0.476851851852 0.450260416667 0.0981481481481 0.0703125
6 0.378240740741 0.4484375 0.117592592593 0.0625
6 0.239814814815 0.4609375 0.0981481481481 0.065625
6 0.146296296296 0.45859375 0.111111111111 0.0661458333333
6 0.037962962963 0.455989583333 0.0777777777778 0.0661458333333
6 0.589814814815 0.461197916667 0.12037037037 0.0682291666667
6 0.447685185185 0.65078125 0.108333333333 0.0598958333333
6 0.564351851852 0.640625 0.117592592593 0.0802083333333
6 0.663888888889 0.639583333333 0.0833333333333 0.078125
6 0.173611111111 0.580729166667 0.14537037037 0.0625
6 0.116666666667 0.628125 0.124074074074 0.0791666666667
6 0.218981481481 0.630729166667 0.100925925926 0.0697916666667
