4 0.0560185185185 0.0984375 0.113888888889 0.164583333333
4 0.20462962963 0.108333333333 0.244444444444 0.154166666667
4 0.436111111111 0.108072916667 0.212962962963 0.1578125
4 0.631944444444 0.109635416667 0.197222222222 0.149479166667
4 0.888425925926 0.1171875 0.213888888889 0.148958333333
4 0.194907407407 0.291927083333 0.234259259259 0.106770833333
4 0.427777777778 0.2953125 0.2 0.10625
4 0.0356481481481 0.290885416667 0.0731481481481 0.108854166667
4 0.603240740741 0.294791666667 0.178703703704 0.105208333333
4 0.8 0.295833333333 0.2 0.105208333333
4 0.95 0.294270833333 0.0981481481481 0.0989583333333
4 0.0796296296296 0.443489583333 0.142592592593 0.0911458333333
4 0.221296296296 0.443229166667 0.159259259259 0.0947916666667
4 0.267592592593 0.467447916667 0.201851851852 0.0484375
4 0.381944444444 0.454427083333 0.147222222222 0.0598958333333
4 0.513425925926 0.442447916667 0.15462962963 0.0838541666667
4 0.69537037037 0.439322916667 0.151851851852 0.0828125
4 0.863888888889 0.450520833333 0.212962962963 0.05625
4 0.110185185185 0.58125 0.153703703704 0.0802083333333
4 0.238425925926 0.57890625 0.137962962963 0.0796875
4 0.399074074074 0.574479166667 0.138888888889 0.0791666666667
4 0.538888888889 0.572395833333 0.142592592593 0.0791666666667
4 0.693518518519 0.570572916667 0.146296296296 0.0755208333333
4 0.841666666667 0.565625 0.155555555556 0.0729166666667
4 0.049537037037 0.705729166667 0.100925925926 0.0625
4 0.1375 0.705989583333 0.132407407407 0.0661458333333
4 0.257407407407 0.703125 0.142592592593 0.0770833333333
4 0.403240740741 0.690625 0.137962962963 0.0614583333333
4 0.551388888889 0.691927083333 0.137962962963 0.0661458333333
4 0.675462962963 0.68828125 0.123148148148 0.0703125
4 0.818055555556 0.685416666667 0.180555555556 0.0739583333333
4 0.944907407407 0.684114583333 0.108333333333 0.0671875
4 0.163888888889 0.833072916667 0.32962962963 0.0953125
4 0.388425925926 0.820572916667 0.150925925926 0.0994791666667
4 0.526851851852 0.809114583333 0.127777777778 0.0859375
4 0.630092592593 0.79375 0.10462962963 0.0645833333333
4 0.752777777778 0.796875 0.172222222222 0.0708333333333
4 0.916203703704 0.799479166667 0.165740740741 0.0958333333333
