1 0.158796296296 0.1625 0.0675925925926 0.0739583333333
1 0.228703703704 0.159895833333 0.0722222222222 0.071875
1 0.297685185185 0.156510416667 0.0787037037037 0.0838541666667
1 0.377777777778 0.153645833333 0.087037037037 0.0916666666667
1 0.448611111111 0.154166666667 0.0805555555556 0.0927083333333
1 0.509259259259 0.167447916667 0.0537037037037 0.0682291666667
1 0.622685185185 0.16328125 0.075 0.0744791666667
1 0.689351851852 0.165104166667 0.0601851851852 0.075
1 0.747222222222 0.159895833333 0.0685185185185 0.0833333333333
1 0.826388888889 0.15 0.0953703703704 0.103125
1 0.90462962963 0.149479166667 0.0833333333333 0.104166666667
1 0.966203703704 0.14921875 0.0657407407407 0.109895833333
1 0.0634259259259 0.5390625 0.0861111111111 0.139583333333
1 0.148611111111 0.559895833333 0.0935185185185 0.152083333333
1 0.221759259259 0.555989583333 0.0824074074074 0.159895833333
1 0.287962962963 0.555208333333 0.0740740740741 0.142708333333
1 0.375 0.556510416667 0.0759259259259 0.140104166667
1 0.472685185185 0.55703125 0.0787037037037 0.141145833333
1 0.549074074074 0.561458333333 0.0740740740741 0.134375
1 0.595833333333 0.55 0.0583333333333 0.125
1 0.65462962963 0.546354166667 0.0685185185185 0.132291666667
1 0.701851851852 0.5390625 0.0555555555556 0.133333333333
1 0.765277777778 0.533333333333 0.0657407407407 0.135416666667
1 0.879166666667 0.54296875 0.0768518518519 0.146354166667
1 0.97037037037 0.5453125 0.0574074074074 0.136458333333
1 0.0282407407407 0.734635416667 0.0583333333333 0.128645833333
1 0.074537037037 0.72890625 0.087962962963 0.1171875
1 0.161111111111 0.724739583333 0.0888888888889 0.118229166667
1 0.231944444444 0.721875 0.0787037037037 0.119791666667
1 0.306018518519 0.71484375 0.0953703703704 0.103645833333
1 0.377777777778 0.72109375 0.0703703703704 0.116145833333
1 0.437037037037 0.72421875 0.0722222222222 0.1265625
1 0.491203703704 0.716666666667 0.0453703703704 0.115625
1 0.541203703704 0.718229166667 0.0601851851852 0.121875
1 0.609259259259 0.73046875 0.0722222222222 0.141145833333
1 0.676388888889 0.735677083333 0.0657407407407 0.140104166667
1 0.737962962963 0.732291666667 0.0777777777778 0.140625
1 0.81712962963 0.7328125 0.0638888888889 0.132291666667
1 0.882407407407 0.729427083333 0.0703703703704 0.136979166667
1 0.19212962963 0.89765625 0.100925925926 0.109895833333
1 0.110185185185 0.903645833333 0.107407407407 0.110416666667
1 0.275 0.884375 0.0740740740741 0.090625
1 0.441666666667 0.894270833333 0.114814814815 0.116666666667
1 0.680555555556 0.859635416667 0.0907407407407 0.0609375
1 0.748148148148 0.86640625 0.087037037037 0.0776041666667
1 0.828240740741 0.863541666667 0.0824074074074 0.0739583333333
