1 0.215740740741 0.207291666667 0.062962962963 0.084375
1 0.516203703704 0.193489583333 0.0712962962963 0.1109375
1 0.668981481481 0.359375 0.0935185185185 0.123958333333
1 0.486111111111 0.35703125 0.0611111111111 0.1171875
1 0.424537037037 0.35546875 0.0916666666667 0.122395833333
1 0.349074074074 0.359375 0.0925925925926 0.128125
1 0.593055555556 0.194270833333 0.0898148148148 0.10625
1 0.685185185185 0.190625 0.087037037037 0.109375
1 0.152314814815 0.204166666667 0.0842592592593 0.0885416666667
1 0.0884259259259 0.201822916667 0.0787037037037 0.0859375
1 0.262962962963 0.36171875 0.0833333333333 0.121354166667
1 0.207407407407 0.359375 0.0685185185185 0.130208333333
1 0.146296296296 0.357291666667 0.0833333333333 0.123958333333
1 0.0347222222222 0.361197916667 0.0712962962963 0.131770833333
1 0.0282407407407 0.205729166667 0.0583333333333 0.084375
1 0.263888888889 0.2015625 0.0685185185185 0.0947916666667
1 0.323148148148 0.193489583333 0.0888888888889 0.108854166667
1 0.389351851852 0.191145833333 0.0805555555556 0.10625
1 0.458333333333 0.194270833333 0.0703703703704 0.103125
1 0.0902777777778 0.359635416667 0.0657407407407 0.119270833333
1 0.544907407407 0.357291666667 0.0787037037037 0.123958333333
1 0.607407407407 0.353645833333 0.0685185185185 0.114583333333
1 0.760648148148 0.35625 0.0787037037037 0.121875
1 0.82037037037 0.3578125 0.0611111111111 0.125
1 0.877777777778 0.354166666667 0.0703703703704 0.122916666667
1 0.943981481481 0.35625 0.0657407407407 0.123958333333
1 0.97962962963 0.35859375 0.0388888888889 0.130729166667
1 0.0699074074074 0.534895833333 0.0805555555556 0.109375
1 0.1375 0.536197916667 0.0787037037037 0.116145833333
1 0.189351851852 0.539583333333 0.0638888888889 0.111458333333
1 0.240740740741 0.541145833333 0.0518518518519 0.114583333333
1 0.289351851852 0.554427083333 0.0990740740741 0.116145833333
1 0.396759259259 0.547135416667 0.0787037037037 0.115104166667
1 0.487037037037 0.555729166667 0.0740740740741 0.113541666667
1 0.571759259259 0.553385416667 0.062037037037 0.1203125
1 0.6375 0.544010416667 0.0787037037037 0.118229166667
1 0.773148148148 0.540104166667 0.0740740740741 0.1125
1 0.82962962963 0.538541666667 0.0648148148148 0.111458333333
1 0.891203703704 0.543489583333 0.0731481481481 0.119270833333
1 0.936574074074 0.534375 0.0638888888889 0.1125
1 0.980555555556 0.538020833333 0.037037037037 0.1125
1 0.0444444444444 0.698697916667 0.0907407407407 0.1171875
1 0.116203703704 0.688802083333 0.0787037037037 0.106770833333
1 0.193518518519 0.694010416667 0.0888888888889 0.105729166667
1 0.277314814815 0.69453125 0.0953703703704 0.108854166667
1 0.367592592593 0.705729166667 0.087037037037 0.13125
1 0.435648148148 0.69296875 0.062037037037 0.1078125
1 0.496296296296 0.690364583333 0.0851851851852 0.1078125
1 0.57962962963 0.705208333333 0.0907407407407 0.134375
1 0.65 0.693489583333 0.0740740740741 0.106770833333
1 0.72037037037 0.69296875 0.0759259259259 0.105729166667
1 0.792592592593 0.701822916667 0.109259259259 0.131770833333
1 0.8625 0.68203125 0.0601851851852 0.0953125
1 0.921759259259 0.67890625 0.0601851851852 0.0869791666667
1 0.968055555556 0.687239583333 0.062037037037 0.1078125
1 0.0208333333333 0.86171875 0.0435185185185 0.119270833333
1 0.109259259259 0.861979166667 0.109259259259 0.144791666667
1 0.208333333333 0.872916666667 0.105555555556 0.14375
1 0.298611111111 0.877083333333 0.0805555555556 0.144791666667
1 0.383796296296 0.872916666667 0.0953703703704 0.14375
1 0.463425925926 0.8734375 0.0972222222222 0.140625
1 0.55787037037 0.8765625 0.113888888889 0.14375
1 0.639351851852 0.860416666667 0.0824074074074 0.134375
1 0.773148148148 0.870052083333 0.0944444444444 0.138020833333
1 0.850462962963 0.851041666667 0.0675925925926 0.102083333333
1 0.916203703704 0.84453125 0.0805555555556 0.105729166667
