6 0.943055555556 0.272916666667 0.0916666666667 0.096875
6 0.961574074074 0.441927083333 0.075 0.0921875
6 0.881481481481 0.436458333333 0.0962962962963 0.0958333333333
6 0.798611111111 0.434114583333 0.0638888888889 0.102604166667
6 0.0527777777778 0.266145833333 0.0944444444444 0.0864583333333
6 0.180092592593 0.23828125 0.102777777778 0.0494791666667
6 0.292592592593 0.239583333333 0.0981481481481 0.0489583333333
6 0.393981481481 0.24296875 0.102777777778 0.0494791666667
6 0.394444444444 0.286979166667 0.0962962962963 0.0447916666667
6 0.287037037037 0.281770833333 0.1 0.04375
6 0.182407407407 0.281770833333 0.124074074074 0.0385416666667
6 0.493981481481 0.252083333333 0.075 0.13125
6 0.570833333333 0.253385416667 0.0824074074074 0.124479166667
6 0.639351851852 0.253385416667 0.0694444444444 0.124479166667
6 0.710648148148 0.256770833333 0.0787037037037 0.129166666667
6 0.0337962962963 0.3734375 0.0694444444444 0.0572916666667
6 0.0356481481481 0.42265625 0.0731481481481 0.0494791666667
6 0.0356481481481 0.460416666667 0.0731481481481 0.0479166666667
6 0.124074074074 0.377083333333 0.0962962962963 0.053125
6 0.12962962963 0.418229166667 0.0981481481481 0.0416666666667
6 0.130092592593 0.457552083333 0.10462962963 0.0494791666667
6 0.211574074074 0.397916666667 0.0768518518519 0.046875
6 0.27962962963 0.397916666667 0.0648148148148 0.0395833333333
6 0.343055555556 0.396614583333 0.0694444444444 0.0442708333333
6 0.400462962963 0.3953125 0.0601851851852 0.0447916666667
6 0.218981481481 0.4484375 0.075 0.04375
6 0.286111111111 0.4515625 0.0685185185185 0.046875
6 0.348148148148 0.452604166667 0.0666666666667 0.0447916666667
6 0.408333333333 0.453645833333 0.0648148148148 0.046875
6 0.470833333333 0.425260416667 0.075 0.118229166667
6 0.538425925926 0.42578125 0.075 0.119270833333
6 0.599074074074 0.420572916667 0.0685185185185 0.106770833333
6 0.66712962963 0.421354166667 0.0638888888889 0.105208333333
6 0.734722222222 0.42421875 0.0638888888889 0.113020833333
6 0.0453703703704 0.606770833333 0.0925925925926 0.0885416666667
6 0.129166666667 0.606770833333 0.0861111111111 0.0864583333333
6 0.477314814815 0.5875 0.0583333333333 0.1125
6 0.543981481481 0.591927083333 0.0638888888889 0.1109375
6 0.612962962963 0.596614583333 0.0666666666667 0.106770833333
6 0.678703703704 0.597395833333 0.0703703703704 0.109375
6 0.393981481481 0.575260416667 0.0768518518519 0.0494791666667
6 0.328240740741 0.577604166667 0.0694444444444 0.0489583333333
6 0.268055555556 0.572135416667 0.0712962962963 0.0505208333333
6 0.203703703704 0.5734375 0.0685185185185 0.0479166666667
6 0.385648148148 0.620572916667 0.0601851851852 0.0494791666667
6 0.325 0.62109375 0.062962962963 0.0432291666667
6 0.268055555556 0.62109375 0.0712962962963 0.0432291666667
