0 0.517592592593 0.0557291666667 0.0907407407407 0.111458333333
0 0.6 0.0536458333333 0.124074074074 0.108333333333
0 0.688425925926 0.05078125 0.0990740740741 0.102604166667
0 0.778240740741 0.0479166666667 0.130555555556 0.096875
0 0.505555555556 0.15703125 0.087037037037 0.1171875
0 0.588888888889 0.156510416667 0.12962962963 0.108854166667
0 0.681481481481 0.155208333333 0.112962962963 0.115625
0 0.759259259259 0.15078125 0.109259259259 0.118229166667
0 0.151851851852 0.349739583333 0.0703703703704 0.0838541666667
0 0.284259259259 0.3 0.0648148148148 0.0791666666667
0 0.375 0.301822916667 0.0888888888889 0.0984375
0 0.436111111111 0.31171875 0.0888888888889 0.0973958333333
0 0.507407407407 0.31484375 0.087037037037 0.0973958333333
0 0.573148148148 0.320572916667 0.0907407407407 0.0973958333333
0 0.648611111111 0.3265625 0.0805555555556 0.102083333333
0 0.725462962963 0.327604166667 0.0953703703704 0.113541666667
0 0.253240740741 0.3765625 0.0638888888889 0.08125
0 0.310185185185 0.378125 0.0740740740741 0.084375
0 0.387037037037 0.390625 0.0685185185185 0.0822916666667
0 0.444907407407 0.401822916667 0.0842592592593 0.0859375
0 0.500462962963 0.405989583333 0.0842592592593 0.0984375
0 0.571296296296 0.414322916667 0.0740740740741 0.106770833333
0 0.708333333333 0.43828125 0.105555555556 0.1078125
0 0.37037037037 0.51171875 0.0685185185185 0.0901041666667
0 0.409722222222 0.518229166667 0.0731481481481 0.0895833333333
0 0.475462962963 0.5296875 0.113888888889 0.0916666666667
0 0.381944444444 0.5875 0.075 0.0802083333333
0 0.431481481481 0.598697916667 0.0574074074074 0.0744791666667
0 0.491203703704 0.610677083333 0.0953703703704 0.0828125
0 0.551851851852 0.546614583333 0.0759259259259 0.0880208333333
0 0.609722222222 0.554427083333 0.0805555555556 0.0973958333333
0 0.686574074074 0.573697916667 0.112037037037 0.0942708333333
0 0.549537037037 0.628645833333 0.0638888888889 0.0791666666667
0 0.611574074074 0.6390625 0.0768518518519 0.0885416666667
0 0.688888888889 0.663020833333 0.0907407407407 0.0916666666667
0 0.389351851852 0.695833333333 0.0638888888889 0.0927083333333
0 0.448611111111 0.713020833333 0.0805555555556 0.090625
0 0.527314814815 0.749739583333 0.0972222222222 0.1078125
0 0.587962962963 0.7796875 0.087037037037 0.105208333333
0 0.659722222222 0.799479166667 0.102777777778 0.121875
0 0.419907407407 0.833072916667 0.0805555555556 0.0848958333333
0 0.471296296296 0.85546875 0.0722222222222 0.0880208333333
0 0.519907407407 0.884375 0.0787037037037 0.0833333333333
0 0.578240740741 0.90859375 0.0805555555556 0.0859375
0 0.641666666667 0.926041666667 0.0703703703704 0.109375
0 0.333796296296 0.916666666667 0.0564814814815 0.090625
0 0.303703703704 0.90703125 0.0666666666667 0.0755208333333
1 0.389351851852 0.9515625 0.0638888888889 0.0885416666667
1 0.241203703704 0.75078125 0.0712962962963 0.0755208333333
1 0.287037037037 0.771614583333 0.0703703703704 0.0776041666667
1 0.325462962963 0.797135416667 0.0768518518519 0.0848958333333
1 0.30787037037 0.658854166667 0.0546296296296 0.08125
0 0.267592592593 0.648958333333 0.0685185185185 0.0729166666667
4 0.922685185185 0.154427083333 0.152777777778 0.250520833333
4 0.958796296296 0.3609375 0.0805555555556 0.170833333333
4 0.941666666667 0.556770833333 0.114814814815 0.171875
4 0.908333333333 0.670572916667 0.111111111111 0.156770833333
0 0.129166666667 0.102604166667 0.0601851851852 0.0729166666667
0 0.126388888889 0.1796875 0.0527777777778 0.071875
