6 0.0432291666667 0.150462962963 0.0375 0.0675925925926
6 0.0778645833333 0.147685185185 0.0411458333333 0.0657407407407
6 0.108854166667 0.147222222222 0.0385416666667 0.0592592592593
6 0.1453125 0.144907407407 0.040625 0.0657407407407
6 0.01328125 0.205555555556 0.0276041666667 0.062962962963
6 0.0473958333333 0.206481481481 0.0385416666667 0.0555555555556
6 0.0822916666667 0.20787037037 0.0385416666667 0.0527777777778
6 0.1125 0.205555555556 0.0375 0.0611111111111
6 0.14765625 0.2 0.0453125 0.0574074074074
6 0.0799479166667 0.319444444444 0.0380208333333 0.0648148148148
6 0.1171875 0.324537037037 0.0385416666667 0.0638888888889
6 0.150520833333 0.323148148148 0.0385416666667 0.0722222222222
6 0.0817708333333 0.373148148148 0.040625 0.0537037037037
6 0.119010416667 0.372685185185 0.0380208333333 0.0472222222222
6 0.153645833333 0.374074074074 0.040625 0.05
6 0.44453125 0.127777777778 0.0348958333333 0.0648148148148
6 0.48046875 0.122222222222 0.0390625 0.0574074074074
6 0.446354166667 0.177777777778 0.0375 0.0518518518519
6 0.480729166667 0.178703703704 0.0364583333333 0.0555555555556
6 0.4515625 0.305092592593 0.0375 0.0601851851852
6 0.4875 0.301388888889 0.0354166666667 0.062037037037
6 0.447395833333 0.356944444444 0.0427083333333 0.0546296296296
6 0.4875 0.356944444444 0.0354166666667 0.0583333333333
6 0.0192708333333 0.520833333333 0.0385416666667 0.0546296296296
6 0.05078125 0.521759259259 0.0390625 0.0546296296296
6 0.0880208333333 0.490740740741 0.0375 0.0537037037037
6 0.0877604166667 0.533796296296 0.0369791666667 0.0398148148148
6 0.053125 0.563888888889 0.034375 0.0407407407407
6 0.0208333333333 0.565740740741 0.0416666666667 0.0407407407407
6 0.123177083333 0.502777777778 0.0348958333333 0.0555555555556
6 0.159375 0.503240740741 0.040625 0.062037037037
6 0.190885416667 0.505092592593 0.0359375 0.0583333333333
6 0.128125 0.550462962963 0.04375 0.0564814814815
6 0.161458333333 0.552314814815 0.0364583333333 0.0564814814815
6 0.192708333333 0.553240740741 0.0354166666667 0.0564814814815
6 0.2203125 0.484259259259 0.0364583333333 0.0740740740741
6 0.2546875 0.481944444444 0.0375 0.0731481481481
6 0.227864583333 0.547685185185 0.0369791666667 0.0675925925926
6 0.25859375 0.548611111111 0.0328125 0.0657407407407
6 0.0283854166667 0.679166666667 0.0411458333333 0.0527777777778
6 0.065625 0.676388888889 0.0364583333333 0.0583333333333
6 0.03515625 0.72037037037 0.0369791666667 0.0407407407407
6 0.0372395833333 0.751388888889 0.0317708333333 0.0435185185185
6 0.06875 0.716666666667 0.0322916666667 0.0462962962963
6 0.0700520833333 0.752314814815 0.0307291666667 0.0416666666667
6 0.09921875 0.674074074074 0.0390625 0.062962962963
6 0.122135416667 0.695833333333 0.0390625 0.0731481481481
6 0.183072916667 0.686111111111 0.0411458333333 0.0666666666667
6 0.162760416667 0.748148148148 0.0307291666667 0.0518518518519
6 0.18984375 0.746759259259 0.0401041666667 0.0546296296296
6 0.125260416667 0.748611111111 0.0359375 0.0490740740741
6 0.217447916667 0.668981481481 0.0359375 0.0824074074074
6 0.25 0.666666666667 0.0375 0.0777777777778
6 0.283333333333 0.666203703704 0.0364583333333 0.0824074074074
6 0.221354166667 0.735185185185 0.040625 0.0685185185185
6 0.256510416667 0.735185185185 0.0401041666667 0.0685185185185
6 0.28984375 0.731481481481 0.0369791666667 0.0666666666667
6 0.522135416667 0.71712962963 0.0296875 0.0787037037037
6 0.551302083333 0.717592592593 0.0338541666667 0.0759259259259
6 0.02421875 0.893518518519 0.0484375 0.0481481481481
6 0.0661458333333 0.865277777778 0.0489583333333 0.0490740740741
6 0.0739583333333 0.906944444444 0.05 0.0398148148148
6 0.02578125 0.938888888889 0.0515625 0.0425925925926
6 0.68984375 0.92037037037 0.0578125 0.0555555555556
6 0.769791666667 0.831481481481 0.0541666666667 0.0537037037037
6 0.73671875 0.957407407407 0.0546875 0.0388888888889
1 0.856510416667 0.926851851852 0.0598958333333 0.05
1 0.17734375 0.17962962963 0.0213541666667 0.0962962962963
1 0.1953125 0.177314814815 0.0239583333333 0.100925925926
1 0.21640625 0.177314814815 0.0234375 0.0953703703704
1 0.23671875 0.175925925926 0.0234375 0.0981481481481
1 0.2546875 0.176388888889 0.021875 0.0916666666667
1 0.1890625 0.349074074074 0.0229166666667 0.0907407407407
1 0.209375 0.347685185185 0.0239583333333 0.0935185185185
1 0.2453125 0.346759259259 0.021875 0.0898148148148
1 0.232552083333 0.336111111111 0.0192708333333 0.1
1 0.264583333333 0.346759259259 0.0239583333333 0.0935185185185
1 0.50859375 0.154166666667 0.0223958333333 0.100925925926
1 0.53125 0.151388888889 0.0239583333333 0.0935185185185
1 0.55078125 0.150462962963 0.0223958333333 0.0953703703704
1 0.573177083333 0.150462962963 0.0234375 0.100925925926
1 0.591927083333 0.147685185185 0.0192708333333 0.0916666666667
1 0.61328125 0.147685185185 0.0265625 0.100925925926
1 0.640625 0.143055555556 0.0229166666667 0.100925925926
1 0.660416666667 0.142592592593 0.0229166666667 0.105555555556
1 0.5171875 0.325 0.025 0.118518518519
1 0.542708333333 0.322222222222 0.0260416666667 0.114814814815
1 0.569270833333 0.32037037037 0.0291666666667 0.122222222222
1 0.594010416667 0.319444444444 0.0296875 0.118518518519
1 0.620052083333 0.315277777778 0.0276041666667 0.123148148148
1 0.647916666667 0.315277777778 0.028125 0.121296296296
1 0.799479166667 0.131481481481 0.0239583333333 0.103703703704
1 0.823177083333 0.125 0.0265625 0.1
1 0.847395833333 0.119444444444 0.025 0.103703703704
1 0.865625 0.120833333333 0.0197916666667 0.102777777778
1 0.88515625 0.118055555556 0.0223958333333 0.102777777778
1 0.9078125 0.115740740741 0.0239583333333 0.1
1 0.9546875 0.111111111111 0.028125 0.116666666667
1 0.990364583333 0.107407407407 0.0182291666667 0.118518518519
1 0.965104166667 0.280555555556 0.0333333333333 0.12037037037
1 0.804166666667 0.313425925926 0.0260416666667 0.108333333333
1 0.830208333333 0.312037037037 0.0270833333333 0.105555555556
1 0.85390625 0.308796296296 0.0223958333333 0.106481481481
1 0.87734375 0.306481481481 0.0234375 0.105555555556
1 0.901041666667 0.306481481481 0.0239583333333 0.111111111111
1 0.965104166667 0.482407407407 0.0322916666667 0.114814814815
1 0.8734375 0.507407407407 0.0239583333333 0.105555555556
1 0.895572916667 0.506944444444 0.0255208333333 0.110185185185
1 0.93046875 0.455555555556 0.0286458333333 0.0740740740741
1 0.923177083333 0.702777777778 0.0296875 0.122222222222
1 0.90078125 0.683796296296 0.0255208333333 0.121296296296
1 0.951041666667 0.705092592593 0.0291666666667 0.119444444444
1 0.987760416667 0.702314814815 0.0234375 0.119444444444
1 0.445833333333 0.704166666667 0.0291666666667 0.108333333333
1 0.470572916667 0.704166666667 0.0286458333333 0.102777777778
1 0.495833333333 0.705092592593 0.0229166666667 0.108333333333
1 0.582291666667 0.678703703704 0.0354166666667 0.151851851852
1 0.672395833333 0.678240740741 0.0333333333333 0.156481481481
1 0.707291666667 0.677777777778 0.0333333333333 0.15
1 0.74140625 0.676388888889 0.0348958333333 0.156481481481
1 0.781510416667 0.677314814815 0.0348958333333 0.158333333333
1 0.526041666667 0.509722222222 0.025 0.125
1 0.552083333333 0.503703703704 0.0260416666667 0.125925925926
1 0.584114583333 0.509722222222 0.0265625 0.113888888889
1 0.611458333333 0.509259259259 0.028125 0.118518518519
1 0.6390625 0.506018518519 0.028125 0.115740740741
1 0.66484375 0.505555555556 0.0244791666667 0.114814814815
1 0.690625 0.506018518519 0.0291666666667 0.121296296296
1 0.717708333333 0.502314814815 0.0239583333333 0.119444444444
