1 0.0435185185185 0.07890625 0.0888888888889 0.131770833333
1 0.125925925926 0.0799479166667 0.112962962963 0.125520833333
1 0.214351851852 0.0731770833333 0.137962962963 0.136979166667
1 0.440740740741 0.071875 0.138888888889 0.111458333333
1 0.600925925926 0.0703125 0.0925925925926 0.103125
1 0.66712962963 0.0684895833333 0.0638888888889 0.1046875
1 0.734259259259 0.0609375 0.0703703703704 0.114583333333
1 0.792592592593 0.0588541666667 0.0759259259259 0.11875
1 0.845833333333 0.0622395833333 0.0601851851852 0.1078125
1 0.894444444444 0.0546875 0.087037037037 0.104166666667
1 0.965277777778 0.05546875 0.0675925925926 0.111979166667
1 0.0453703703704 0.31328125 0.0925925925926 0.163020833333
1 0.140277777778 0.323177083333 0.137962962963 0.136979166667
1 0.24212962963 0.3109375 0.102777777778 0.161458333333
1 0.340277777778 0.305208333333 0.121296296296 0.163541666667
1 0.513425925926 0.305729166667 0.115740740741 0.153125
1 0.598148148148 0.298697916667 0.0833333333333 0.141145833333
1 0.658333333333 0.303385416667 0.0888888888889 0.1484375
1 0.752314814815 0.302864583333 0.112037037037 0.147395833333
1 0.865740740741 0.287760416667 0.103703703704 0.1703125
1 0.950925925926 0.2828125 0.0962962962963 0.164583333333
1 0.0569444444444 0.550520833333 0.115740740741 0.15625
1 0.376851851852 0.454166666667 0.125925925926 0.0625
1 0.493981481481 0.454427083333 0.130555555556 0.0661458333333
1 0.156481481481 0.545833333333 0.146296296296 0.154166666667
1 0.272685185185 0.54765625 0.136111111111 0.141145833333
1 0.372685185185 0.548177083333 0.130555555556 0.140104166667
1 0.490277777778 0.56328125 0.134259259259 0.149479166667
1 0.619444444444 0.5453125 0.142592592593 0.153125
1 0.736111111111 0.54375 0.140740740741 0.165625
1 0.841666666667 0.534375 0.109259259259 0.142708333333
1 0.930555555556 0.542447916667 0.109259259259 0.1421875
1 0.0361111111111 0.731770833333 0.0740740740741 0.120833333333
1 0.197222222222 0.743229166667 0.127777777778 0.145833333333
1 0.276851851852 0.75 0.107407407407 0.153125
1 0.376851851852 0.75078125 0.15 0.163020833333
1 0.5125 0.728645833333 0.117592592593 0.135416666667
1 0.614814814815 0.74375 0.144444444444 0.161458333333
1 0.737962962963 0.742447916667 0.127777777778 0.158854166667
1 0.831481481481 0.718229166667 0.101851851852 0.123958333333
1 0.905555555556 0.70390625 0.0851851851852 0.0953125
1 0.968055555556 0.71015625 0.062037037037 0.1171875
1 0.0648148148148 0.925520833333 0.124074074074 0.116666666667
1 0.292592592593 0.928645833333 0.15 0.141666666667
1 0.374537037037 0.911197916667 0.134259259259 0.108854166667
1 0.566203703704 0.938541666667 0.150925925926 0.121875
1 0.849074074074 0.921614583333 0.1 0.0744791666667
1 0.932407407407 0.927083333333 0.101851851852 0.0697916666667
