4 0.162037037037 0.0580729166667 0.188888888889 0.1171875
4 0.334722222222 0.05390625 0.165740740741 0.108854166667
4 0.494444444444 0.0515625 0.188888888889 0.104166666667
4 0.103703703704 0.2140625 0.209259259259 0.0979166666667
4 0.099537037037 0.282552083333 0.191666666667 0.0588541666667
4 0.313888888889 0.223177083333 0.22037037037 0.0348958333333
4 0.534722222222 0.197916666667 0.249074074074 0.0635416666667
4 0.789351851852 0.207552083333 0.280555555556 0.0421875
4 0.302777777778 0.270052083333 0.238888888889 0.0671875
4 0.562037037037 0.261458333333 0.277777777778 0.0645833333333
4 0.801388888889 0.25625 0.269444444444 0.06875
4 0.968055555556 0.211458333333 0.062037037037 0.145833333333
4 0.0962962962963 0.4140625 0.185185185185 0.129166666667
4 0.281944444444 0.409895833333 0.178703703704 0.130208333333
4 0.415277777778 0.417447916667 0.162037037037 0.131770833333
4 0.589814814815 0.3953125 0.227777777778 0.154166666667
4 0.794907407407 0.39609375 0.210185185185 0.152604166667
4 0.95 0.380989583333 0.0981481481481 0.125520833333
4 0.0550925925926 0.576302083333 0.112037037037 0.108854166667
4 0.177777777778 0.573958333333 0.137037037037 0.096875
4 0.308333333333 0.571614583333 0.138888888889 0.1015625
4 0.448611111111 0.56640625 0.149074074074 0.109895833333
4 0.598148148148 0.56328125 0.172222222222 0.118229166667
4 0.761111111111 0.561458333333 0.168518518519 0.1125
4 0.88287037037 0.559895833333 0.0935185185185 0.10625
4 0.962962962963 0.558072916667 0.0722222222222 0.124479166667
4 0.0773148148148 0.73671875 0.156481481481 0.1171875
4 0.248611111111 0.73046875 0.176851851852 0.109895833333
4 0.364351851852 0.715625 0.115740740741 0.0895833333333
4 0.468981481481 0.742447916667 0.160185185185 0.0859375
4 0.585185185185 0.714583333333 0.188888888889 0.10625
4 0.670833333333 0.720572916667 0.149074074074 0.118229166667
4 0.809722222222 0.720572916667 0.167592592593 0.118229166667
4 0.955555555556 0.712239583333 0.087037037037 0.108854166667
4 0.0699074074074 0.92890625 0.141666666667 0.116145833333
4 0.189814814815 0.92109375 0.142592592593 0.1171875
4 0.3375 0.912239583333 0.180555555556 0.1328125
4 0.506944444444 0.911979166667 0.180555555556 0.113541666667
4 0.677314814815 0.903645833333 0.178703703704 0.130208333333
4 0.839351851852 0.891927083333 0.180555555556 0.140104166667
4 0.955555555556 0.881510416667 0.087037037037 0.1609375
