6 0.0898148148148 0.22109375 0.112962962963 0.0671875
6 0.10787037037 0.295572916667 0.119444444444 0.0734375
6 0.2375 0.296614583333 0.102777777778 0.0755208333333
6 0.35787037037 0.295572916667 0.106481481481 0.0828125
6 0.478240740741 0.29609375 0.106481481481 0.0723958333333
6 0.588425925926 0.295833333333 0.106481481481 0.0791666666667
6 0.716666666667 0.294270833333 0.109259259259 0.0802083333333
6 0.75462962963 0.222135416667 0.112962962963 0.0671875
6 0.842592592593 0.298697916667 0.118518518519 0.0671875
6 0.940740740741 0.29921875 0.116666666667 0.0755208333333
6 0.0462962962963 0.470052083333 0.0944444444444 0.0671875
6 0.139814814815 0.46640625 0.101851851852 0.0744791666667
6 0.239351851852 0.467708333333 0.115740740741 0.0791666666667
6 0.350462962963 0.470052083333 0.108333333333 0.0744791666667
6 0.46712962963 0.467447916667 0.10462962963 0.0765625
6 0.577777777778 0.47109375 0.111111111111 0.0723958333333
6 0.716666666667 0.4734375 0.112962962963 0.084375
6 0.824537037037 0.47890625 0.121296296296 0.0734375
6 0.937962962963 0.46640625 0.0981481481481 0.0765625
6 0.120833333333 0.646614583333 0.106481481481 0.0703125
6 0.250462962963 0.654947916667 0.106481481481 0.0682291666667
6 0.35462962963 0.65390625 0.112962962963 0.0828125
6 0.501851851852 0.602083333333 0.140740740741 0.071875
6 0.678240740741 0.657291666667 0.100925925926 0.0802083333333
6 0.780092592593 0.654947916667 0.10462962963 0.0682291666667
6 0.556018518519 0.659114583333 0.10462962963 0.0744791666667
6 0.457407407407 0.654166666667 0.0851851851852 0.0791666666667
