0 0.0416666666667 0.0721354166667 0.0851851851852 0.1453125
0 0.105092592593 0.0697916666667 0.0972222222222 0.140625
0 0.190277777778 0.0692708333333 0.0990740740741 0.139583333333
0 0.279166666667 0.0697916666667 0.115740740741 0.140625
0 0.367592592593 0.0697916666667 0.087037037037 0.140625
0 0.451851851852 0.07109375 0.0907407407407 0.143229166667
0 0.533333333333 0.071875 0.101851851852 0.134375
0 0.593981481481 0.0700520833333 0.0787037037037 0.138020833333
0 0.677314814815 0.06875 0.0935185185185 0.138541666667
0 0.758333333333 0.0700520833333 0.107407407407 0.140104166667
0 0.843518518519 0.06875 0.125925925926 0.138541666667
0 0.95 0.0692708333333 0.0981481481481 0.139583333333
0 0.062037037037 0.269270833333 0.105555555556 0.1375
0 0.155555555556 0.265885416667 0.0944444444444 0.138020833333
0 0.226388888889 0.269270833333 0.100925925926 0.129166666667
0 0.309722222222 0.270572916667 0.0990740740741 0.128645833333
0 0.387037037037 0.26875 0.0925925925926 0.130208333333
0 0.466666666667 0.270572916667 0.0944444444444 0.138020833333
0 0.546296296296 0.267447916667 0.107407407407 0.125520833333
0 0.639351851852 0.26875 0.0953703703704 0.134375
0 0.730555555556 0.266927083333 0.105555555556 0.1359375
0 0.800925925926 0.27109375 0.0722222222222 0.1296875
0 0.877314814815 0.270572916667 0.10462962963 0.140104166667
0 0.962037037037 0.269010416667 0.0740740740741 0.1296875
0 0.0342592592593 0.4515625 0.0703703703704 0.115625
0 0.111111111111 0.452083333333 0.105555555556 0.1125
0 0.196759259259 0.45859375 0.102777777778 0.1203125
0 0.281018518519 0.4609375 0.102777777778 0.113541666667
0 0.369444444444 0.45859375 0.087037037037 0.118229166667
0 0.435648148148 0.45859375 0.106481481481 0.118229166667
0 0.515740740741 0.459114583333 0.087037037037 0.115104166667
0 0.632407407407 0.45625 0.109259259259 0.125
0 0.744444444444 0.455989583333 0.0907407407407 0.118229166667
0 0.851388888889 0.4515625 0.0953703703704 0.11875
0 0.935648148148 0.4515625 0.0953703703704 0.113541666667
0 0.0444444444444 0.621614583333 0.0907407407407 0.108854166667
0 0.118518518519 0.620052083333 0.0944444444444 0.1078125
0 0.200925925926 0.620052083333 0.1 0.109895833333
0 0.277314814815 0.622916666667 0.0898148148148 0.113541666667
0 0.35462962963 0.619010416667 0.0888888888889 0.1078125
0 0.438425925926 0.622395833333 0.0935185185185 0.103125
0 0.0435185185185 0.76875 0.0888888888889 0.104166666667
0 0.122685185185 0.768229166667 0.0657407407407 0.110416666667
0 0.185185185185 0.769270833333 0.0722222222222 0.108333333333
0 0.248611111111 0.76640625 0.0787037037037 0.1109375
0 0.32037037037 0.768229166667 0.0703703703704 0.110416666667
0 0.384259259259 0.768229166667 0.0814814814815 0.107291666667
0 0.470833333333 0.770572916667 0.0990740740741 0.1078125
0 0.543518518519 0.769270833333 0.0851851851852 0.103125
0 0.718518518519 0.760677083333 0.0851851851852 0.108854166667
0 0.791666666667 0.761197916667 0.0740740740741 0.105729166667
0 0.853240740741 0.747916666667 0.0787037037037 0.0885416666667
0 0.922222222222 0.740885416667 0.0759259259259 0.0744791666667
0 0.49212962963 0.9359375 0.0731481481481 0.05
3 0.608333333333 0.9578125 0.0740740740741 0.0520833333333
3 0.0763888888889 0.930208333333 0.0935185185185 0.138541666667
3 0.172222222222 0.9265625 0.124074074074 0.142708333333
0 0.281018518519 0.926822916667 0.0990740740741 0.1453125
0 0.901851851852 0.602083333333 0.0888888888889 0.0927083333333
0 0.966203703704 0.60390625 0.0657407407407 0.1078125
