1 0.325462962963 0.0536458333333 0.0935185185185 0.108333333333
1 0.25462962963 0.0583333333333 0.087037037037 0.117708333333
1 0.413888888889 0.0572916666667 0.109259259259 0.115625
1 0.487962962963 0.0549479166667 0.105555555556 0.1109375
1 0.583333333333 0.059375 0.124074074074 0.119791666667
1 0.668981481481 0.0565104166667 0.0972222222222 0.1140625
1 0.75787037037 0.0559895833333 0.117592592593 0.113020833333
1 0.851851851852 0.0578125 0.0888888888889 0.116666666667
1 0.929166666667 0.0583333333333 0.0990740740741 0.117708333333
1 0.0597222222222 0.21796875 0.0972222222222 0.1484375
1 0.121759259259 0.216666666667 0.0805555555556 0.153125
1 0.186574074074 0.216666666667 0.0824074074074 0.155208333333
1 0.257407407407 0.220572916667 0.0888888888889 0.158854166667
1 0.336111111111 0.220833333333 0.0759259259259 0.165625
1 0.403703703704 0.221354166667 0.101851851852 0.166666666667
1 0.481481481481 0.222395833333 0.125925925926 0.171875
1 0.569444444444 0.227604166667 0.103703703704 0.172916666667
1 0.65462962963 0.245572916667 0.112962962963 0.141145833333
1 0.735648148148 0.245052083333 0.119444444444 0.1515625
1 0.812037037037 0.249739583333 0.107407407407 0.138020833333
1 0.892592592593 0.249479166667 0.124074074074 0.144791666667
1 0.95462962963 0.253125 0.0888888888889 0.152083333333
1 0.0537037037037 0.381510416667 0.0851851851852 0.130729166667
1 0.118518518519 0.384375 0.087037037037 0.134375
1 0.181481481481 0.387760416667 0.0851851851852 0.136979166667
1 0.243055555556 0.391927083333 0.0842592592593 0.1421875
1 0.317592592593 0.393489583333 0.0888888888889 0.1390625
1 0.382407407407 0.40234375 0.0944444444444 0.149479166667
1 0.462962962963 0.4046875 0.105555555556 0.15
1 0.543518518519 0.409895833333 0.101851851852 0.147916666667
1 0.635185185185 0.427083333333 0.103703703704 0.132291666667
1 0.712037037037 0.43203125 0.105555555556 0.1296875
1 0.782407407407 0.432552083333 0.105555555556 0.130729166667
1 0.857407407407 0.434895833333 0.111111111111 0.133333333333
1 0.936574074074 0.435416666667 0.117592592593 0.132291666667
1 0.0444444444444 0.53203125 0.0907407407407 0.115104166667
1 0.102314814815 0.535416666667 0.0787037037037 0.123958333333
1 0.17037037037 0.541666666667 0.087037037037 0.122916666667
1 0.255555555556 0.548697916667 0.0925925925926 0.125520833333
1 0.321296296296 0.551041666667 0.0851851851852 0.120833333333
1 0.394444444444 0.565104166667 0.103703703704 0.132291666667
1 0.465740740741 0.5609375 0.0888888888889 0.119791666667
1 0.526851851852 0.570052083333 0.0925925925926 0.128645833333
1 0.608333333333 0.586979166667 0.0907407407407 0.11875
1 0.682407407407 0.59453125 0.1 0.1171875
1 0.754166666667 0.599739583333 0.0990740740741 0.1203125
1 0.827314814815 0.602604166667 0.100925925926 0.119791666667
1 0.902314814815 0.609375 0.115740740741 0.123958333333
1 0.961111111111 0.618229166667 0.0759259259259 0.125
1 0.0527777777778 0.6703125 0.1 0.111458333333
1 0.117592592593 0.679427083333 0.0925925925926 0.108854166667
1 0.199537037037 0.686979166667 0.0972222222222 0.114583333333
1 0.28287037037 0.699739583333 0.0990740740741 0.1171875
1 0.371296296296 0.708072916667 0.107407407407 0.119270833333
1 0.461574074074 0.71484375 0.100925925926 0.121354166667
1 0.616666666667 0.73125 0.107407407407 0.1125
1 0.701851851852 0.740364583333 0.109259259259 0.109895833333
1 0.778240740741 0.749479166667 0.0972222222222 0.1125
1 0.843055555556 0.754166666667 0.0898148148148 0.114583333333
1 0.909722222222 0.759375 0.0935185185185 0.111458333333
1 0.968055555556 0.7640625 0.062037037037 0.11875
1 0.0518518518519 0.83125 0.105555555556 0.157291666667
1 0.14212962963 0.838802083333 0.137962962963 0.1609375
1 0.265740740741 0.852604166667 0.17037037037 0.163541666667
1 0.385185185185 0.875 0.15 0.173958333333
1 0.48287037037 0.85546875 0.115740740741 0.131770833333
1 0.617592592593 0.890625 0.192592592593 0.142708333333
1 0.761574074074 0.911979166667 0.187962962963 0.164583333333
1 0.909722222222 0.92734375 0.178703703704 0.144270833333
