4 0.037037037037 0.140104166667 0.0759259259259 0.1125
4 0.148148148148 0.13984375 0.144444444444 0.1109375
4 0.294444444444 0.138802083333 0.107407407407 0.1171875
4 0.394907407407 0.1390625 0.100925925926 0.119791666667
4 0.498611111111 0.144270833333 0.100925925926 0.109375
4 0.589351851852 0.152604166667 0.087962962963 0.0895833333333
4 0.689351851852 0.14375 0.112037037037 0.0885416666667
4 0.790740740741 0.140104166667 0.109259259259 0.0958333333333
4 0.895833333333 0.139583333333 0.0935185185185 0.0989583333333
4 0.0388888888889 0.307291666667 0.0796296296296 0.0854166666667
4 0.148611111111 0.309114583333 0.149074074074 0.0911458333333
4 0.335185185185 0.294010416667 0.174074074074 0.1265625
4 0.501851851852 0.292708333333 0.157407407407 0.13125
4 0.638425925926 0.293229166667 0.125 0.130208333333
4 0.777314814815 0.29140625 0.182407407407 0.1265625
4 0.925925925926 0.29140625 0.146296296296 0.131770833333
4 0.0560185185185 0.450260416667 0.113888888889 0.118229166667
4 0.165277777778 0.453385416667 0.119444444444 0.121354166667
4 0.328240740741 0.445052083333 0.152777777778 0.1265625
4 0.454166666667 0.4515625 0.121296296296 0.132291666667
4 0.566203703704 0.450520833333 0.167592592593 0.130208333333
4 0.688888888889 0.456770833333 0.125925925926 0.121875
4 0.818981481481 0.454166666667 0.149074074074 0.129166666667
4 0.94212962963 0.459895833333 0.113888888889 0.111458333333
4 0.0444444444444 0.584635416667 0.0907407407407 0.0994791666667
4 0.129166666667 0.577083333333 0.0861111111111 0.0864583333333
4 0.223611111111 0.585416666667 0.10462962963 0.0958333333333
4 0.355555555556 0.602864583333 0.174074074074 0.0869791666667
4 0.518518518519 0.596614583333 0.140740740741 0.1140625
4 0.661111111111 0.594791666667 0.125925925926 0.105208333333
4 0.803240740741 0.596614583333 0.143518518519 0.1109375
4 0.940740740741 0.59609375 0.116666666667 0.1078125
4 0.193518518519 0.732291666667 0.257407407407 0.11875
4 0.400462962963 0.73671875 0.162037037037 0.100520833333
4 0.527777777778 0.734375 0.125925925926 0.1125
4 0.656481481481 0.73828125 0.183333333333 0.108854166667
4 0.81712962963 0.741927083333 0.182407407407 0.1109375
4 0.950462962963 0.746614583333 0.0972222222222 0.108854166667
4 0.0675925925926 0.910416666667 0.137037037037 0.08125
4 0.212962962963 0.89921875 0.198148148148 0.125520833333
4 0.403240740741 0.84921875 0.167592592593 0.0661458333333
4 0.560185185185 0.888541666667 0.172222222222 0.0895833333333
4 0.395833333333 0.925 0.182407407407 0.0875
4 0.559722222222 0.952604166667 0.160185185185 0.0489583333333
4 0.735648148148 0.934114583333 0.180555555556 0.0932291666667
4 0.922685185185 0.904427083333 0.152777777778 0.0932291666667
