4 0.555555555556 0.14609375 0.159259259259 0.0651041666667
4 0.543518518519 0.09453125 0.142592592593 0.0421875
4 0.766203703704 0.145052083333 0.162037037037 0.0671875
4 0.909259259259 0.154947916667 0.146296296296 0.0515625
4 0.518981481481 0.447135416667 0.132407407407 0.0838541666667
4 0.62962962963 0.45390625 0.112962962963 0.0828125
4 0.756018518519 0.45390625 0.139814814815 0.0828125
4 0.9125 0.46171875 0.162037037037 0.100520833333
4 0.500462962963 0.593489583333 0.121296296296 0.0744791666667
4 0.614814814815 0.599479166667 0.138888888889 0.0864583333333
4 0.772685185185 0.597135416667 0.152777777778 0.1078125
4 0.901851851852 0.598958333333 0.140740740741 0.0895833333333
4 0.517592592593 0.736458333333 0.172222222222 0.105208333333
4 0.649537037037 0.742447916667 0.149074074074 0.100520833333
4 0.766203703704 0.724479166667 0.128703703704 0.0958333333333
4 0.893055555556 0.752083333333 0.175 0.08125
4 0.953240740741 0.7234375 0.0916666666667 0.090625
4 0.575925925926 0.909375 0.144444444444 0.1125
4 0.727314814815 0.91328125 0.160185185185 0.116145833333
4 0.824537037037 0.897135416667 0.143518518519 0.131770833333
1 0.940740740741 0.902604166667 0.116666666667 0.122916666667
1 0.511111111111 0.285416666667 0.0796296296296 0.105208333333
1 0.593981481481 0.288541666667 0.0824074074074 0.10625
1 0.658796296296 0.28828125 0.0768518518519 0.103645833333
1 0.724074074074 0.290625 0.0685185185185 0.10625
1 0.798148148148 0.290104166667 0.0851851851852 0.107291666667
1 0.866666666667 0.291666666667 0.0833333333333 0.104166666667
1 0.930555555556 0.290625 0.0796296296296 0.104166666667
1 0.975925925926 0.292708333333 0.0462962962963 0.105208333333
