0 0.0240740740741 0.115364583333 0.05 0.0682291666667
0 0.062962962963 0.11640625 0.0574074074074 0.0682291666667
0 0.110648148148 0.1109375 0.0583333333333 0.0708333333333
0 0.147685185185 0.104947916667 0.062037037037 0.0734375
0 0.185185185185 0.102604166667 0.0518518518519 0.075
0 0.226851851852 0.0994791666667 0.0555555555556 0.08125
0 0.257407407407 0.0973958333333 0.0648148148148 0.08125
0 0.0240740740741 0.177083333333 0.05 0.0604166666667
0 0.0569444444444 0.176822916667 0.0657407407407 0.0661458333333
0 0.108333333333 0.177083333333 0.0574074074074 0.071875
0 0.148611111111 0.174479166667 0.0638888888889 0.06875
0 0.183333333333 0.171354166667 0.0555555555556 0.0697916666667
0 0.217592592593 0.172135416667 0.0537037037037 0.0682291666667
0 0.252314814815 0.175520833333 0.0657407407407 0.06875
0 0.0375 0.271354166667 0.0601851851852 0.0708333333333
0 0.0282407407407 0.335677083333 0.0583333333333 0.0651041666667
0 0.241666666667 0.356510416667 0.0703703703704 0.0765625
0 0.309722222222 0.353645833333 0.062037037037 0.06875
0 0.415740740741 0.306770833333 0.0722222222222 0.08125
0 0.472685185185 0.310416666667 0.062037037037 0.08125
0 0.556944444444 0.31796875 0.0861111111111 0.0963541666667
0 0.635185185185 0.318489583333 0.087037037037 0.108854166667
0 0.718518518519 0.322395833333 0.0759259259259 0.1125
0 0.808333333333 0.3265625 0.107407407407 0.113541666667
0 0.888425925926 0.336979166667 0.0953703703704 0.10625
0 0.956018518519 0.34453125 0.0861111111111 0.1078125
0 0.856018518519 0.0520833333333 0.117592592593 0.105208333333
0 0.958796296296 0.0533854166667 0.0805555555556 0.106770833333
0 0.737962962963 0.160416666667 0.111111111111 0.121875
0 0.391203703704 0.383333333333 0.0675925925926 0.0739583333333
0 0.477777777778 0.395833333333 0.0925925925926 0.0927083333333
0 0.550925925926 0.402864583333 0.0740740740741 0.0880208333333
0 0.620833333333 0.413020833333 0.0861111111111 0.0958333333333
0 0.698611111111 0.420833333333 0.0953703703704 0.105208333333
0 0.779166666667 0.427864583333 0.102777777778 0.1078125
0 0.951851851852 0.45625 0.0944444444444 0.109375
0 0.867592592593 0.440104166667 0.107407407407 0.102083333333
0 0.258796296296 0.469010416667 0.0527777777778 0.0692708333333
0 0.298611111111 0.473697916667 0.0675925925926 0.0651041666667
0 0.3375 0.482291666667 0.0601851851852 0.078125
0 0.383333333333 0.4921875 0.0685185185185 0.08125
0 0.443981481481 0.50078125 0.0787037037037 0.0828125
0 0.25 0.528645833333 0.05 0.06875
0 0.284259259259 0.537239583333 0.0592592592593 0.0692708333333
0 0.326388888889 0.551041666667 0.0583333333333 0.071875
0 0.425 0.573697916667 0.0666666666667 0.0776041666667
0 0.462962962963 0.586979166667 0.0722222222222 0.0770833333333
0 0.508796296296 0.523958333333 0.0805555555556 0.0916666666667
0 0.562962962963 0.534895833333 0.0833333333333 0.0927083333333
0 0.633333333333 0.547135416667 0.107407407407 0.0890625
0 0.505555555556 0.602083333333 0.0666666666667 0.071875
0 0.559722222222 0.613541666667 0.0768518518519 0.08125
0 0.637037037037 0.6296875 0.0944444444444 0.090625
0 0.723611111111 0.560416666667 0.0916666666667 0.102083333333
0 0.797685185185 0.577083333333 0.102777777778 0.105208333333
0 0.879166666667 0.595052083333 0.117592592593 0.106770833333
0 0.716203703704 0.648697916667 0.0805555555556 0.0869791666667
0 0.797685185185 0.665625 0.0861111111111 0.090625
0 0.888425925926 0.686458333333 0.119444444444 0.090625
0 0.503240740741 0.7203125 0.0824074074074 0.102083333333
0 0.564814814815 0.734635416667 0.0907407407407 0.0942708333333
0 0.65462962963 0.769270833333 0.101851851852 0.110416666667
0 0.736111111111 0.80234375 0.087037037037 0.1046875
0 0.823611111111 0.82734375 0.117592592593 0.128645833333
0 0.469444444444 0.836979166667 0.0592592592593 0.102083333333
0 0.523148148148 0.854166666667 0.0722222222222 0.090625
0 0.578703703704 0.88046875 0.0888888888889 0.0984375
0 0.64537037037 0.90859375 0.1 0.0953125
0 0.712037037037 0.940104166667 0.0851851851852 0.0927083333333
0 0.341666666667 0.915104166667 0.0722222222222 0.103125
0 0.306018518519 0.903645833333 0.075 0.0822916666667
0 0.396759259259 0.94921875 0.0787037037037 0.0859375
1 0.462962962963 0.966145833333 0.0888888888889 0.0666666666667
1 0.306018518519 0.761979166667 0.0657407407407 0.0833333333333
0 0.352314814815 0.78671875 0.0842592592593 0.0869791666667
