4 0.115740740741 0.131510416667 0.233333333333 0.143229166667
4 0.34537037037 0.127083333333 0.198148148148 0.144791666667
4 0.578703703704 0.121875 0.2 0.153125
4 0.752777777778 0.122916666667 0.175925925926 0.15
4 0.128240740741 0.31015625 0.206481481481 0.1015625
4 0.331481481481 0.306510416667 0.175925925926 0.105729166667
4 0.542592592593 0.30859375 0.183333333333 0.100520833333
4 0.723148148148 0.306770833333 0.177777777778 0.0958333333333
4 0.874074074074 0.3046875 0.157407407407 0.104166666667
4 0.930092592593 0.443489583333 0.137962962963 0.0796875
4 0.789351851852 0.442708333333 0.156481481481 0.0770833333333
4 0.444444444444 0.4515625 0.183333333333 0.0802083333333
4 0.120833333333 0.465625 0.173148148148 0.0677083333333
4 0.133333333333 0.5921875 0.15 0.08125
4 0.290277777778 0.58984375 0.14537037037 0.0786458333333
4 0.45462962963 0.580729166667 0.155555555556 0.078125
4 0.610185185185 0.579947916667 0.148148148148 0.0723958333333
4 0.796759259259 0.573958333333 0.152777777778 0.0760416666667
4 0.937037037037 0.570572916667 0.12037037037 0.0765625
4 0.891666666667 0.68671875 0.15 0.0723958333333
4 0.749074074074 0.69296875 0.168518518519 0.0651041666667
4 0.603703703704 0.6984375 0.15 0.071875
4 0.466666666667 0.705208333333 0.146296296296 0.0645833333333
4 0.311111111111 0.7109375 0.137037037037 0.0666666666667
4 0.157407407407 0.71328125 0.135185185185 0.0744791666667
4 0.182407407407 0.840104166667 0.159259259259 0.0947916666667
4 0.322222222222 0.83671875 0.127777777778 0.0911458333333
4 0.556481481481 0.81171875 0.177777777778 0.0692708333333
4 0.730555555556 0.813802083333 0.161111111111 0.0942708333333
4 0.873148148148 0.81015625 0.137037037037 0.0901041666667
4 0.893055555556 0.12578125 0.212037037037 0.1453125
4 0.266666666667 0.453385416667 0.203703703704 0.0859375
4 0.611574074074 0.4609375 0.225 0.0520833333333
4 0.0305555555556 0.589583333333 0.062962962963 0.0916666666667
4 0.0402777777778 0.7234375 0.0824074074074 0.0833333333333
4 0.0518518518519 0.851041666667 0.105555555556 0.0958333333333
4 0.427777777778 0.812239583333 0.111111111111 0.0630208333333
