1 0.087037037037 0.114583333333 0.0833333333333 0.113541666667
1 0.162037037037 0.112239583333 0.0851851851852 0.115104166667
1 0.24537037037 0.115885416667 0.0962962962963 0.1109375
1 0.327777777778 0.11640625 0.0833333333333 0.1109375
1 0.513888888889 0.120052083333 0.0703703703704 0.105729166667
1 0.586574074074 0.1125 0.0861111111111 0.119791666667
1 0.656944444444 0.11171875 0.0935185185185 0.127604166667
1 0.748611111111 0.11015625 0.0768518518519 0.1296875
1 0.818981481481 0.11328125 0.0898148148148 0.121354166667
1 0.889814814815 0.109895833333 0.101851851852 0.132291666667
1 0.927777777778 0.28125 0.131481481481 0.134375
1 0.821296296296 0.279947916667 0.125925925926 0.1328125
1 0.716666666667 0.274479166667 0.105555555556 0.135416666667
1 0.611111111111 0.274479166667 0.122222222222 0.139583333333
1 0.508333333333 0.271354166667 0.122222222222 0.133333333333
1 0.382407407407 0.273958333333 0.118518518519 0.138541666667
1 0.273148148148 0.27265625 0.125925925926 0.1328125
1 0.157407407407 0.272135416667 0.105555555556 0.1421875
1 0.050462962963 0.267447916667 0.102777777778 0.130729166667
1 0.0472222222222 0.43359375 0.0962962962963 0.128645833333
1 0.160185185185 0.430729166667 0.122222222222 0.129166666667
1 0.287962962963 0.430208333333 0.12037037037 0.130208333333
1 0.458333333333 0.427864583333 0.107407407407 0.121354166667
1 0.956481481481 0.577864583333 0.0851851851852 0.113020833333
1 0.868518518519 0.575520833333 0.101851851852 0.1125
1 0.678703703704 0.573177083333 0.103703703704 0.109895833333
1 0.483333333333 0.572395833333 0.112962962963 0.103125
1 0.352777777778 0.573958333333 0.103703703704 0.105208333333
1 0.108333333333 0.57421875 0.111111111111 0.1203125
1 0.198148148148 0.715885416667 0.101851851852 0.1109375
1 0.292592592593 0.71875 0.0981481481481 0.109375
1 0.378240740741 0.719010416667 0.113888888889 0.118229166667
1 0.482407407407 0.714583333333 0.0962962962963 0.126041666667
1 0.587962962963 0.71640625 0.125925925926 0.1234375
1 0.686111111111 0.718489583333 0.0888888888889 0.1203125
1 0.780555555556 0.71484375 0.111111111111 0.116145833333
1 0.878240740741 0.7171875 0.113888888889 0.110416666667
1 0.951388888889 0.896354166667 0.0953703703704 0.153125
1 0.848148148148 0.887239583333 0.116666666667 0.144270833333
1 0.747685185185 0.888541666667 0.126851851852 0.146875
1 0.628703703704 0.88828125 0.133333333333 0.146354166667
1 0.525 0.885416666667 0.140740740741 0.151041666667
1 0.435648148148 0.115885416667 0.112037037037 0.116145833333
1 0.965277777778 0.109635416667 0.0675925925926 0.130729166667
1 0.0310185185185 0.109895833333 0.0638888888889 0.114583333333
1 0.565277777778 0.433072916667 0.115740740741 0.118229166667
1 0.666203703704 0.434895833333 0.115740740741 0.1125
1 0.763888888889 0.43671875 0.116666666667 0.118229166667
1 0.857407407407 0.437760416667 0.107407407407 0.118229166667
1 0.951851851852 0.4390625 0.0944444444444 0.122916666667
1 0.0342592592593 0.575 0.0703703703704 0.116666666667
1 0.247222222222 0.569010416667 0.105555555556 0.1078125
1 0.57962962963 0.573177083333 0.107407407407 0.106770833333
1 0.768055555556 0.577864583333 0.113888888889 0.1109375
1 0.025 0.725 0.0518518518519 0.104166666667
1 0.0888888888889 0.722395833333 0.105555555556 0.10625
1 0.962037037037 0.713802083333 0.0740740740741 0.1078125
