4 0.0328703703704 0.108072916667 0.0675925925926 0.115104166667
4 0.15787037037 0.116145833333 0.197222222222 0.119791666667
4 0.334722222222 0.119791666667 0.191666666667 0.123958333333
4 0.49212962963 0.134895833333 0.143518518519 0.104166666667
4 0.630555555556 0.14609375 0.157407407407 0.105729166667
4 0.775925925926 0.154947916667 0.151851851852 0.0942708333333
4 0.917592592593 0.158072916667 0.162962962963 0.111979166667
4 0.0518518518519 0.290625 0.105555555556 0.102083333333
4 0.178240740741 0.292447916667 0.162037037037 0.105729166667
4 0.342592592593 0.295572916667 0.159259259259 0.105729166667
4 0.489814814815 0.303125 0.155555555556 0.103125
4 0.633796296296 0.30390625 0.130555555556 0.1015625
4 0.762037037037 0.31796875 0.124074074074 0.0921875
4 0.912037037037 0.315104166667 0.174074074074 0.09375
4 0.0856481481481 0.451302083333 0.173148148148 0.108854166667
4 0.250925925926 0.451302083333 0.175925925926 0.106770833333
4 0.401388888889 0.4609375 0.150925925926 0.102083333333
4 0.571759259259 0.463020833333 0.165740740741 0.090625
4 0.706944444444 0.463802083333 0.165740740741 0.100520833333
4 0.849074074074 0.469791666667 0.164814814815 0.0979166666667
4 0.95787037037 0.462760416667 0.0824074074074 0.119270833333
4 0.0675925925926 0.603385416667 0.137037037037 0.119270833333
4 0.192592592593 0.606770833333 0.157407407407 0.117708333333
4 0.328240740741 0.61015625 0.14537037037 0.1171875
4 0.452777777778 0.611979166667 0.127777777778 0.111458333333
4 0.587962962963 0.613541666667 0.142592592593 0.115625
4 0.711574074074 0.61640625 0.136111111111 0.102604166667
4 0.834259259259 0.61875 0.131481481481 0.0979166666667
4 0.939814814815 0.619791666667 0.118518518519 0.105208333333
4 0.120833333333 0.747916666667 0.178703703704 0.0635416666667
4 0.292592592593 0.754427083333 0.174074074074 0.0786458333333
4 0.436111111111 0.764583333333 0.127777777778 0.10625
4 0.568518518519 0.767708333333 0.146296296296 0.0979166666667
4 0.678703703704 0.765364583333 0.125925925926 0.100520833333
4 0.797222222222 0.761197916667 0.133333333333 0.1015625
4 0.913425925926 0.766927083333 0.137962962963 0.0973958333333
4 0.0652777777778 0.884635416667 0.132407407407 0.0755208333333
4 0.20462962963 0.884635416667 0.172222222222 0.0755208333333
4 0.35787037037 0.886458333333 0.178703703704 0.0864583333333
4 0.544907407407 0.88828125 0.206481481481 0.0994791666667
4 0.729166666667 0.88828125 0.176851851852 0.0921875
4 0.912037037037 0.893489583333 0.174074074074 0.100520833333
