1 0.0916666666667 0.233854166667 0.103703703704 0.104166666667
1 0.250462962963 0.233854166667 0.0990740740741 0.104166666667
1 0.340740740741 0.233854166667 0.0907407407407 0.1
1 0.419907407407 0.238020833333 0.100925925926 0.103125
1 0.613425925926 0.2421875 0.10462962963 0.0833333333333
1 0.688425925926 0.243229166667 0.0953703703704 0.0854166666667
1 0.767592592593 0.250260416667 0.0888888888889 0.0838541666667
1 0.839814814815 0.253125 0.0888888888889 0.09375
1 0.95462962963 0.173177083333 0.0888888888889 0.0828125
1 0.911574074074 0.252864583333 0.0768518518519 0.0869791666667
1 0.965277777778 0.252083333333 0.0675925925926 0.0916666666667
1 0.025 0.388541666667 0.0518518518519 0.13125
1 0.0888888888889 0.388541666667 0.0925925925926 0.13125
1 0.159259259259 0.390364583333 0.0759259259259 0.136979166667
1 0.226388888889 0.3921875 0.0805555555556 0.133333333333
1 0.283333333333 0.39375 0.0907407407407 0.134375
1 0.357407407407 0.394270833333 0.087037037037 0.135416666667
1 0.427777777778 0.39453125 0.0944444444444 0.140104166667
1 0.510648148148 0.3984375 0.110185185185 0.145833333333
1 0.668055555556 0.369010416667 0.0824074074074 0.0755208333333
1 0.666666666667 0.44453125 0.0685185185185 0.0651041666667
1 0.874537037037 0.452083333333 0.0805555555556 0.078125
1 0.0578703703704 0.582291666667 0.0805555555556 0.134375
1 0.124537037037 0.586979166667 0.0953703703704 0.136458333333
1 0.205092592593 0.58125 0.075 0.125
1 0.249074074074 0.592708333333 0.0851851851852 0.130208333333
1 0.302777777778 0.598697916667 0.0722222222222 0.1296875
1 0.368981481481 0.595833333333 0.0805555555556 0.123958333333
1 0.428703703704 0.597395833333 0.0888888888889 0.125
1 0.490740740741 0.598697916667 0.087037037037 0.127604166667
1 0.55787037037 0.568489583333 0.0935185185185 0.141145833333
1 0.643518518519 0.570833333333 0.0907407407407 0.136458333333
1 0.748148148148 0.576041666667 0.107407407407 0.133333333333
1 0.826388888889 0.580989583333 0.0861111111111 0.1390625
1 0.0342592592593 0.7515625 0.0703703703704 0.122916666667
1 0.0837962962963 0.758333333333 0.0787037037037 0.115625
1 0.143981481481 0.760416666667 0.0805555555556 0.113541666667
1 0.2 0.7640625 0.0851851851852 0.11875
1 0.261574074074 0.76640625 0.0768518518519 0.1203125
1 0.31712962963 0.768229166667 0.0768518518519 0.121875
1 0.383333333333 0.770572916667 0.0722222222222 0.121354166667
1 0.450925925926 0.773958333333 0.0925925925926 0.123958333333
1 0.524074074074 0.737760416667 0.0907407407407 0.141145833333
1 0.66712962963 0.746875 0.0935185185185 0.122916666667
1 0.73287037037 0.74453125 0.0935185185185 0.118229166667
1 0.806944444444 0.76015625 0.0935185185185 0.119270833333
1 0.886111111111 0.762239583333 0.107407407407 0.1265625
1 0.951851851852 0.775 0.0944444444444 0.121875
1 0.0513888888889 0.919010416667 0.0805555555556 0.116145833333
1 0.104166666667 0.91796875 0.062037037037 0.116145833333
1 0.156018518519 0.92734375 0.062037037037 0.116145833333
1 0.211574074074 0.92578125 0.0657407407407 0.121354166667
1 0.26712962963 0.93203125 0.0787037037037 0.116145833333
1 0.323148148148 0.93125 0.0722222222222 0.119791666667
1 0.379166666667 0.936458333333 0.0768518518519 0.120833333333
1 0.443518518519 0.936458333333 0.0907407407407 0.120833333333
1 0.543518518519 0.920833333333 0.105555555556 0.15625
1 0.635185185185 0.923958333333 0.107407407407 0.151041666667
1 0.736111111111 0.926302083333 0.124074074074 0.146354166667
1 0.826388888889 0.930989583333 0.102777777778 0.136979166667
1 0.913888888889 0.933333333333 0.118518518519 0.132291666667
