4 0.0634259259259 0.151822916667 0.0898148148148 0.133854166667
4 0.136574074074 0.152083333333 0.0842592592593 0.13125
4 0.222685185185 0.157552083333 0.0805555555556 0.127604166667
4 0.293055555556 0.15859375 0.0712962962963 0.1234375
4 0.360185185185 0.161458333333 0.0814814814815 0.119791666667
4 0.431944444444 0.162760416667 0.0768518518519 0.124479166667
4 0.499074074074 0.16328125 0.0833333333333 0.118229166667
4 0.571759259259 0.165104166667 0.0731481481481 0.119791666667
4 0.639351851852 0.165625 0.0694444444444 0.120833333333
4 0.696296296296 0.166927083333 0.0685185185185 0.116145833333
4 0.753703703704 0.167447916667 0.0648148148148 0.1171875
4 0.837037037037 0.153645833333 0.05 0.0708333333333
4 0.885185185185 0.175260416667 0.0592592592593 0.108854166667
4 0.948148148148 0.175260416667 0.0648148148148 0.1015625
4 0.0666666666667 0.326041666667 0.0833333333333 0.0958333333333
4 0.136574074074 0.325260416667 0.0712962962963 0.0973958333333
4 0.205555555556 0.328385416667 0.0814814814815 0.0932291666667
4 0.275 0.324479166667 0.0648148148148 0.0958333333333
4 0.340740740741 0.32265625 0.0777777777778 0.0921875
4 0.410648148148 0.32578125 0.0768518518519 0.0911458333333
4 0.478240740741 0.325260416667 0.0731481481481 0.0921875
4 0.539814814815 0.323958333333 0.0777777777778 0.0947916666667
4 0.60787037037 0.32421875 0.0601851851852 0.0921875
4 0.724537037037 0.322395833333 0.0638888888889 0.090625
4 0.785648148148 0.320572916667 0.0601851851852 0.0901041666667
4 0.0587962962963 0.46640625 0.075 0.0859375
4 0.126388888889 0.4640625 0.075 0.0885416666667
4 0.19212962963 0.463541666667 0.075 0.0895833333333
4 0.256481481481 0.46171875 0.0648148148148 0.0838541666667
4 0.311574074074 0.462239583333 0.0731481481481 0.0848958333333
4 0.375925925926 0.461458333333 0.0703703703704 0.0864583333333
4 0.434722222222 0.459895833333 0.075 0.0875
4 0.499537037037 0.46171875 0.0638888888889 0.0911458333333
4 0.550462962963 0.460416666667 0.0638888888889 0.0833333333333
4 0.638425925926 0.4578125 0.0712962962963 0.0864583333333
4 0.732407407407 0.45625 0.0611111111111 0.0854166666667
4 0.787962962963 0.458333333333 0.0555555555556 0.08125
4 0.0412037037037 0.597395833333 0.075 0.0791666666667
4 0.103240740741 0.596614583333 0.0657407407407 0.0776041666667
4 0.171296296296 0.5953125 0.0685185185185 0.0802083333333
4 0.227314814815 0.591927083333 0.075 0.0734375
4 0.29212962963 0.591666666667 0.0694444444444 0.0708333333333
4 0.343981481481 0.588802083333 0.062037037037 0.0744791666667
4 0.407407407407 0.5890625 0.0703703703704 0.071875
4 0.463888888889 0.585677083333 0.0685185185185 0.0755208333333
4 0.514351851852 0.586458333333 0.0638888888889 0.0770833333333
4 0.57037037037 0.585677083333 0.0703703703704 0.0755208333333
4 0.626388888889 0.58359375 0.0601851851852 0.0755208333333
4 0.673148148148 0.584114583333 0.0685185185185 0.0744791666667
4 0.727314814815 0.581770833333 0.062037037037 0.0697916666667
4 0.918055555556 0.573697916667 0.075 0.0765625
4 0.974537037037 0.57421875 0.0490740740741 0.0776041666667
4 0.0208333333333 0.716927083333 0.0435185185185 0.0755208333333
4 0.0736111111111 0.715364583333 0.075 0.0765625
4 0.140740740741 0.714583333333 0.0666666666667 0.0729166666667
4 0.2 0.712239583333 0.0703703703704 0.0734375
4 0.264351851852 0.710416666667 0.0731481481481 0.071875
4 0.324074074074 0.70859375 0.0685185185185 0.0755208333333
4 0.382407407407 0.706770833333 0.0666666666667 0.071875
4 0.441203703704 0.703645833333 0.0712962962963 0.0708333333333
4 0.497685185185 0.701822916667 0.0564814814815 0.0744791666667
4 0.549537037037 0.7015625 0.0583333333333 0.0708333333333
4 0.600462962963 0.6984375 0.0583333333333 0.071875
4 0.653240740741 0.697395833333 0.0583333333333 0.071875
4 0.698611111111 0.697916666667 0.0601851851852 0.0729166666667
4 0.748148148148 0.6953125 0.0537037037037 0.0708333333333
4 0.799074074074 0.703645833333 0.0574074074074 0.046875
4 0.913425925926 0.688802083333 0.062037037037 0.0765625
4 0.9625 0.687760416667 0.0657407407407 0.0765625
4 0.0541666666667 0.842447916667 0.0842592592593 0.0932291666667
4 0.117592592593 0.8359375 0.0666666666667 0.0947916666667
4 0.180092592593 0.83359375 0.0638888888889 0.0901041666667
4 0.242592592593 0.831770833333 0.0703703703704 0.090625
4 0.298611111111 0.826822916667 0.0601851851852 0.0911458333333
4 0.35787037037 0.823958333333 0.0731481481481 0.0854166666667
4 0.410648148148 0.823697916667 0.0638888888889 0.0838541666667
4 0.463425925926 0.826302083333 0.0601851851852 0.0921875
4 0.515277777778 0.82421875 0.062037037037 0.0921875
4 0.563425925926 0.82109375 0.0601851851852 0.0911458333333
4 0.612962962963 0.81875 0.062962962963 0.0885416666667
4 0.660648148148 0.816927083333 0.0638888888889 0.0869791666667
4 0.708333333333 0.813541666667 0.0537037037037 0.0875
4 0.75462962963 0.81171875 0.0574074074074 0.0838541666667
4 0.833796296296 0.808072916667 0.0564814814815 0.0838541666667
4 0.896296296296 0.806770833333 0.05 0.0864583333333
4 0.953703703704 0.807552083333 0.0703703703704 0.0848958333333
