1 0.440277777778 0.100260416667 0.117592592593 0.175520833333
1 0.363425925926 0.096875 0.10462962963 0.179166666667
1 0.269444444444 0.0916666666667 0.101851851852 0.171875
1 0.18287037037 0.0890625 0.0953703703704 0.177083333333
1 0.698148148148 0.100260416667 0.12037037037 0.1828125
1 0.798611111111 0.101302083333 0.0861111111111 0.1984375
1 0.465277777778 0.3328125 0.112037037037 0.147916666667
1 0.351388888889 0.336458333333 0.0805555555556 0.155208333333
1 0.590277777778 0.3359375 0.108333333333 0.15
1 0.696296296296 0.340104166667 0.101851851852 0.154166666667
1 0.770833333333 0.3390625 0.0935185185185 0.160416666667
1 0.864814814815 0.333072916667 0.109259259259 0.177604166667
1 0.953240740741 0.3390625 0.0916666666667 0.166666666667
1 0.358796296296 0.561458333333 0.102777777778 0.163541666667
1 0.487037037037 0.570833333333 0.111111111111 0.151041666667
1 0.653703703704 0.583854166667 0.087037037037 0.15625
1 0.744907407407 0.578645833333 0.0898148148148 0.145833333333
1 0.825 0.577083333333 0.0962962962963 0.163541666667
1 0.908333333333 0.587239583333 0.114814814815 0.156770833333
1 0.952777777778 0.772135416667 0.0925925925926 0.1828125
1 0.866666666667 0.766145833333 0.105555555556 0.170833333333
1 0.780092592593 0.769791666667 0.075 0.173958333333
1 0.706018518519 0.771354166667 0.10462962963 0.177083333333
1 0.612037037037 0.76015625 0.12037037037 0.161979166667
1 0.518055555556 0.74453125 0.0805555555556 0.133854166667
1 0.44537037037 0.74609375 0.0833333333333 0.144270833333
1 0.377314814815 0.763541666667 0.0898148148148 0.171875
1 0.286111111111 0.76171875 0.105555555556 0.165104166667
1 0.130555555556 0.933072916667 0.114814814815 0.1328125
1 0.212037037037 0.9390625 0.0740740740741 0.120833333333
1 0.289351851852 0.940104166667 0.0805555555556 0.11875
1 0.371296296296 0.936979166667 0.0833333333333 0.116666666667
1 0.4375 0.938541666667 0.0861111111111 0.121875
1 0.516203703704 0.941666666667 0.0842592592593 0.115625
1 0.576388888889 0.933854166667 0.062037037037 0.116666666667
1 0.653703703704 0.9375 0.0740740740741 0.123958333333
1 0.719907407407 0.940104166667 0.0657407407407 0.11875
1 0.784722222222 0.940104166667 0.0898148148148 0.11875
1 0.874074074074 0.943489583333 0.0962962962963 0.111979166667
1 0.95462962963 0.936458333333 0.0888888888889 0.114583333333
1 0.542592592593 0.11171875 0.0685185185185 0.146354166667
1 0.631944444444 0.117708333333 0.10462962963 0.140625
1 0.963888888889 0.107291666667 0.0703703703704 0.167708333333
1 0.297685185185 0.562239583333 0.0694444444444 0.149479166667
4 0.131018518519 0.339583333333 0.263888888889 0.229166666667
1 0.0425925925926 0.933854166667 0.087037037037 0.13125
1 0.569444444444 0.55234375 0.0740740740741 0.122395833333
