1 0.0175925925926 0.1390625 0.037037037037 0.0947916666667
1 0.0537037037037 0.14609375 0.0555555555556 0.0765625
1 0.114351851852 0.106510416667 0.062037037037 0.0651041666667
1 0.113425925926 0.158072916667 0.0601851851852 0.0546875
1 0.415740740741 0.08984375 0.0888888888889 0.0755208333333
1 0.487962962963 0.090625 0.0814814814815 0.071875
1 0.560185185185 0.0921875 0.0851851851852 0.0729166666667
1 0.631944444444 0.090625 0.0805555555556 0.0697916666667
1 0.711574074074 0.0911458333333 0.062037037037 0.06875
1 0.765740740741 0.0875 0.0759259259259 0.0708333333333
1 0.831481481481 0.08984375 0.0685185185185 0.0640625
1 0.884259259259 0.0919270833333 0.0740740740741 0.0671875
1 0.948148148148 0.13671875 0.0907407407407 0.0859375
1 0.275925925926 0.14765625 0.0925925925926 0.0661458333333
1 0.347222222222 0.15 0.0740740740741 0.0635416666667
1 0.418981481481 0.150520833333 0.0824074074074 0.0625
1 0.488888888889 0.150260416667 0.0833333333333 0.0661458333333
1 0.561574074074 0.151302083333 0.0824074074074 0.0609375
1 0.623611111111 0.15 0.0805555555556 0.06875
1 0.692592592593 0.150520833333 0.0703703703704 0.0625
1 0.757407407407 0.15078125 0.0759259259259 0.0671875
1 0.818518518519 0.153125 0.0703703703704 0.0604166666667
1 0.874537037037 0.153385416667 0.0638888888889 0.0661458333333
1 0.0425925925926 0.315104166667 0.087037037037 0.090625
1 0.130092592593 0.314583333333 0.0935185185185 0.0916666666667
1 0.193055555556 0.313802083333 0.062037037037 0.0994791666667
1 0.258796296296 0.311979166667 0.0787037037037 0.101041666667
1 0.375925925926 0.315104166667 0.0944444444444 0.1
1 0.526851851852 0.312760416667 0.0888888888889 0.0994791666667
1 0.593055555556 0.307291666667 0.0638888888889 0.121875
1 0.671296296296 0.308072916667 0.0851851851852 0.1203125
1 0.743518518519 0.309635416667 0.0888888888889 0.105729166667
1 0.806018518519 0.309114583333 0.075 0.106770833333
1 0.872685185185 0.309375 0.0935185185185 0.111458333333
1 0.936574074074 0.312239583333 0.0768518518519 0.105729166667
1 0.0231481481481 0.471354166667 0.0481481481481 0.102083333333
1 0.0726851851852 0.472395833333 0.0805555555556 0.111458333333
1 0.138425925926 0.482291666667 0.0805555555556 0.1125
1 0.226388888889 0.476822916667 0.0638888888889 0.106770833333
1 0.279166666667 0.484635416667 0.0657407407407 0.1078125
1 0.337962962963 0.4828125 0.0685185185185 0.104166666667
1 0.385185185185 0.482291666667 0.0722222222222 0.101041666667
1 0.453240740741 0.48125 0.0601851851852 0.103125
1 0.491203703704 0.490885416667 0.075 0.108854166667
1 0.540277777778 0.48203125 0.062037037037 0.1078125
1 0.573148148148 0.457291666667 0.05 0.0833333333333
1 0.611574074074 0.459635416667 0.0472222222222 0.0838541666667
1 0.647222222222 0.474479166667 0.0666666666667 0.102083333333
1 0.691666666667 0.484635416667 0.0851851851852 0.115104166667
1 0.770833333333 0.490885416667 0.0787037037037 0.1109375
1 0.836574074074 0.48046875 0.0657407407407 0.1109375
1 0.880092592593 0.475260416667 0.075 0.100520833333
1 0.931481481481 0.471875 0.0703703703704 0.105208333333
1 0.0453703703704 0.664583333333 0.0722222222222 0.111458333333
1 0.1125 0.658854166667 0.0787037037037 0.111458333333
1 0.176388888889 0.637760416667 0.075 0.0880208333333
1 0.231481481481 0.64140625 0.0703703703704 0.0859375
1 0.288425925926 0.662239583333 0.087962962963 0.106770833333
1 0.342592592593 0.642447916667 0.0537037037037 0.0973958333333
1 0.385185185185 0.643489583333 0.0648148148148 0.0973958333333
1 0.419907407407 0.658333333333 0.0638888888889 0.103125
1 0.454166666667 0.64609375 0.0453703703704 0.0973958333333
1 0.5 0.638020833333 0.0685185185185 0.102083333333
1 0.561111111111 0.640625 0.0703703703704 0.103125
1 0.599074074074 0.658072916667 0.0685185185185 0.105729166667
1 0.66712962963 0.65703125 0.0712962962963 0.0984375
1 0.706481481481 0.644270833333 0.0518518518519 0.0958333333333
1 0.753703703704 0.64140625 0.0722222222222 0.0973958333333
1 0.80787037037 0.64609375 0.062037037037 0.0994791666667
1 0.827314814815 0.6609375 0.0842592592593 0.1
1 0.89537037037 0.659375 0.0722222222222 0.105208333333
1 0.952314814815 0.659635416667 0.0787037037037 0.109895833333
1 0.0476851851852 0.808072916667 0.0805555555556 0.127604166667
1 0.152777777778 0.81484375 0.0851851851852 0.136979166667
1 0.237037037037 0.80078125 0.0796296296296 0.130729166667
1 0.296759259259 0.806770833333 0.0805555555556 0.14375
1 0.365740740741 0.812239583333 0.0907407407407 0.147395833333
1 0.439351851852 0.804947916667 0.0953703703704 0.138020833333
