1 0.166666666667 0.156770833333 0.105555555556 0.109375
1 0.0888888888889 0.149739583333 0.087037037037 0.125520833333
1 0.293055555556 0.15390625 0.0935185185185 0.124479166667
1 0.374074074074 0.156770833333 0.0962962962963 0.132291666667
1 0.456018518519 0.15234375 0.0935185185185 0.130729166667
1 0.530092592593 0.155989583333 0.0935185185185 0.1203125
1 0.597685185185 0.1515625 0.0898148148148 0.125
1 0.707407407407 0.164322916667 0.101851851852 0.103645833333
1 0.793518518519 0.34921875 0.111111111111 0.165104166667
1 0.866203703704 0.342447916667 0.0990740740741 0.1671875
1 0.928703703704 0.347916666667 0.0925925925926 0.153125
1 0.652314814815 0.3390625 0.108333333333 0.15625
1 0.553703703704 0.33828125 0.112962962963 0.1453125
1 0.414351851852 0.3328125 0.0935185185185 0.15625
1 0.332407407407 0.330729166667 0.103703703704 0.15
1 0.237037037037 0.329166666667 0.0907407407407 0.153125
1 0.168981481481 0.327083333333 0.0990740740741 0.15625
1 0.0967592592593 0.326041666667 0.0712962962963 0.147916666667
1 0.0333333333333 0.32890625 0.0685185185185 0.1421875
1 0.131018518519 0.9140625 0.115740740741 0.170833333333
1 0.0333333333333 0.1609375 0.0685185185185 0.104166666667
1 0.234259259259 0.1546875 0.0777777777778 0.116666666667
1 0.660648148148 0.162239583333 0.0638888888889 0.108854166667
1 0.837037037037 0.179427083333 0.127777777778 0.0765625
1 0.489351851852 0.337760416667 0.0861111111111 0.1421875
1 0.0268518518519 0.54765625 0.0555555555556 0.134895833333
1 0.0898148148148 0.538802083333 0.0703703703704 0.1265625
1 0.146759259259 0.546614583333 0.0805555555556 0.1296875
1 0.237962962963 0.56484375 0.12037037037 0.136979166667
1 0.358333333333 0.559375 0.0925925925926 0.134375
1 0.45462962963 0.566145833333 0.0888888888889 0.132291666667
1 0.511574074074 0.54765625 0.0787037037037 0.1296875
1 0.561111111111 0.573177083333 0.087037037037 0.136979166667
1 0.635185185185 0.5609375 0.0833333333333 0.133333333333
1 0.683333333333 0.52734375 0.0685185185185 0.109895833333
1 0.789351851852 0.561458333333 0.0861111111111 0.132291666667
1 0.857407407407 0.560416666667 0.0907407407407 0.130208333333
1 0.928240740741 0.569270833333 0.100925925926 0.133333333333
1 0.973611111111 0.555208333333 0.0509259259259 0.133333333333
1 0.0467592592593 0.709114583333 0.0953703703704 0.1171875
1 0.136111111111 0.716666666667 0.109259259259 0.120833333333
1 0.224074074074 0.719270833333 0.111111111111 0.125
1 0.319444444444 0.734114583333 0.112962962963 0.143229166667
1 0.400462962963 0.721354166667 0.0824074074074 0.120833333333
1 0.478703703704 0.722395833333 0.1 0.11875
1 0.560648148148 0.742708333333 0.115740740741 0.152083333333
1 0.652777777778 0.726302083333 0.105555555556 0.119270833333
1 0.727777777778 0.73046875 0.107407407407 0.127604166667
1 0.796296296296 0.745572916667 0.125925925926 0.141145833333
1 0.893981481481 0.72109375 0.0990740740741 0.108854166667
1 0.954166666667 0.7171875 0.0861111111111 0.105208333333
1 0.0393518518519 0.902864583333 0.0805555555556 0.150520833333
1 0.237962962963 0.92109375 0.107407407407 0.156770833333
1 0.339351851852 0.91640625 0.119444444444 0.158854166667
1 0.427314814815 0.919270833333 0.112037037037 0.160416666667
1 0.524537037037 0.923958333333 0.119444444444 0.151041666667
1 0.617592592593 0.915104166667 0.0962962962963 0.15
1 0.768981481481 0.925260416667 0.132407407407 0.1484375
1 0.865277777778 0.903385416667 0.0953703703704 0.1078125
1 0.949074074074 0.906770833333 0.1 0.104166666667
