4 0.0921296296296 0.10859375 0.186111111111 0.125520833333
4 0.298611111111 0.107552083333 0.208333333333 0.1328125
4 0.543981481481 0.103125 0.221296296296 0.169791666667
4 0.725925925926 0.1453125 0.157407407407 0.078125
4 0.90462962963 0.136979166667 0.185185185185 0.113541666667
4 0.100462962963 0.2828125 0.202777777778 0.1125
4 0.298611111111 0.2828125 0.191666666667 0.1125
4 0.5125 0.295572916667 0.237962962963 0.1234375
4 0.728240740741 0.293489583333 0.208333333333 0.1078125
4 0.9125 0.29453125 0.173148148148 0.1015625
4 0.0666666666667 0.444791666667 0.135185185185 0.103125
4 0.1875 0.443489583333 0.202777777778 0.100520833333
4 0.364814814815 0.444791666667 0.185185185185 0.0958333333333
4 0.507407407407 0.443229166667 0.142592592593 0.096875
4 0.644907407407 0.441927083333 0.134259259259 0.0921875
4 0.780092592593 0.441927083333 0.147222222222 0.0921875
4 0.918981481481 0.439583333333 0.136111111111 0.0875
4 0.177314814815 0.588541666667 0.180555555556 0.0822916666667
4 0.0509259259259 0.589322916667 0.101851851852 0.0828125
4 0.373611111111 0.58125 0.143518518519 0.0729166666667
4 0.522685185185 0.582291666667 0.165740740741 0.078125
4 0.652777777778 0.578645833333 0.142592592593 0.078125
4 0.803240740741 0.575260416667 0.134259259259 0.0755208333333
4 0.917592592593 0.571614583333 0.135185185185 0.0755208333333
4 0.0717592592593 0.71328125 0.14537037037 0.0755208333333
4 0.212962962963 0.712239583333 0.159259259259 0.0828125
4 0.35462962963 0.70625 0.12962962963 0.0802083333333
4 0.488425925926 0.705729166667 0.15462962963 0.08125
4 0.626388888889 0.701041666667 0.149074074074 0.0791666666667
4 0.760185185185 0.697395833333 0.127777777778 0.0760416666667
4 0.880555555556 0.687760416667 0.144444444444 0.0651041666667
4 0.162037037037 0.8265625 0.194444444444 0.078125
4 0.334722222222 0.8359375 0.175 0.10625
4 0.504166666667 0.827604166667 0.149074074074 0.104166666667
4 0.650925925926 0.8078125 0.159259259259 0.08125
4 0.799074074074 0.809114583333 0.138888888889 0.0984375
4 0.932407407407 0.803385416667 0.133333333333 0.0932291666667
