1 0.0546296296296 0.14765625 0.103703703704 0.0661458333333
1 0.1375 0.155208333333 0.0787037037037 0.053125
1 0.194444444444 0.107291666667 0.087037037037 0.0364583333333
1 0.265740740741 0.108333333333 0.0759259259259 0.0364583333333
1 0.335648148148 0.107291666667 0.0731481481481 0.0364583333333
1 0.40462962963 0.109114583333 0.0833333333333 0.0348958333333
1 0.477314814815 0.10859375 0.0805555555556 0.0338541666667
1 0.552777777778 0.112239583333 0.087037037037 0.0348958333333
1 0.201851851852 0.15390625 0.0722222222222 0.0557291666667
1 0.270833333333 0.153385416667 0.0916666666667 0.0567708333333
1 0.347222222222 0.153645833333 0.0703703703704 0.0614583333333
1 0.414814814815 0.15234375 0.0740740740741 0.0588541666667
1 0.478703703704 0.151822916667 0.087037037037 0.0651041666667
1 0.551851851852 0.15234375 0.0648148148148 0.0619791666667
1 0.612037037037 0.154166666667 0.0703703703704 0.0510416666667
1 0.659722222222 0.15703125 0.0546296296296 0.0567708333333
1 0.707407407407 0.154166666667 0.0703703703704 0.053125
1 0.767592592593 0.153645833333 0.0685185185185 0.059375
1 0.834722222222 0.151041666667 0.0657407407407 0.0614583333333
1 0.819444444444 0.0875 0.0685185185185 0.0291666666667
1 0.874537037037 0.0903645833333 0.0601851851852 0.0348958333333
1 0.924074074074 0.0916666666667 0.0759259259259 0.0322916666667
1 0.975462962963 0.08828125 0.0472222222222 0.0328125
1 0.89212962963 0.151302083333 0.0583333333333 0.0682291666667
1 0.944907407407 0.15 0.0638888888889 0.0729166666667
1 0.980555555556 0.14609375 0.037037037037 0.0671875
1 0.0310185185185 0.276302083333 0.0638888888889 0.1171875
1 0.0740740740741 0.298177083333 0.0685185185185 0.0755208333333
1 0.149537037037 0.2796875 0.123148148148 0.123958333333
1 0.285185185185 0.278645833333 0.131481481481 0.121875
1 0.392592592593 0.278645833333 0.127777777778 0.123958333333
1 0.481481481481 0.298177083333 0.0685185185185 0.0828125
1 0.637037037037 0.275 0.127777777778 0.126041666667
1 0.749074074074 0.276302083333 0.122222222222 0.128645833333
1 0.836111111111 0.300520833333 0.0888888888889 0.0875
1 0.923611111111 0.278645833333 0.0990740740741 0.128125
1 0.0310185185185 0.41640625 0.0638888888889 0.105729166667
1 0.0907407407407 0.419791666667 0.0888888888889 0.110416666667
1 0.163888888889 0.42265625 0.103703703704 0.1109375
1 0.243055555556 0.436979166667 0.0675925925926 0.0729166666667
1 0.373611111111 0.431770833333 0.119444444444 0.122916666667
1 0.45787037037 0.425 0.0787037037037 0.113541666667
1 0.51712962963 0.420833333333 0.0805555555556 0.103125
1 0.600462962963 0.42890625 0.136111111111 0.119270833333
1 0.704166666667 0.425 0.0972222222222 0.104166666667
1 0.770833333333 0.434114583333 0.062037037037 0.0973958333333
1 0.843055555556 0.43359375 0.119444444444 0.1265625
1 0.0208333333333 0.5546875 0.0435185185185 0.0927083333333
1 0.104166666667 0.544270833333 0.0953703703704 0.071875
1 0.184722222222 0.54921875 0.0990740740741 0.0776041666667
1 0.291666666667 0.558072916667 0.107407407407 0.0901041666667
1 0.396296296296 0.564322916667 0.124074074074 0.105729166667
1 0.509259259259 0.5609375 0.127777777778 0.101041666667
1 0.614814814815 0.56171875 0.0907407407407 0.0973958333333
1 0.707407407407 0.56953125 0.107407407407 0.106770833333
1 0.812962962963 0.570833333333 0.0925925925926 0.111458333333
1 0.0453703703704 0.687239583333 0.0925925925926 0.0869791666667
1 0.190740740741 0.688802083333 0.087037037037 0.0901041666667
1 0.278240740741 0.702083333333 0.0935185185185 0.1125
1 0.364351851852 0.698697916667 0.100925925926 0.1078125
1 0.531018518519 0.704947916667 0.100925925926 0.106770833333
1 0.617592592593 0.705208333333 0.0962962962963 0.102083333333
1 0.707407407407 0.705208333333 0.107407407407 0.111458333333
1 0.797685185185 0.707291666667 0.0990740740741 0.113541666667
1 0.049537037037 0.870833333333 0.100925925926 0.134375
1 0.121759259259 0.890885416667 0.0675925925926 0.0682291666667
1 0.194907407407 0.8421875 0.119444444444 0.114583333333
1 0.309259259259 0.847916666667 0.109259259259 0.126041666667
1 0.379166666667 0.875260416667 0.113888888889 0.143229166667
1 0.450925925926 0.909895833333 0.0518518518519 0.071875
1 0.517592592593 0.8734375 0.127777777778 0.13125
1 0.6 0.906510416667 0.0574074074074 0.0671875
1 0.672222222222 0.883333333333 0.131481481481 0.127083333333
1 0.747222222222 0.915625 0.0648148148148 0.0677083333333
1 0.822222222222 0.87734375 0.140740740741 0.136979166667
1 0.948611111111 0.893229166667 0.100925925926 0.135416666667
