6 0.475 0.292447916667 0.125925925926 0.0765625
6 0.603240740741 0.2953125 0.115740740741 0.0802083333333
6 0.603240740741 0.221614583333 0.106481481481 0.0515625
6 0.731481481481 0.2984375 0.109259259259 0.0791666666667
6 0.851851851852 0.303385416667 0.122222222222 0.0744791666667
6 0.505092592593 0.475260416667 0.100925925926 0.0734375
6 0.607407407407 0.473958333333 0.0981481481481 0.0854166666667
6 0.705092592593 0.476041666667 0.0898148148148 0.08125
6 0.762037037037 0.419791666667 0.140740740741 0.071875
6 0.814814814815 0.48125 0.107407407407 0.078125
6 0.939814814815 0.479947916667 0.114814814815 0.0807291666667
6 0.538888888889 0.599479166667 0.12962962963 0.071875
6 0.472222222222 0.650260416667 0.0981481481481 0.0848958333333
6 0.581481481481 0.655729166667 0.125925925926 0.0791666666667
6 0.711111111111 0.659895833333 0.114814814815 0.0875
6 0.821759259259 0.666927083333 0.106481481481 0.0755208333333
6 0.912037037037 0.665104166667 0.0944444444444 0.084375
6 0.765277777778 0.61015625 0.150925925926 0.0671875
6 0.0819444444444 0.800260416667 0.108333333333 0.0755208333333
6 0.230092592593 0.915885416667 0.137962962963 0.0921875
6 0.0685185185185 0.888541666667 0.138888888889 0.0708333333333
