4 0.0537037037037 0.0549479166667 0.109259259259 0.1109375
4 0.175925925926 0.0575520833333 0.17037037037 0.116145833333
4 0.331018518519 0.0591145833333 0.163888888889 0.119270833333
4 0.480555555556 0.0598958333333 0.17037037037 0.120833333333
4 0.646759259259 0.06328125 0.137962962963 0.127604166667
4 0.925925925926 0.0919270833333 0.146296296296 0.0848958333333
4 0.0699074074074 0.254947916667 0.141666666667 0.0994791666667
4 0.231944444444 0.240104166667 0.269444444444 0.133333333333
4 0.45 0.241927083333 0.188888888889 0.147395833333
4 0.676388888889 0.247135416667 0.189814814815 0.152604166667
4 0.852777777778 0.279427083333 0.0685185185185 0.0932291666667
4 0.918981481481 0.260416666667 0.0675925925926 0.126041666667
4 0.97037037037 0.261458333333 0.0574074074074 0.123958333333
4 0.118981481481 0.401822916667 0.237962962963 0.141145833333
4 0.306944444444 0.409114583333 0.191666666667 0.143229166667
4 0.460648148148 0.406770833333 0.134259259259 0.13125
4 0.6375 0.421614583333 0.191666666667 0.147395833333
4 0.887037037037 0.426302083333 0.212962962963 0.118229166667
4 0.087962962963 0.579427083333 0.164814814815 0.1359375
4 0.243518518519 0.583072916667 0.153703703704 0.133854166667
4 0.425462962963 0.577083333333 0.182407407407 0.14375
4 0.608796296296 0.581770833333 0.176851851852 0.136458333333
4 0.813888888889 0.609114583333 0.211111111111 0.119270833333
4 0.951388888889 0.60546875 0.0953703703704 0.1171875
4 0.0476851851852 0.740625 0.0972222222222 0.128125
4 0.182407407407 0.744791666667 0.187037037037 0.127083333333
4 0.358796296296 0.75078125 0.180555555556 0.1265625
4 0.531018518519 0.749479166667 0.178703703704 0.129166666667
4 0.802777777778 0.758072916667 0.335185185185 0.133854166667
4 0.0444444444444 0.872916666667 0.0907407407407 0.06875
4 0.0453703703704 0.931770833333 0.0925925925926 0.0552083333333
4 0.173611111111 0.877604166667 0.19537037037 0.06875
4 0.175925925926 0.93671875 0.187037037037 0.0578125
4 0.362962962963 0.88359375 0.185185185185 0.0755208333333
4 0.361111111111 0.947916666667 0.185185185185 0.05625
4 0.543981481481 0.884895833333 0.182407407407 0.0708333333333
4 0.54212962963 0.947395833333 0.178703703704 0.059375
4 0.772685185185 0.913541666667 0.276851851852 0.120833333333
4 0.956944444444 0.909895833333 0.0842592592593 0.113541666667
