2 0.237962962963 0.15625 0.211111111111 0.122916666667
2 0.0912037037037 0.16171875 0.121296296296 0.119270833333
2 0.432407407407 0.141927083333 0.224074074074 0.100520833333
2 0.868518518519 0.0385416666667 0.187037037037 0.078125
2 0.885185185185 0.113541666667 0.159259259259 0.0791666666667
2 0.952777777778 0.2796875 0.0925925925926 0.103125
2 0.956944444444 0.381510416667 0.0842592592593 0.0942708333333
2 0.848148148148 0.284895833333 0.162962962963 0.102083333333
2 0.844907407407 0.379166666667 0.139814814815 0.0989583333333
2 0.681018518519 0.37578125 0.208333333333 0.0828125
2 0.476388888889 0.3578125 0.226851851852 0.113541666667
2 0.24537037037 0.363020833333 0.216666666667 0.103125
2 0.236111111111 0.53671875 0.198148148148 0.0734375
2 0.252314814815 0.5953125 0.202777777778 0.0604166666667
2 0.062037037037 0.537760416667 0.125925925926 0.0640625
2 0.0569444444444 0.590364583333 0.115740740741 0.0671875
2 0.454166666667 0.61875 0.230555555556 0.059375
2 0.682407407407 0.616927083333 0.201851851852 0.0651041666667
2 0.852314814815 0.53203125 0.167592592593 0.103645833333
2 0.859722222222 0.615885416667 0.136111111111 0.0932291666667
2 0.95462962963 0.533072916667 0.0888888888889 0.0942708333333
2 0.946759259259 0.617708333333 0.100925925926 0.0916666666667
2 0.114814814815 0.74375 0.201851851852 0.103125
2 0.285185185185 0.72578125 0.161111111111 0.118229166667
2 0.468518518519 0.80703125 0.177777777778 0.0671875
2 0.463425925926 0.758333333333 0.171296296296 0.0583333333333
2 0.688888888889 0.76875 0.181481481481 0.0583333333333
2 0.705092592593 0.817708333333 0.206481481481 0.0802083333333
2 0.896296296296 0.740885416667 0.168518518519 0.0973958333333
2 0.900925925926 0.825 0.144444444444 0.101041666667
2 0.0680555555556 0.883854166667 0.137962962963 0.075
2 0.174074074074 0.941666666667 0.212962962963 0.0677083333333
2 0.348148148148 0.964583333333 0.22037037037 0.0697916666667
2 0.0773148148148 0.354166666667 0.156481481481 0.0697916666667
2 0.896759259259 0.965625 0.115740740741 0.0677083333333
