4 0.10787037037 0.0580729166667 0.217592592593 0.1171875
4 0.300925925926 0.0515625 0.2 0.104166666667
4 0.49212962963 0.0484375 0.197222222222 0.0979166666667
4 0.887037037037 0.0419270833333 0.187037037037 0.0848958333333
4 0.188425925926 0.263802083333 0.267592592593 0.109895833333
4 0.428703703704 0.257291666667 0.224074074074 0.0989583333333
4 0.613888888889 0.22578125 0.17962962963 0.1484375
4 0.811111111111 0.197916666667 0.22962962963 0.104166666667
4 0.790740740741 0.272916666667 0.188888888889 0.0614583333333
4 0.176851851852 0.440104166667 0.185185185185 0.147916666667
4 0.309259259259 0.429427083333 0.111111111111 0.150520833333
4 0.454166666667 0.416927083333 0.173148148148 0.1515625
4 0.589814814815 0.428385416667 0.116666666667 0.128645833333
4 0.713425925926 0.409635416667 0.208333333333 0.149479166667
4 0.871759259259 0.401302083333 0.191666666667 0.149479166667
4 0.245833333333 0.607291666667 0.149074074074 0.132291666667
4 0.371296296296 0.59609375 0.109259259259 0.105729166667
4 0.493981481481 0.597395833333 0.147222222222 0.121875
4 0.610648148148 0.586458333333 0.113888888889 0.110416666667
4 0.738888888889 0.590625 0.144444444444 0.104166666667
4 0.880555555556 0.58046875 0.15 0.109895833333
4 0.366666666667 0.771614583333 0.203703703704 0.134895833333
4 0.481944444444 0.771614583333 0.141666666667 0.1015625
4 0.613888888889 0.760416666667 0.17962962963 0.119791666667
4 0.80787037037 0.756770833333 0.180555555556 0.121875
4 0.925462962963 0.738020833333 0.0935185185185 0.105208333333
4 0.152314814815 0.954947916667 0.20462962963 0.0901041666667
4 0.340277777778 0.945572916667 0.137962962963 0.108854166667
4 0.465740740741 0.94375 0.131481481481 0.1125
4 0.62962962963 0.950260416667 0.142592592593 0.0994791666667
4 0.766203703704 0.94375 0.149074074074 0.110416666667
4 0.921759259259 0.940104166667 0.15462962963 0.119791666667
1 0.0560185185185 0.619270833333 0.113888888889 0.120833333333
1 0.0328703703704 0.4609375 0.0675925925926 0.0947916666667
