4 0.423148148148 0.0705729166667 0.127777777778 0.118229166667
4 0.122685185185 0.232291666667 0.149074074074 0.0895833333333
4 0.261574074074 0.235416666667 0.197222222222 0.121875
4 0.408796296296 0.24375 0.191666666667 0.129166666667
4 0.575462962963 0.241145833333 0.208333333333 0.129166666667
4 0.753703703704 0.24296875 0.216666666667 0.168229166667
4 0.915277777778 0.190104166667 0.167592592593 0.117708333333
4 0.931018518519 0.287760416667 0.136111111111 0.0932291666667
4 0.0740740740741 0.385677083333 0.15 0.0921875
4 0.192592592593 0.389583333333 0.183333333333 0.102083333333
4 0.318518518519 0.386458333333 0.112962962963 0.155208333333
4 0.489351851852 0.411979166667 0.178703703704 0.120833333333
4 0.657407407407 0.419270833333 0.218518518519 0.152083333333
4 0.856944444444 0.444791666667 0.221296296296 0.138541666667
4 0.186574074074 0.544791666667 0.165740740741 0.105208333333
4 0.3125 0.576302083333 0.176851851852 0.1015625
4 0.449074074074 0.592708333333 0.174074074074 0.107291666667
4 0.636111111111 0.604947916667 0.181481481481 0.1640625
4 0.8 0.649739583333 0.233333333333 0.109895833333
4 0.475 0.75859375 0.155555555556 0.108854166667
4 0.618981481481 0.740104166667 0.189814814815 0.14375
4 0.805555555556 0.7703125 0.248148148148 0.170833333333
4 0.943981481481 0.792447916667 0.110185185185 0.1390625
4 0.151851851852 0.678645833333 0.155555555556 0.078125
4 0.231018518519 0.715104166667 0.178703703704 0.09375
4 0.572685185185 0.88125 0.160185185185 0.154166666667
4 0.795833333333 0.9359375 0.178703703704 0.111458333333
4 0.925925925926 0.93671875 0.146296296296 0.1265625
4 0.415277777778 0.856770833333 0.162037037037 0.110416666667
4 0.248148148148 0.847135416667 0.17037037037 0.0817708333333
4 0.159722222222 0.808333333333 0.180555555556 0.0875
