1 0.119444444444 0.176822916667 0.105555555556 0.0921875
1 0.199537037037 0.177604166667 0.0805555555556 0.0697916666667
1 0.29537037037 0.175 0.111111111111 0.0927083333333
1 0.377314814815 0.176822916667 0.0898148148148 0.0786458333333
1 0.456018518519 0.170572916667 0.0805555555556 0.1046875
1 0.524074074074 0.17265625 0.0796296296296 0.1109375
1 0.833796296296 0.169010416667 0.108333333333 0.115104166667
1 0.834259259259 0.255729166667 0.101851851852 0.0979166666667
1 0.758333333333 0.252083333333 0.0925925925926 0.090625
1 0.684259259259 0.248697916667 0.0740740740741 0.0838541666667
1 0.605555555556 0.248697916667 0.0833333333333 0.0838541666667
1 0.530092592593 0.253125 0.062037037037 0.078125
1 0.457407407407 0.246875 0.0833333333333 0.0697916666667
1 0.381944444444 0.248697916667 0.075 0.0734375
1 0.314351851852 0.252083333333 0.0805555555556 0.0697916666667
1 0.206018518519 0.247135416667 0.141666666667 0.0869791666667
1 0.0592592592593 0.246875 0.12037037037 0.090625
1 0.131944444444 0.403385416667 0.149074074074 0.146354166667
1 0.231018518519 0.40078125 0.0990740740741 0.1515625
1 0.303240740741 0.404166666667 0.0712962962963 0.151041666667
1 0.380555555556 0.40234375 0.101851851852 0.133854166667
1 0.440277777778 0.398177083333 0.0805555555556 0.149479166667
1 0.510185185185 0.4 0.0888888888889 0.166666666667
1 0.620833333333 0.406770833333 0.108333333333 0.142708333333
1 0.699537037037 0.413802083333 0.0805555555556 0.128645833333
1 0.771296296296 0.412239583333 0.0925925925926 0.128645833333
1 0.844907407407 0.422395833333 0.0935185185185 0.135416666667
1 0.923611111111 0.413020833333 0.102777777778 0.1375
1 0.962037037037 0.58203125 0.0740740740741 0.125520833333
1 0.899074074074 0.58125 0.0962962962963 0.127083333333
1 0.81712962963 0.5828125 0.10462962963 0.127083333333
1 0.750925925926 0.574479166667 0.114814814815 0.116666666667
1 0.583796296296 0.570833333333 0.0898148148148 0.119791666667
1 0.466666666667 0.56484375 0.0962962962963 0.128645833333
1 0.400462962963 0.565625 0.0861111111111 0.140625
1 0.338888888889 0.56640625 0.0925925925926 0.1390625
1 0.266203703704 0.559375 0.108333333333 0.142708333333
1 0.122685185185 0.563020833333 0.112037037037 0.135416666667
1 0.05 0.555989583333 0.101851851852 0.1359375
1 0.9375 0.756510416667 0.112037037037 0.130729166667
1 0.851388888889 0.755729166667 0.0990740740741 0.129166666667
1 0.784722222222 0.748958333333 0.0953703703704 0.132291666667
1 0.721296296296 0.741145833333 0.087037037037 0.1375
1 0.667592592593 0.73671875 0.0962962962963 0.1390625
1 0.601388888889 0.727083333333 0.0990740740741 0.155208333333
1 0.528703703704 0.722916666667 0.114814814815 0.153125
1 0.398611111111 0.730729166667 0.108333333333 0.147916666667
1 0.278703703704 0.7375 0.0962962962963 0.127083333333
1 0.2125 0.723697916667 0.0990740740741 0.1203125
1 0.156481481481 0.723697916667 0.087037037037 0.130729166667
1 0.100925925926 0.722916666667 0.105555555556 0.121875
1 0.0861111111111 0.910416666667 0.111111111111 0.159375
1 0.196759259259 0.904427083333 0.117592592593 0.168229166667
1 0.271296296296 0.913802083333 0.0925925925926 0.152604166667
1 0.354166666667 0.906770833333 0.117592592593 0.166666666667
1 0.564351851852 0.913541666667 0.302777777778 0.163541666667
