3 0.124074074074 0.35625 0.157407407407 0.291666666667
3 0.268981481481 0.315625 0.160185185185 0.223958333333
3 0.403703703704 0.310416666667 0.17962962963 0.261458333333
3 0.530555555556 0.312239583333 0.155555555556 0.241145833333
3 0.931018518519 0.2984375 0.136111111111 0.2375
4 0.805555555556 0.30859375 0.142592592593 0.224479166667
3 0.673611111111 0.335677083333 0.149074074074 0.259895833333
3 0.841203703704 0.667447916667 0.14537037037 0.2671875
3 0.722222222222 0.673697916667 0.142592592593 0.277604166667
3 0.594907407407 0.692708333333 0.147222222222 0.295833333333
3 0.458333333333 0.680208333333 0.162962962963 0.259375
3 0.332407407407 0.6953125 0.153703703704 0.269791666667
3 0.194907407407 0.7 0.158333333333 0.278125
5 0.0712962962963 0.711458333333 0.144444444444 0.248958333333
3 0.951388888889 0.64765625 0.0953703703704 0.234895833333
