2 0.0824074074074 0.0369791666667 0.166666666667 0.075
2 0.290740740741 0.03515625 0.294444444444 0.0713541666667
2 0.0787037037037 0.136197916667 0.159259259259 0.147395833333
2 0.291666666667 0.107291666667 0.27962962963 0.195833333333
2 0.630555555556 0.0984375 0.403703703704 0.1875
2 0.899074074074 0.0825520833333 0.2 0.166145833333
2 0.113425925926 0.459635416667 0.228703703704 0.134895833333
2 0.338888888889 0.33125 0.27962962963 0.155208333333
2 0.349074074074 0.470572916667 0.288888888889 0.156770833333
2 0.669907407407 0.319010416667 0.415740740741 0.191145833333
2 0.921296296296 0.31796875 0.155555555556 0.209895833333
2 0.648611111111 0.485677083333 0.360185185185 0.158854166667
2 0.90462962963 0.498177083333 0.188888888889 0.161979166667
2 0.118518518519 0.717708333333 0.238888888889 0.125
2 0.360648148148 0.63046875 0.269444444444 0.1171875
2 0.373148148148 0.740885416667 0.274074074074 0.1296875
2 0.641203703704 0.667447916667 0.297222222222 0.115104166667
2 0.887962962963 0.69765625 0.222222222222 0.165104166667
2 0.658796296296 0.791927083333 0.315740740741 0.1484375
2 0.90462962963 0.833072916667 0.188888888889 0.1078125
2 0.223611111111 0.881510416667 0.230555555556 0.149479166667
2 0.075462962963 0.8421875 0.152777777778 0.123958333333
2 0.0662037037037 0.972135416667 0.134259259259 0.0546875
2 0.438888888889 0.915885416667 0.224074074074 0.1671875
2 0.67962962963 0.933333333333 0.318518518519 0.132291666667
