4 0.0925925925926 0.13359375 0.146296296296 0.1015625
4 0.273148148148 0.131770833333 0.140740740741 0.121875
4 0.422222222222 0.1484375 0.112962962963 0.0958333333333
4 0.54212962963 0.145052083333 0.136111111111 0.1078125
4 0.673148148148 0.14296875 0.137037037037 0.108854166667
4 0.802314814815 0.1484375 0.149074074074 0.110416666667
4 0.940740740741 0.148958333333 0.116666666667 0.10625
4 0.115740740741 0.29921875 0.168518518519 0.0828125
4 0.264351851852 0.30546875 0.132407407407 0.0671875
4 0.386111111111 0.30859375 0.109259259259 0.0828125
4 0.451851851852 0.32265625 0.112962962963 0.0588541666667
4 0.605555555556 0.31171875 0.153703703704 0.0911458333333
4 0.75787037037 0.31796875 0.175 0.0848958333333
4 0.932407407407 0.301041666667 0.133333333333 0.133333333333
4 0.0773148148148 0.44375 0.156481481481 0.1125
4 0.226388888889 0.447916666667 0.136111111111 0.120833333333
4 0.371759259259 0.453125 0.150925925926 0.121875
4 0.487962962963 0.451822916667 0.0962962962963 0.1171875
4 0.605092592593 0.454947916667 0.0898148148148 0.118229166667
4 0.714351851852 0.457291666667 0.137962962963 0.120833333333
4 0.87037037037 0.456770833333 0.17037037037 0.127083333333
4 0.964814814815 0.466145833333 0.0685185185185 0.1125
4 0.214814814815 0.59609375 0.185185185185 0.124479166667
4 0.405555555556 0.600260416667 0.172222222222 0.0942708333333
4 0.528240740741 0.592447916667 0.0842592592593 0.100520833333
4 0.603240740741 0.585416666667 0.0898148148148 0.0885416666667
4 0.720833333333 0.594791666667 0.121296296296 0.0979166666667
4 0.891203703704 0.6140625 0.178703703704 0.0864583333333
4 0.0314814814815 0.736458333333 0.0648148148148 0.121875
4 0.138425925926 0.737760416667 0.163888888889 0.115104166667
4 0.268981481481 0.740625 0.106481481481 0.102083333333
4 0.368981481481 0.73828125 0.106481481481 0.108854166667
4 0.476388888889 0.742708333333 0.123148148148 0.107291666667
4 0.680555555556 0.744791666667 0.274074074074 0.119791666667
4 0.905092592593 0.7484375 0.187962962963 0.0979166666667
4 0.0759259259259 0.894270833333 0.153703703704 0.144791666667
4 0.2875 0.877864583333 0.239814814815 0.1109375
4 0.303703703704 0.94921875 0.172222222222 0.0421875
4 0.496759259259 0.919270833333 0.193518518519 0.0947916666667
4 0.715740740741 0.91875 0.22037037037 0.129166666667
4 0.873611111111 0.86328125 0.163888888889 0.0609375
4 0.890277777778 0.94140625 0.180555555556 0.0911458333333
