2 0.356018518519 0.147135416667 0.237962962963 0.1203125
2 0.57962962963 0.1359375 0.216666666667 0.121875
2 0.80462962963 0.21484375 0.216666666667 0.109895833333
2 0.158333333333 0.256770833333 0.262962962963 0.0854166666667
2 0.806481481481 0.40859375 0.216666666667 0.0984375
2 0.625462962963 0.41640625 0.210185185185 0.0994791666667
2 0.425462962963 0.3546875 0.228703703704 0.0625
2 0.431481481481 0.438802083333 0.235185185185 0.0817708333333
2 0.197222222222 0.36328125 0.259259259259 0.0911458333333
2 0.217592592593 0.451041666667 0.225925925926 0.0822916666667
2 0.229166666667 0.563802083333 0.206481481481 0.0817708333333
2 0.42037037037 0.552604166667 0.188888888889 0.0875
2 0.618055555556 0.54140625 0.187962962963 0.0890625
2 0.818055555556 0.607552083333 0.178703703704 0.0953125
2 0.650462962963 0.61953125 0.20462962963 0.0890625
2 0.45 0.630729166667 0.222222222222 0.0770833333333
2 0.256944444444 0.645572916667 0.206481481481 0.0817708333333
2 0.275925925926 0.75625 0.194444444444 0.0697916666667
2 0.481018518519 0.739322916667 0.191666666667 0.0817708333333
2 0.664351851852 0.720833333333 0.19537037037 0.090625
2 0.841666666667 0.709635416667 0.185185185185 0.0713541666667
2 0.852777777778 0.790625 0.207407407407 0.0833333333333
2 0.66712962963 0.803645833333 0.182407407407 0.0645833333333
2 0.505555555556 0.818229166667 0.216666666667 0.0625
2 0.135185185185 0.15859375 0.242592592593 0.0953125
2 0.381944444444 0.2515625 0.210185185185 0.102083333333
2 0.587037037037 0.240104166667 0.216666666667 0.0708333333333
2 0.944444444444 0.1234375 0.109259259259 0.0989583333333
2 0.95 0.21953125 0.0944444444444 0.0890625
2 0.946759259259 0.331770833333 0.10462962963 0.075
2 0.949537037037 0.40078125 0.0990740740741 0.0880208333333
2 0.0587962962963 0.461458333333 0.119444444444 0.0916666666667
2 0.935185185185 0.521614583333 0.127777777778 0.0682291666667
2 0.939814814815 0.596614583333 0.111111111111 0.0755208333333
2 0.0773148148148 0.65625 0.156481481481 0.090625
2 0.0601851851852 0.573697916667 0.122222222222 0.0890625
2 0.0837962962963 0.77578125 0.169444444444 0.0973958333333
2 0.106481481481 0.844010416667 0.214814814815 0.0557291666667
2 0.289351851852 0.823177083333 0.197222222222 0.0651041666667
