1 0.109259259259 0.24140625 0.0925925925926 0.0776041666667
1 0.184259259259 0.2421875 0.0907407407407 0.0833333333333
1 0.453703703704 0.168489583333 0.087037037037 0.0869791666667
1 0.535185185185 0.169010416667 0.0925925925926 0.0859375
1 0.653240740741 0.172135416667 0.0990740740741 0.0869791666667
1 0.731018518519 0.16796875 0.0805555555556 0.0901041666667
1 0.813425925926 0.171614583333 0.0972222222222 0.0880208333333
1 0.898148148148 0.1765625 0.087037037037 0.0895833333333
1 0.259722222222 0.24140625 0.0805555555556 0.0869791666667
1 0.333796296296 0.245052083333 0.0768518518519 0.0848958333333
1 0.409259259259 0.246875 0.0907407407407 0.0854166666667
1 0.493055555556 0.2484375 0.075 0.0822916666667
1 0.561111111111 0.25 0.087037037037 0.08125
1 0.64212962963 0.253125 0.0842592592593 0.0822916666667
1 0.728703703704 0.252604166667 0.0851851851852 0.0833333333333
1 0.802777777778 0.253125 0.0851851851852 0.0822916666667
1 0.886111111111 0.254166666667 0.0907407407407 0.0822916666667
1 0.961111111111 0.254166666667 0.0759259259259 0.0916666666667
1 0.0351851851852 0.40234375 0.0722222222222 0.1453125
1 0.175 0.3703125 0.0851851851852 0.08125
1 0.176388888889 0.445052083333 0.062037037037 0.0661458333333
1 0.39212962963 0.446354166667 0.0787037037037 0.075
1 0.546296296296 0.411458333333 0.087037037037 0.144791666667
1 0.617592592593 0.415104166667 0.0925925925926 0.144791666667
1 0.694907407407 0.417708333333 0.0953703703704 0.146875
1 0.773148148148 0.416927083333 0.087037037037 0.141145833333
1 0.860648148148 0.422135416667 0.0972222222222 0.147395833333
1 0.955092592593 0.43125 0.087962962963 0.123958333333
1 0.0444444444444 0.606770833333 0.0907407407407 0.14375
1 0.121759259259 0.577864583333 0.0935185185185 0.1296875
1 0.2 0.575 0.0851851851852 0.133333333333
1 0.311111111111 0.578385416667 0.0759259259259 0.138020833333
1 0.375925925926 0.584114583333 0.087037037037 0.1359375
1 0.460185185185 0.577604166667 0.0833333333333 0.120833333333
1 0.543518518519 0.58828125 0.0888888888889 0.1296875
1 0.616203703704 0.584635416667 0.0787037037037 0.134895833333
1 0.680092592593 0.5859375 0.0953703703704 0.134375
1 0.752314814815 0.591666666667 0.0953703703704 0.134375
1 0.89212962963 0.598697916667 0.0990740740741 0.118229166667
1 0.960185185185 0.59296875 0.0777777777778 0.108854166667
1 0.0375 0.787239583333 0.0768518518519 0.1296875
1 0.100925925926 0.750260416667 0.0851851851852 0.136979166667
1 0.262962962963 0.753125 0.087037037037 0.126041666667
1 0.330555555556 0.755989583333 0.0833333333333 0.125520833333
1 0.403703703704 0.7625 0.0925925925926 0.133333333333
1 0.474537037037 0.764583333333 0.0824074074074 0.135416666667
1 0.553703703704 0.778125 0.0888888888889 0.132291666667
1 0.618518518519 0.75546875 0.087037037037 0.1265625
1 0.682407407407 0.772135416667 0.0777777777778 0.136979166667
1 0.730555555556 0.75078125 0.0722222222222 0.115104166667
1 0.816203703704 0.7796875 0.0990740740741 0.129166666667
1 0.888425925926 0.787760416667 0.0953703703704 0.124479166667
1 0.963425925926 0.790364583333 0.0712962962963 0.130729166667
1 0.0578703703704 0.948177083333 0.0768518518519 0.102604166667
1 0.165277777778 0.92734375 0.0972222222222 0.144270833333
1 0.247222222222 0.930208333333 0.0962962962963 0.138541666667
1 0.330555555556 0.934375 0.1 0.130208333333
1 0.4375 0.933854166667 0.0916666666667 0.13125
1 0.520833333333 0.934375 0.0972222222222 0.130208333333
1 0.618518518519 0.93671875 0.087037037037 0.125520833333
1 0.775925925926 0.91328125 0.155555555556 0.0828125
