1 0.0671296296296 0.142708333333 0.075 0.071875
1 0.136111111111 0.142447916667 0.0722222222222 0.0671875
1 0.198148148148 0.078125 0.0888888888889 0.0708333333333
1 0.269907407407 0.0807291666667 0.0935185185185 0.0708333333333
1 0.342592592593 0.0794270833333 0.0907407407407 0.0661458333333
1 0.424074074074 0.07890625 0.0759259259259 0.0692708333333
1 0.497222222222 0.0765625 0.0703703703704 0.0770833333333
1 0.558333333333 0.0736979166667 0.0759259259259 0.0703125
1 0.619907407407 0.0760416666667 0.0768518518519 0.06875
1 0.675462962963 0.0731770833333 0.0638888888889 0.0671875
1 0.734722222222 0.12265625 0.0768518518519 0.0859375
1 0.796759259259 0.120833333333 0.0712962962963 0.0947916666667
1 0.856481481481 0.121614583333 0.0722222222222 0.0953125
1 0.203703703704 0.14140625 0.0888888888889 0.0651041666667
1 0.284259259259 0.143489583333 0.0722222222222 0.0651041666667
1 0.35 0.140885416667 0.0925925925926 0.0640625
1 0.425 0.14140625 0.087037037037 0.0651041666667
1 0.488888888889 0.137239583333 0.0666666666667 0.0682291666667
1 0.551851851852 0.13671875 0.0722222222222 0.0630208333333
1 0.618518518519 0.1390625 0.0740740740741 0.0645833333333
1 0.676388888889 0.13984375 0.0657407407407 0.0661458333333
1 0.0268518518519 0.31328125 0.0555555555556 0.0984375
1 0.0805555555556 0.3109375 0.0888888888889 0.101041666667
1 0.185648148148 0.312760416667 0.0972222222222 0.108854166667
1 0.343055555556 0.308072916667 0.0861111111111 0.0973958333333
1 0.410648148148 0.296354166667 0.0824074074074 0.125
1 0.487962962963 0.294791666667 0.0962962962963 0.119791666667
1 0.556944444444 0.3 0.0787037037037 0.113541666667
1 0.620833333333 0.299479166667 0.0787037037037 0.103125
1 0.688425925926 0.29765625 0.0953703703704 0.1109375
1 0.756481481481 0.301041666667 0.0777777777778 0.109375
1 0.827314814815 0.3 0.0768518518519 0.104166666667
1 0.0675925925926 0.482291666667 0.0777777777778 0.103125
1 0.116203703704 0.48515625 0.0787037037037 0.1046875
1 0.176388888889 0.483333333333 0.0657407407407 0.103125
1 0.227777777778 0.483854166667 0.0703703703704 0.111458333333
1 0.286574074074 0.483333333333 0.0768518518519 0.101041666667
1 0.323611111111 0.489583333333 0.0768518518519 0.111458333333
1 0.375 0.481510416667 0.0722222222222 0.106770833333
1 0.418981481481 0.452864583333 0.0453703703704 0.0859375
1 0.456018518519 0.455729166667 0.0490740740741 0.0822916666667
1 0.489814814815 0.472916666667 0.0555555555556 0.105208333333
1 0.530092592593 0.480989583333 0.0657407407407 0.109895833333
1 0.611111111111 0.486979166667 0.0685185185185 0.1125
1 0.680092592593 0.47578125 0.062037037037 0.106770833333
1 0.731018518519 0.4703125 0.0638888888889 0.102083333333
1 0.785648148148 0.46875 0.062037037037 0.102083333333
1 0.0375 0.643229166667 0.0768518518519 0.0895833333333
1 0.0921296296296 0.644270833333 0.062037037037 0.084375
1 0.138425925926 0.665885416667 0.0638888888889 0.106770833333
1 0.197685185185 0.642447916667 0.0564814814815 0.0973958333333
1 0.243055555556 0.648177083333 0.0564814814815 0.0973958333333
1 0.270833333333 0.658333333333 0.062037037037 0.0958333333333
1 0.310185185185 0.64609375 0.05 0.0973958333333
1 0.3625 0.634895833333 0.0601851851852 0.103125
1 0.412962962963 0.640885416667 0.0703703703704 0.0963541666667
1 0.444907407407 0.6578125 0.0675925925926 0.104166666667
1 0.506481481481 0.65 0.0814814814815 0.101041666667
1 0.556018518519 0.64140625 0.0638888888889 0.0973958333333
1 0.614351851852 0.633333333333 0.075 0.102083333333
1 0.673148148148 0.651822916667 0.0722222222222 0.108854166667
1 0.743981481481 0.656510416667 0.075 0.1046875
1 0.806944444444 0.648697916667 0.0731481481481 0.1078125
1 0.0333333333333 0.819270833333 0.0685185185185 0.133333333333
1 0.102314814815 0.802864583333 0.0824074074074 0.130729166667
1 0.158796296296 0.81328125 0.0805555555556 0.147395833333
1 0.231481481481 0.8125 0.0907407407407 0.153125
1 0.306018518519 0.801822916667 0.0787037037037 0.140104166667
