1 0.0435185185185 0.0921875 0.0888888888889 0.103125
1 0.125 0.0885416666667 0.103703703704 0.103125
1 0.215277777778 0.0927083333333 0.102777777778 0.104166666667
1 0.300925925926 0.0908854166667 0.0888888888889 0.105729166667
1 0.37962962963 0.0921875 0.0907407407407 0.103125
1 0.463425925926 0.0916666666667 0.100925925926 0.104166666667
1 0.552777777778 0.0911458333333 0.0944444444444 0.101041666667
1 0.768055555556 0.104947916667 0.0768518518519 0.0796875
1 0.871759259259 0.0989583333333 0.119444444444 0.0822916666667
1 0.963425925926 0.0958333333333 0.0712962962963 0.0916666666667
1 0.0467592592593 0.305729166667 0.0953703703704 0.189583333333
1 0.117592592593 0.307552083333 0.109259259259 0.191145833333
1 0.201388888889 0.3046875 0.102777777778 0.185416666667
1 0.281018518519 0.304166666667 0.0824074074074 0.184375
1 0.365277777778 0.30625 0.0990740740741 0.184375
1 0.443518518519 0.305729166667 0.0907407407407 0.189583333333
1 0.0268518518519 0.526302083333 0.0555555555556 0.172395833333
1 0.087962962963 0.522135416667 0.0907407407407 0.159895833333
1 0.162037037037 0.515104166667 0.0907407407407 0.155208333333
1 0.231944444444 0.512760416667 0.0824074074074 0.1578125
1 0.291203703704 0.513541666667 0.0824074074074 0.161458333333
1 0.422222222222 0.508854166667 0.0925925925926 0.158333333333
1 0.525925925926 0.505989583333 0.0907407407407 0.152604166667
1 0.587037037037 0.506510416667 0.0685185185185 0.1515625
1 0.659722222222 0.528125 0.0861111111111 0.164583333333
1 0.73287037037 0.529166666667 0.0805555555556 0.1625
1 0.795833333333 0.5296875 0.0657407407407 0.154166666667
1 0.878240740741 0.52578125 0.0657407407407 0.1546875
1 0.968055555556 0.534375 0.062037037037 0.142708333333
1 0.0416666666667 0.7234375 0.0851851851852 0.145833333333
1 0.104166666667 0.724739583333 0.0824074074074 0.1484375
1 0.180555555556 0.707291666667 0.0907407407407 0.136458333333
1 0.347222222222 0.707291666667 0.0740740740741 0.136458333333
1 0.45 0.70390625 0.0777777777778 0.131770833333
1 0.528240740741 0.703385416667 0.0787037037037 0.119270833333
1 0.597685185185 0.699739583333 0.0787037037037 0.109895833333
1 0.679166666667 0.699739583333 0.0805555555556 0.115104166667
1 0.74537037037 0.687760416667 0.062962962963 0.0994791666667
1 0.830555555556 0.701041666667 0.0777777777778 0.114583333333
1 0.893518518519 0.70390625 0.0722222222222 0.127604166667
1 0.95 0.69921875 0.0574074074074 0.1203125
1 0.981481481481 0.702604166667 0.0351851851852 0.125
1 0.0921296296296 0.882291666667 0.123148148148 0.102083333333
1 0.613425925926 0.877864583333 0.110185185185 0.1078125
1 0.699074074074 0.865364583333 0.087037037037 0.0890625
1 0.863425925926 0.876822916667 0.119444444444 0.1171875
