1 0.0199074074074 0.209635416667 0.0416666666667 0.0880208333333
1 0.0712962962963 0.209635416667 0.0703703703704 0.0880208333333
1 0.139351851852 0.204947916667 0.0824074074074 0.0994791666667
1 0.206018518519 0.202864583333 0.0601851851852 0.0973958333333
1 0.269907407407 0.202083333333 0.0731481481481 0.105208333333
1 0.333796296296 0.2 0.0768518518519 0.105208333333
1 0.396296296296 0.200520833333 0.0666666666667 0.1
1 0.440740740741 0.202083333333 0.0555555555556 0.0916666666667
1 0.493055555556 0.2046875 0.0546296296296 0.0916666666667
1 0.54537037037 0.199739583333 0.0685185185185 0.0942708333333
1 0.595833333333 0.199739583333 0.0583333333333 0.0963541666667
1 0.647222222222 0.1953125 0.0703703703704 0.101041666667
1 0.708796296296 0.193489583333 0.0787037037037 0.0994791666667
1 0.780092592593 0.1921875 0.0731481481481 0.104166666667
1 0.875462962963 0.196875 0.0787037037037 0.0927083333333
1 0.969444444444 0.19453125 0.0592592592593 0.0994791666667
1 0.0361111111111 0.568489583333 0.0740740740741 0.127604166667
1 0.0949074074074 0.565625 0.0731481481481 0.126041666667
1 0.193518518519 0.550260416667 0.0555555555556 0.0994791666667
1 0.286574074074 0.564583333333 0.0768518518519 0.135416666667
1 0.240277777778 0.55625 0.0583333333333 0.103125
1 0.3875 0.576041666667 0.0805555555556 0.144791666667
1 0.456481481481 0.579427083333 0.0740740740741 0.1421875
1 0.54212962963 0.580729166667 0.0787037037037 0.144791666667
1 0.599074074074 0.573697916667 0.0722222222222 0.138020833333
1 0.656944444444 0.577083333333 0.0805555555556 0.140625
1 0.724074074074 0.579947916667 0.0740740740741 0.141145833333
1 0.788425925926 0.579427083333 0.0805555555556 0.1453125
1 0.0375 0.745052083333 0.0675925925926 0.130729166667
1 0.118981481481 0.75546875 0.0787037037037 0.128645833333
1 0.200925925926 0.758854166667 0.0944444444444 0.1375
1 0.275925925926 0.753125 0.0851851851852 0.13125
1 0.343981481481 0.752083333333 0.0638888888889 0.123958333333
1 0.399537037037 0.757552083333 0.0601851851852 0.128645833333
1 0.453240740741 0.7578125 0.0712962962963 0.128125
1 0.523611111111 0.75703125 0.0787037037037 0.136979166667
1 0.617592592593 0.761979166667 0.0962962962963 0.14375
1 0.689814814815 0.76015625 0.0851851851852 0.138020833333
1 0.768518518519 0.768229166667 0.087037037037 0.142708333333
1 0.85 0.765364583333 0.0925925925926 0.1390625
1 0.0574074074074 0.922135416667 0.111111111111 0.140104166667
1 0.150462962963 0.923177083333 0.100925925926 0.138020833333
1 0.239351851852 0.8921875 0.0842592592593 0.0729166666667
1 0.356018518519 0.909375 0.117592592593 0.105208333333
1 0.478703703704 0.89765625 0.0833333333333 0.0755208333333
1 0.555092592593 0.9046875 0.102777777778 0.084375
1 0.619444444444 0.906510416667 0.0685185185185 0.0859375
1 0.7 0.931510416667 0.116666666667 0.1359375
1 0.95 0.912239583333 0.0981481481481 0.108854166667
