6 0.0805555555556 0.29765625 0.114814814815 0.0755208333333
6 0.212962962963 0.2984375 0.122222222222 0.0697916666667
6 0.328240740741 0.298958333333 0.106481481481 0.06875
6 0.42962962963 0.302083333333 0.111111111111 0.0770833333333
6 0.561111111111 0.29765625 0.114814814815 0.0828125
6 0.678703703704 0.29921875 0.112962962963 0.0755208333333
6 0.789351851852 0.301302083333 0.119444444444 0.0734375
6 0.913425925926 0.307291666667 0.121296296296 0.0802083333333
6 0.0953703703704 0.471614583333 0.111111111111 0.0755208333333
6 0.199074074074 0.469791666667 0.0944444444444 0.071875
6 0.319907407407 0.47109375 0.102777777778 0.0765625
6 0.430555555556 0.474479166667 0.112962962963 0.0625
6 0.55462962963 0.473958333333 0.114814814815 0.0729166666667
6 0.661574074074 0.474479166667 0.117592592593 0.0697916666667
6 0.78287037037 0.46796875 0.102777777778 0.0682291666667
6 0.845833333333 0.409375 0.121296296296 0.0625
6 0.867592592593 0.471614583333 0.0944444444444 0.0640625
6 0.149074074074 0.599739583333 0.142592592593 0.0598958333333
6 0.344907407407 0.60625 0.132407407407 0.0635416666667
6 0.599074074074 0.602604166667 0.15 0.06875
6 0.106018518519 0.650260416667 0.106481481481 0.0755208333333
6 0.207407407407 0.652604166667 0.0944444444444 0.06875
6 0.299537037037 0.654427083333 0.087962962963 0.0671875
6 0.407407407407 0.659114583333 0.1 0.0692708333333
6 0.532407407407 0.659114583333 0.1 0.0723958333333
6 0.631018518519 0.66171875 0.0972222222222 0.0598958333333
6 0.790740740741 0.665104166667 0.0833333333333 0.0770833333333
6 0.885648148148 0.672916666667 0.134259259259 0.0614583333333
6 0.952314814815 0.8328125 0.0935185185185 0.0625
