1 0.0486111111111 0.1015625 0.0990740740741 0.110416666667
1 0.107407407407 0.102604166667 0.0759259259259 0.1125
1 0.173148148148 0.102083333333 0.0888888888889 0.113541666667
1 0.243055555556 0.10546875 0.0768518518519 0.106770833333
1 0.31712962963 0.10625 0.0731481481481 0.1125
1 0.396759259259 0.109635416667 0.0990740740741 0.109895833333
1 0.480555555556 0.113802083333 0.0907407407407 0.106770833333
1 0.586574074074 0.115885416667 0.100925925926 0.1109375
1 0.65787037037 0.11484375 0.075 0.108854166667
1 0.728703703704 0.110677083333 0.0814814814815 0.1171875
1 0.809259259259 0.10703125 0.0685185185185 0.128645833333
1 0.892592592593 0.112239583333 0.087037037037 0.127604166667
1 0.959259259259 0.11953125 0.0796296296296 0.118229166667
1 0.075462962963 0.260416666667 0.139814814815 0.134375
1 0.188425925926 0.264583333333 0.112037037037 0.13125
1 0.296759259259 0.266927083333 0.130555555556 0.128645833333
1 0.412962962963 0.270052083333 0.12037037037 0.127604166667
1 0.522222222222 0.272135416667 0.107407407407 0.127604166667
1 0.641666666667 0.272916666667 0.114814814815 0.133333333333
1 0.74537037037 0.276041666667 0.122222222222 0.133333333333
1 0.858333333333 0.27734375 0.125925925926 0.130729166667
1 0.945833333333 0.28046875 0.106481481481 0.1296875
1 0.0796296296296 0.42265625 0.124074074074 0.1296875
1 0.184722222222 0.42265625 0.115740740741 0.1296875
1 0.292592592593 0.426041666667 0.125925925926 0.125
1 0.413888888889 0.427083333333 0.12962962963 0.122916666667
1 0.601388888889 0.428645833333 0.117592592593 0.122916666667
1 0.695833333333 0.430208333333 0.110185185185 0.121875
1 0.800462962963 0.433072916667 0.117592592593 0.116145833333
1 0.903703703704 0.432552083333 0.109259259259 0.1171875
1 0.97037037037 0.43671875 0.0574074074074 0.118229166667
1 0.0291666666667 0.564583333333 0.0601851851852 0.1125
1 0.131944444444 0.566927083333 0.113888888889 0.1078125
1 0.234722222222 0.56953125 0.121296296296 0.108854166667
1 0.370833333333 0.5703125 0.113888888889 0.110416666667
1 0.481944444444 0.570572916667 0.113888888889 0.106770833333
1 0.602777777778 0.57109375 0.111111111111 0.108854166667
1 0.703703703704 0.572135416667 0.105555555556 0.106770833333
1 0.797685185185 0.572135416667 0.112037037037 0.106770833333
1 0.897685185185 0.575 0.113888888889 0.103125
1 0.966203703704 0.575520833333 0.0657407407407 0.10625
1 0.117592592593 0.716145833333 0.112962962963 0.114583333333
1 0.215277777778 0.716666666667 0.102777777778 0.111458333333
1 0.324074074074 0.715625 0.107407407407 0.111458333333
1 0.413888888889 0.7125 0.101851851852 0.119791666667
1 0.502314814815 0.71328125 0.100925925926 0.116145833333
1 0.607407407407 0.709114583333 0.105555555556 0.1171875
1 0.706944444444 0.710677083333 0.0990740740741 0.116145833333
1 0.806018518519 0.711458333333 0.0953703703704 0.114583333333
1 0.902777777778 0.709114583333 0.107407407407 0.109895833333
1 0.97037037037 0.709635416667 0.0574074074074 0.108854166667
1 0.0416666666667 0.88671875 0.0851851851852 0.1140625
1 0.625925925926 0.878125 0.122222222222 0.144791666667
1 0.737962962963 0.882291666667 0.124074074074 0.14375
1 0.85 0.882552083333 0.105555555556 0.140104166667
1 0.945833333333 0.886197916667 0.106481481481 0.140104166667
