1 0.0689814814815 0.287760416667 0.0787037037037 0.102604166667
1 0.0231481481481 0.451822916667 0.0481481481481 0.1078125
1 0.075 0.452604166667 0.0833333333333 0.0989583333333
3 0.175 0.4515625 0.0666666666667 0.0947916666667
3 0.0435185185185 0.894791666667 0.0796296296296 0.127083333333
3 0.1125 0.895052083333 0.0638888888889 0.128645833333
4 0.181018518519 0.899739583333 0.062037037037 0.133854166667
4 0.310185185185 0.141927083333 0.146296296296 0.125520833333
4 0.454166666667 0.159114583333 0.130555555556 0.0932291666667
4 0.592592592593 0.1609375 0.137037037037 0.102083333333
4 0.71712962963 0.163020833333 0.137962962963 0.0885416666667
4 0.881481481481 0.163802083333 0.168518518519 0.100520833333
4 0.185185185185 0.297916666667 0.125925925926 0.096875
4 0.314351851852 0.312760416667 0.150925925926 0.0744791666667
4 0.455092592593 0.3078125 0.14537037037 0.0791666666667
4 0.730092592593 0.30546875 0.136111111111 0.0984375
4 0.859259259259 0.31171875 0.144444444444 0.0911458333333
4 0.958796296296 0.315885416667 0.0805555555556 0.0848958333333
4 0.283796296296 0.452604166667 0.106481481481 0.0989583333333
4 0.397222222222 0.457552083333 0.142592592593 0.108854166667
4 0.528240740741 0.456770833333 0.137962962963 0.103125
4 0.640277777778 0.4609375 0.130555555556 0.0989583333333
4 0.758796296296 0.467447916667 0.147222222222 0.105729166667
4 0.89537037037 0.470572916667 0.144444444444 0.106770833333
4 0.172222222222 0.61015625 0.185185185185 0.0838541666667
4 0.062962962963 0.606770833333 0.125925925926 0.090625
4 0.346296296296 0.60859375 0.151851851852 0.0661458333333
4 0.520833333333 0.55859375 0.182407407407 0.0494791666667
4 0.502777777778 0.6234375 0.188888888889 0.0697916666667
4 0.0518518518519 0.740104166667 0.105555555556 0.110416666667
4 0.1875 0.740104166667 0.173148148148 0.105208333333
4 0.505092592593 0.91328125 0.180555555556 0.130729166667
4 0.75462962963 0.896875 0.257407407407 0.120833333333
4 0.943981481481 0.94140625 0.110185185185 0.1171875
4 0.584259259259 0.321614583333 0.140740740741 0.0588541666667
