1 0.0439814814815 0.2171875 0.0898148148148 0.16875
1 0.118981481481 0.221875 0.087962962963 0.161458333333
1 0.193518518519 0.227083333333 0.0925925925926 0.16875
1 0.274074074074 0.226302083333 0.0685185185185 0.1734375
1 0.34212962963 0.233333333333 0.0990740740741 0.142708333333
1 0.418981481481 0.23046875 0.0935185185185 0.1515625
1 0.475925925926 0.24609375 0.0648148148148 0.1234375
1 0.520833333333 0.25390625 0.062037037037 0.115104166667
1 0.583796296296 0.26796875 0.0712962962963 0.115104166667
1 0.173611111111 0.053125 0.0657407407407 0.107291666667
1 0.113425925926 0.05703125 0.0935185185185 0.113020833333
1 0.56712962963 0.39375 0.075 0.134375
1 0.512962962963 0.389322916667 0.0833333333333 0.128645833333
1 0.438888888889 0.39140625 0.0833333333333 0.1421875
1 0.371296296296 0.403385416667 0.0777777777778 0.1390625
1 0.30462962963 0.405729166667 0.087037037037 0.127083333333
1 0.218055555556 0.398177083333 0.0805555555556 0.1390625
1 0.139351851852 0.398177083333 0.0898148148148 0.1390625
1 0.0550925925926 0.398958333333 0.0990740740741 0.144791666667
1 0.565740740741 0.531770833333 0.0777777777778 0.11875
1 0.499537037037 0.530989583333 0.062037037037 0.1203125
1 0.344907407407 0.5515625 0.062037037037 0.127083333333
1 0.288425925926 0.572916666667 0.0824074074074 0.144791666667
1 0.221296296296 0.559895833333 0.0814814814815 0.125
1 0.14537037037 0.57109375 0.0814814814815 0.141145833333
1 0.0768518518519 0.577083333333 0.0814814814815 0.153125
1 0.0425925925926 0.715885416667 0.087037037037 0.118229166667
1 0.119444444444 0.702864583333 0.087037037037 0.109895833333
1 0.213888888889 0.6921875 0.114814814815 0.116666666667
1 0.3 0.686979166667 0.0833333333333 0.10625
1 0.388425925926 0.671614583333 0.0990740740741 0.109895833333
1 0.469907407407 0.6609375 0.108333333333 0.0958333333333
1 0.528240740741 0.805208333333 0.0898148148148 0.151041666667
1 0.448611111111 0.8171875 0.0898148148148 0.158333333333
1 0.377314814815 0.83125 0.113888888889 0.158333333333
1 0.292592592593 0.856510416667 0.111111111111 0.1671875
1 0.184259259259 0.86171875 0.105555555556 0.177604166667
1 0.0828703703704 0.882291666667 0.117592592593 0.163541666667
1 0.608796296296 0.7078125 0.0898148148148 0.127083333333
1 0.68287037037 0.7 0.102777777778 0.121875
1 0.756944444444 0.694010416667 0.0898148148148 0.130729166667
1 0.633333333333 0.567447916667 0.0962962962963 0.1234375
1 0.696759259259 0.562239583333 0.0805555555556 0.102604166667
1 0.764814814815 0.562239583333 0.105555555556 0.113020833333
1 0.857407407407 0.5578125 0.111111111111 0.111458333333
1 0.648148148148 0.43203125 0.105555555556 0.108854166667
1 0.739814814815 0.42578125 0.0925925925926 0.1046875
1 0.927314814815 0.544270833333 0.0916666666667 0.102083333333
1 0.973611111111 0.534895833333 0.0509259259259 0.0927083333333
1 0.828240740741 0.673697916667 0.0824074074074 0.108854166667
1 0.891203703704 0.6609375 0.0731481481481 0.104166666667
1 0.943518518519 0.651822916667 0.0703703703704 0.0994791666667
1 0.977777777778 0.654947916667 0.0425925925926 0.0796875
1 0.0453703703704 0.0572916666667 0.0925925925926 0.115625
1 0.25462962963 0.0703125 0.087037037037 0.103125
1 0.314814814815 0.0765625 0.0685185185185 0.0885416666667
1 0.371759259259 0.0809895833333 0.0787037037037 0.0973958333333
1 0.430092592593 0.08984375 0.0638888888889 0.0942708333333
1 0.474537037037 0.0997395833333 0.0546296296296 0.0932291666667
1 0.522685185185 0.1015625 0.0601851851852 0.0916666666667
1 0.565277777778 0.104947916667 0.0657407407407 0.0828125
1 0.616203703704 0.110677083333 0.062037037037 0.0890625
1 0.660648148148 0.120052083333 0.0601851851852 0.105729166667
1 0.708333333333 0.125260416667 0.0425925925926 0.1015625
1 0.747222222222 0.129166666667 0.0648148148148 0.0989583333333
1 0.800925925926 0.133333333333 0.0555555555556 0.102083333333
1 0.863425925926 0.144270833333 0.0583333333333 0.0958333333333
1 0.646296296296 0.262239583333 0.0851851851852 0.0546875
1 0.700925925926 0.26484375 0.062962962963 0.0546875
1 0.743055555556 0.269791666667 0.0638888888889 0.0510416666667
1 0.793518518519 0.2703125 0.0537037037037 0.05
1 0.8375 0.272135416667 0.0638888888889 0.0536458333333
1 0.890277777778 0.271614583333 0.0546296296296 0.0473958333333
1 0.945833333333 0.273958333333 0.0546296296296 0.0479166666667
1 0.635185185185 0.310416666667 0.0666666666667 0.0489583333333
1 0.689351851852 0.309114583333 0.0601851851852 0.0463541666667
1 0.737962962963 0.309895833333 0.0703703703704 0.0479166666667
1 0.781481481481 0.314583333333 0.05 0.0427083333333
1 0.82037037037 0.315104166667 0.0574074074074 0.0489583333333
1 0.864351851852 0.317447916667 0.0638888888889 0.0442708333333
1 0.913888888889 0.3171875 0.0759259259259 0.0416666666667
1 0.972685185185 0.318489583333 0.0527777777778 0.0442708333333
1 0.0268518518519 0.576041666667 0.0555555555556 0.135416666667
1 0.812037037037 0.426822916667 0.0907407407407 0.0984375
1 0.857407407407 0.4265625 0.087037037037 0.103125
1 0.908333333333 0.4203125 0.0703703703704 0.0927083333333
1 0.953240740741 0.422135416667 0.0638888888889 0.0890625
1 0.402314814815 0.544010416667 0.062037037037 0.108854166667
1 0.456481481481 0.537239583333 0.0537037037037 0.106770833333
