6 0.263802083333 0.675925925926 0.0317708333333 0.127777777778
6 0.289322916667 0.675462962963 0.0307291666667 0.128703703704
6 0.3171875 0.673148148148 0.0260416666667 0.12962962963
6 0.342447916667 0.675 0.0286458333333 0.133333333333
6 0.365364583333 0.676388888889 0.0255208333333 0.130555555556
6 0.386458333333 0.675 0.0239583333333 0.131481481481
6 0.4125 0.675 0.025 0.133333333333
6 0.0596354166667 0.648148148148 0.0432291666667 0.0481481481481
6 0.109375 0.648611111111 0.0489583333333 0.037962962963
6 0.156770833333 0.644444444444 0.046875 0.0574074074074
6 0.205989583333 0.646759259259 0.0473958333333 0.0527777777778
6 0.0697916666667 0.689814814815 0.0447916666667 0.0444444444444
6 0.117447916667 0.683796296296 0.0484375 0.0416666666667
6 0.164322916667 0.689814814815 0.0473958333333 0.05
6 0.218229166667 0.687962962963 0.0510416666667 0.0444444444444
6 0.0755208333333 0.730092592593 0.046875 0.0435185185185
6 0.12578125 0.722685185185 0.0515625 0.0435185185185
6 0.17421875 0.722685185185 0.0526041666667 0.0416666666667
6 0.224479166667 0.723148148148 0.0510416666667 0.0462962962963
6 0.06796875 0.92037037037 0.0598958333333 0.0537037037037
6 0.12578125 0.923148148148 0.0588541666667 0.0481481481481
6 0.172395833333 0.876851851852 0.0489583333333 0.0666666666667
6 0.232291666667 0.875 0.0489583333333 0.0518518518519
6 0.284375 0.888888888889 0.0520833333333 0.0574074074074
6 0.34296875 0.918518518519 0.0505208333333 0.0481481481481
6 0.391145833333 0.914814814815 0.0572916666667 0.0592592592593
6 0.0208333333333 0.283796296296 0.0427083333333 0.062037037037
6 0.0229166666667 0.333333333333 0.046875 0.0444444444444
6 0.0166666666667 0.481944444444 0.0302083333333 0.132407407407
6 0.0333333333333 0.676851851852 0.03125 0.127777777778
6 0.0106770833333 0.678703703704 0.0223958333333 0.137037037037
6 0.196875 0.114814814815 0.0333333333333 0.0907407407407
6 0.225 0.116203703704 0.03125 0.0916666666667
6 0.2515625 0.114814814815 0.028125 0.0888888888889
6 0.276822916667 0.113888888889 0.0276041666667 0.0925925925926
6 0.298697916667 0.114814814815 0.0234375 0.0907407407407
6 0.329427083333 0.112962962963 0.0307291666667 0.087037037037
6 0.355729166667 0.112962962963 0.028125 0.087037037037
6 0.38125 0.116203703704 0.0239583333333 0.0861111111111
6 0.421614583333 0.112037037037 0.0276041666667 0.0944444444444
6 0.445833333333 0.112037037037 0.0260416666667 0.0944444444444
6 0.522916666667 0.0824074074074 0.0333333333333 0.0740740740741
6 0.578385416667 0.0453703703704 0.0401041666667 0.0574074074074
6 0.619010416667 0.0449074074074 0.0390625 0.062037037037
6 0.575260416667 0.0921296296296 0.0359375 0.0583333333333
6 0.618489583333 0.0958333333333 0.0411458333333 0.0509259259259
6 0.620052083333 0.136574074074 0.0401041666667 0.0472222222222
6 0.653385416667 0.0958333333333 0.0265625 0.126851851852
6 0.678125 0.0962962962963 0.028125 0.122222222222
6 0.7015625 0.0939814814815 0.0302083333333 0.126851851852
6 0.728125 0.0925925925926 0.028125 0.124074074074
6 0.752864583333 0.0935185185185 0.0255208333333 0.122222222222
6 0.776822916667 0.0939814814815 0.0276041666667 0.126851851852
6 0.819010416667 0.0740740740741 0.0411458333333 0.0648148148148
6 0.860677083333 0.0680555555556 0.0359375 0.0694444444444
6 0.896875 0.0703703703704 0.040625 0.0648148148148
6 0.815885416667 0.125925925926 0.0421875 0.0574074074074
6 0.85859375 0.123148148148 0.0390625 0.0574074074074
6 0.895833333333 0.122685185185 0.0395833333333 0.0546296296296
6 0.947135416667 0.0962962962963 0.0421875 0.0759259259259
6 0.984375 0.099537037037 0.0302083333333 0.0657407407407
6 0.98515625 0.224537037037 0.0286458333333 0.0731481481481
6 0.98203125 0.292592592593 0.0348958333333 0.0666666666667
6 0.458854166667 0.3 0.0395833333333 0.0981481481481
6 0.497395833333 0.296296296296 0.0385416666667 0.101851851852
6 0.460677083333 0.49212962963 0.0317708333333 0.110185185185
6 0.490364583333 0.490740740741 0.0317708333333 0.101851851852
6 0.653385416667 0.484259259259 0.0203125 0.122222222222
6 0.676302083333 0.487962962963 0.0244791666667 0.107407407407
6 0.69765625 0.485648148148 0.0255208333333 0.113888888889
6 0.719791666667 0.485185185185 0.025 0.114814814815
6 0.7453125 0.484259259259 0.0260416666667 0.111111111111
6 0.765625 0.483333333333 0.0260416666667 0.122222222222
6 0.677083333333 0.283796296296 0.0239583333333 0.121296296296
6 0.70234375 0.261574074074 0.0286458333333 0.0824074074074
6 0.724739583333 0.263425925926 0.0234375 0.0731481481481
6 0.747395833333 0.285185185185 0.025 0.118518518519
6 0.771875 0.281018518519 0.0239583333333 0.119444444444
6 0.221875 0.503240740741 0.0291666666667 0.0842592592593
6 0.2453125 0.503240740741 0.0302083333333 0.0824074074074
6 0.275 0.508796296296 0.03125 0.0787037037037
6 0.313541666667 0.486574074074 0.0239583333333 0.0916666666667
6 0.333333333333 0.490277777778 0.0197916666667 0.0972222222222
6 0.356510416667 0.487962962963 0.0307291666667 0.0833333333333
6 0.385677083333 0.462962962963 0.0255208333333 0.1
6 0.41015625 0.462962962963 0.0255208333333 0.0925925925926
6 0.431510416667 0.461574074074 0.0234375 0.0916666666667
6 0.425520833333 0.30462962963 0.028125 0.0907407407407
6 0.915364583333 0.458796296296 0.0453125 0.0657407407407
6 0.955208333333 0.466203703704 0.040625 0.0527777777778
6 0.94140625 0.409722222222 0.0432291666667 0.0564814814815
6 0.986197916667 0.425925925926 0.0265625 0.0648148148148
6 0.898958333333 0.629166666667 0.0427083333333 0.062037037037
6 0.936979166667 0.628703703704 0.0385416666667 0.062962962963
6 0.980989583333 0.631481481481 0.0369791666667 0.0592592592593
6 0.899739583333 0.678703703704 0.0411458333333 0.0462962962963
6 0.937239583333 0.675462962963 0.0359375 0.0490740740741
6 0.97734375 0.681018518519 0.0359375 0.0490740740741
6 0.898697916667 0.713425925926 0.0317708333333 0.037962962963
6 0.935677083333 0.716203703704 0.0390625 0.0435185185185
6 0.975520833333 0.720833333333 0.0458333333333 0.0398148148148
6 0.526822916667 0.222685185185 0.0338541666667 0.0583333333333
6 0.557291666667 0.225462962963 0.0260416666667 0.0509259259259
6 0.60078125 0.238425925926 0.0359375 0.0546296296296
6 0.638020833333 0.238425925926 0.0364583333333 0.0509259259259
6 0.530208333333 0.275925925926 0.0354166666667 0.0518518518519
6 0.567447916667 0.274537037037 0.0328125 0.0601851851852
6 0.602083333333 0.283796296296 0.0385416666667 0.0527777777778
6 0.640104166667 0.283333333333 0.0375 0.0481481481481
6 0.53046875 0.324537037037 0.0348958333333 0.0490740740741
6 0.5703125 0.327314814815 0.040625 0.0509259259259
6 0.606770833333 0.326388888889 0.034375 0.0453703703704
6 0.6421875 0.326851851852 0.0427083333333 0.05
6 0.5546875 0.468055555556 0.0333333333333 0.0731481481481
6 0.5859375 0.427777777778 0.0354166666667 0.0462962962963
6 0.58828125 0.47962962963 0.0380208333333 0.0592592592593
6 0.624739583333 0.479166666667 0.0411458333333 0.0509259259259
6 0.553125 0.522685185185 0.0364583333333 0.0509259259259
6 0.5875 0.524537037037 0.0364583333333 0.0453703703704
1 0.623697916667 0.522222222222 0.0359375 0.05
1 0.465625 0.681944444444 0.028125 0.117592592593
1 0.505989583333 0.662037037037 0.0359375 0.151851851852
1 0.544010416667 0.662037037037 0.0348958333333 0.157407407407
1 0.577864583333 0.660185185185 0.0369791666667 0.153703703704
1 0.6125 0.662037037037 0.0354166666667 0.159259259259
1 0.646354166667 0.663888888889 0.03125 0.155555555556
1 0.680729166667 0.676388888889 0.0260416666667 0.130555555556
1 0.6953125 0.653703703704 0.0354166666667 0.15
1 0.727604166667 0.646759259259 0.0354166666667 0.14537037037
1 0.760677083333 0.652314814815 0.0317708333333 0.139814814815
6 0.240364583333 0.255555555556 0.0255208333333 0.087037037037
6 0.2640625 0.255555555556 0.025 0.0925925925926
6 0.287760416667 0.249074074074 0.0255208333333 0.087037037037
6 0.320052083333 0.277314814815 0.0473958333333 0.0657407407407
6 0.384114583333 0.291666666667 0.0296875 0.087037037037
6 0.315104166667 0.326851851852 0.05625 0.0407407407407
6 0.90859375 0.505092592593 0.0442708333333 0.0509259259259
6 0.948958333333 0.508333333333 0.0385416666667 0.0425925925926
