6 0.256944444444 0.7890625 0.163888888889 0.0552083333333
6 0.268055555556 0.830989583333 0.176851851852 0.0494791666667
6 0.275 0.86796875 0.17037037037 0.0421875
6 0.283796296296 0.903125 0.152777777778 0.0385416666667
6 0.458333333333 0.919270833333 0.175925925926 0.0635416666667
6 0.0865740740741 0.578645833333 0.132407407407 0.0802083333333
6 0.308796296296 0.59296875 0.132407407407 0.0734375
6 0.522685185185 0.578645833333 0.149074074074 0.0541666666667
6 0.464814814815 0.640625 0.109259259259 0.0708333333333
6 0.562037037037 0.640625 0.087037037037 0.065625
6 0.347222222222 0.643229166667 0.101851851852 0.0708333333333
6 0.141203703704 0.465104166667 0.10462962963 0.071875
6 0.0509259259259 0.4609375 0.0907407407407 0.06875
6 0.0421296296296 0.293489583333 0.0861111111111 0.0671875
6 0.15462962963 0.292447916667 0.0981481481481 0.0619791666667
6 0.238425925926 0.296614583333 0.0916666666667 0.0755208333333
6 0.335185185185 0.297395833333 0.0962962962963 0.071875
6 0.43287037037 0.2953125 0.108333333333 0.0802083333333
6 0.550462962963 0.293229166667 0.0990740740741 0.0708333333333
6 0.676388888889 0.29375 0.10462962963 0.0739583333333
6 0.796759259259 0.280729166667 0.062037037037 0.103125
6 0.853703703704 0.282291666667 0.0666666666667 0.102083333333
6 0.914351851852 0.283072916667 0.0694444444444 0.100520833333
6 0.977777777778 0.282552083333 0.0425925925926 0.0994791666667
6 0.667592592593 0.453385416667 0.0537037037037 0.0838541666667
6 0.723148148148 0.463802083333 0.0537037037037 0.0932291666667
6 0.777777777778 0.465625 0.0537037037037 0.0895833333333
6 0.839351851852 0.466927083333 0.0583333333333 0.0901041666667
6 0.896759259259 0.467447916667 0.0583333333333 0.0984375
6 0.960185185185 0.468229166667 0.0666666666667 0.0947916666667
6 0.336574074074 0.39609375 0.14537037037 0.0557291666667
6 0.290277777778 0.453385416667 0.106481481481 0.0578125
6 0.384259259259 0.451041666667 0.087037037037 0.0666666666667
6 0.487962962963 0.461197916667 0.12962962963 0.0682291666667
6 0.656944444444 0.6140625 0.0583333333333 0.121875
6 0.721759259259 0.6234375 0.0768518518519 0.119791666667
6 0.818055555556 0.622135416667 0.075 0.1171875
6 0.903240740741 0.62890625 0.0916666666667 0.1203125
6 0.96712962963 0.63125 0.0638888888889 0.130208333333
