6 0.0902777777778 0.80390625 0.117592592593 0.0661458333333
6 0.268055555556 0.804427083333 0.10462962963 0.0723958333333
6 0.426851851852 0.9140625 0.155555555556 0.08125
6 0.0782407407407 0.890885416667 0.158333333333 0.0588541666667
6 0.247685185185 0.887760416667 0.187962962963 0.0598958333333
6 0.556481481481 0.569270833333 0.0944444444444 0.05625
6 0.614814814815 0.644270833333 0.112962962963 0.078125
6 0.682407407407 0.59609375 0.138888888889 0.0651041666667
6 0.720833333333 0.6484375 0.10462962963 0.0791666666667
6 0.91712962963 0.604427083333 0.163888888889 0.0578125
6 0.855555555556 0.652604166667 0.118518518519 0.0802083333333
6 0.953703703704 0.6640625 0.0907407407407 0.0666666666667
6 0.636111111111 0.465625 0.105555555556 0.0802083333333
6 0.74212962963 0.464322916667 0.100925925926 0.0828125
6 0.838425925926 0.469270833333 0.102777777778 0.0760416666667
6 0.906018518519 0.407552083333 0.152777777778 0.0588541666667
6 0.948148148148 0.471354166667 0.101851851852 0.08125
6 0.615740740741 0.284895833333 0.124074074074 0.0802083333333
6 0.738888888889 0.28515625 0.124074074074 0.0765625
6 0.876388888889 0.286458333333 0.123148148148 0.08125
