1 0.0703703703704 0.135677083333 0.0925925925926 0.116145833333
1 0.143518518519 0.138020833333 0.0907407407407 0.113541666667
1 0.223611111111 0.135416666667 0.0861111111111 0.113541666667
1 0.301851851852 0.139583333333 0.0833333333333 0.110416666667
1 0.374537037037 0.138020833333 0.0768518518519 0.111458333333
1 0.444907407407 0.141927083333 0.0768518518519 0.105729166667
1 0.516666666667 0.131510416667 0.0759259259259 0.124479166667
1 0.59537037037 0.131510416667 0.0888888888889 0.130729166667
1 0.674074074074 0.127864583333 0.0907407407407 0.138020833333
1 0.758333333333 0.133854166667 0.087037037037 0.135416666667
1 0.832407407407 0.136197916667 0.0907407407407 0.128645833333
1 0.924537037037 0.134635416667 0.10462962963 0.131770833333
1 0.0217592592593 0.327864583333 0.0453703703704 0.150520833333
1 0.0787037037037 0.3265625 0.0851851851852 0.145833333333
1 0.171296296296 0.322916666667 0.0722222222222 0.14375
1 0.212037037037 0.32890625 0.0925925925926 0.152604166667
1 0.26712962963 0.329947916667 0.0787037037037 0.1390625
1 0.341666666667 0.328645833333 0.0925925925926 0.14375
1 0.405555555556 0.329947916667 0.0925925925926 0.141145833333
1 0.477777777778 0.329947916667 0.0888888888889 0.141145833333
1 0.575 0.334114583333 0.107407407407 0.1359375
1 0.672222222222 0.336979166667 0.0944444444444 0.145833333333
1 0.738888888889 0.339322916667 0.0851851851852 0.141145833333
1 0.830555555556 0.337760416667 0.114814814815 0.149479166667
1 0.947685185185 0.342447916667 0.102777777778 0.1515625
1 0.0282407407407 0.55390625 0.0583333333333 0.128645833333
1 0.117592592593 0.543489583333 0.0759259259259 0.119270833333
1 0.226851851852 0.552864583333 0.0925925925926 0.138020833333
1 0.298611111111 0.54765625 0.0842592592593 0.1296875
1 0.366203703704 0.549739583333 0.0805555555556 0.127604166667
1 0.428240740741 0.552864583333 0.0731481481481 0.128645833333
1 0.476851851852 0.569010416667 0.111111111111 0.1453125
1 0.607407407407 0.56484375 0.112962962963 0.136979166667
1 0.711111111111 0.57421875 0.0944444444444 0.131770833333
1 0.830555555556 0.580729166667 0.1 0.135416666667
1 0.896296296296 0.5671875 0.087037037037 0.132291666667
1 0.0578703703704 0.731510416667 0.117592592593 0.136979166667
1 0.157407407407 0.732291666667 0.127777777778 0.133333333333
1 0.247222222222 0.7234375 0.0925925925926 0.111458333333
1 0.340740740741 0.732291666667 0.131481481481 0.119791666667
1 0.443518518519 0.731770833333 0.111111111111 0.125
1 0.558796296296 0.746614583333 0.115740740741 0.141145833333
1 0.631944444444 0.734635416667 0.0805555555556 0.1171875
1 0.711111111111 0.730989583333 0.107407407407 0.1171875
1 0.806481481481 0.755989583333 0.125925925926 0.150520833333
1 0.888425925926 0.739322916667 0.0953703703704 0.119270833333
1 0.958796296296 0.741927083333 0.0805555555556 0.127604166667
1 0.074537037037 0.912239583333 0.130555555556 0.1390625
1 0.223611111111 0.918489583333 0.136111111111 0.147395833333
1 0.344907407407 0.926302083333 0.123148148148 0.146354166667
1 0.450925925926 0.928645833333 0.118518518519 0.141666666667
1 0.553703703704 0.926822916667 0.112962962963 0.1453125
1 0.655092592593 0.93046875 0.10462962963 0.138020833333
1 0.759722222222 0.936197916667 0.130555555556 0.1265625
1 0.85 0.919010416667 0.109259259259 0.127604166667
