1 0.0472222222222 0.194791666667 0.0962962962963 0.153125
1 0.123148148148 0.19765625 0.0925925925926 0.147395833333
1 0.199074074074 0.197916666667 0.0962962962963 0.155208333333
1 0.276851851852 0.20390625 0.087037037037 0.131770833333
1 0.350925925926 0.20546875 0.087037037037 0.128645833333
1 0.439814814815 0.215364583333 0.0740740740741 0.116145833333
1 0.499074074074 0.22109375 0.0740740740741 0.108854166667
1 0.55787037037 0.209895833333 0.0675925925926 0.134375
1 0.615740740741 0.203385416667 0.0888888888889 0.149479166667
1 0.693055555556 0.20859375 0.0787037037037 0.1484375
1 0.768055555556 0.20625 0.0972222222222 0.153125
1 0.842592592593 0.204947916667 0.0907407407407 0.1484375
1 0.961111111111 0.213802083333 0.0759259259259 0.140104166667
1 0.0310185185185 0.371614583333 0.0638888888889 0.1390625
1 0.106481481481 0.372916666667 0.0740740740741 0.134375
1 0.174074074074 0.369791666667 0.0703703703704 0.144791666667
1 0.240277777778 0.383333333333 0.0694444444444 0.113541666667
1 0.293518518519 0.38515625 0.0777777777778 0.1171875
1 0.41712962963 0.387239583333 0.0787037037037 0.1078125
1 0.478703703704 0.3890625 0.0703703703704 0.111458333333
1 0.536111111111 0.388541666667 0.0740740740741 0.114583333333
1 0.586574074074 0.38515625 0.0842592592593 0.1328125
1 0.660648148148 0.391927083333 0.0805555555556 0.130729166667
1 0.73287037037 0.392447916667 0.0805555555556 0.1390625
1 0.808796296296 0.39375 0.0842592592593 0.14375
1 0.885185185185 0.390625 0.0722222222222 0.144791666667
1 0.955092592593 0.389583333333 0.0805555555556 0.140625
1 0.0444444444444 0.535416666667 0.0907407407407 0.133333333333
1 0.115740740741 0.541145833333 0.0851851851852 0.135416666667
1 0.184722222222 0.548177083333 0.0787037037037 0.140104166667
1 0.256481481481 0.551822916667 0.0944444444444 0.119270833333
1 0.305555555556 0.5453125 0.0703703703704 0.122916666667
1 0.363888888889 0.54609375 0.0574074074074 0.109895833333
1 0.40787037037 0.557552083333 0.0842592592593 0.109895833333
1 0.476851851852 0.553385416667 0.0666666666667 0.108854166667
1 0.532407407407 0.55390625 0.0666666666667 0.109895833333
1 0.587962962963 0.554166666667 0.0740740740741 0.123958333333
1 0.65787037037 0.55234375 0.075 0.1203125
1 0.734722222222 0.558333333333 0.0842592592593 0.125
1 0.80787037037 0.55859375 0.0861111111111 0.124479166667
1 0.880092592593 0.55859375 0.0787037037037 0.124479166667
1 0.945833333333 0.557552083333 0.0824074074074 0.121354166667
1 0.0300925925926 0.694791666667 0.062037037037 0.113541666667
1 0.0898148148148 0.700260416667 0.0833333333333 0.118229166667
1 0.163888888889 0.7015625 0.0777777777778 0.125
1 0.306018518519 0.70625 0.0824074074074 0.113541666667
1 0.376851851852 0.70859375 0.0851851851852 0.108854166667
1 0.451851851852 0.715625 0.0740740740741 0.111458333333
1 0.512962962963 0.714322916667 0.0722222222222 0.106770833333
1 0.577314814815 0.7046875 0.0787037037037 0.1125
1 0.647685185185 0.707291666667 0.0824074074074 0.115625
1 0.718518518519 0.707552083333 0.0685185185185 0.118229166667
1 0.779166666667 0.70859375 0.0824074074074 0.118229166667
1 0.853240740741 0.71328125 0.0861111111111 0.127604166667
1 0.906944444444 0.704947916667 0.0657407407407 0.108854166667
1 0.969444444444 0.707552083333 0.0592592592593 0.118229166667
1 0.193055555556 0.893229166667 0.0990740740741 0.110416666667
1 0.423148148148 0.839322916667 0.0833333333333 0.0859375
