2 0.0416666666667 0.16796875 0.0851851851852 0.1484375
2 0.0476851851852 0.302864583333 0.0972222222222 0.119270833333
2 0.17037037037 0.168489583333 0.201851851852 0.130729166667
2 0.17037037037 0.291927083333 0.198148148148 0.125520833333
2 0.354166666667 0.152864583333 0.175 0.150520833333
2 0.34212962963 0.280208333333 0.171296296296 0.115625
2 0.529166666667 0.153645833333 0.191666666667 0.135416666667
2 0.498148148148 0.277864583333 0.183333333333 0.108854166667
2 0.700925925926 0.155989583333 0.181481481481 0.138020833333
2 0.683796296296 0.27109375 0.158333333333 0.1203125
2 0.83287037037 0.263541666667 0.163888888889 0.116666666667
2 0.8625 0.144270833333 0.178703703704 0.1125
2 0.949537037037 0.15 0.0990740740741 0.114583333333
2 0.943518518519 0.25859375 0.111111111111 0.1203125
2 0.074537037037 0.502604166667 0.150925925926 0.122916666667
2 0.0814814814815 0.597395833333 0.164814814815 0.122916666667
2 0.228703703704 0.480729166667 0.183333333333 0.122916666667
2 0.23287037037 0.582291666667 0.158333333333 0.1
2 0.39212962963 0.481770833333 0.176851851852 0.111458333333
2 0.401851851852 0.566927083333 0.17962962963 0.0963541666667
2 0.528703703704 0.459114583333 0.162962962963 0.0984375
2 0.526851851852 0.55 0.146296296296 0.0927083333333
2 0.65787037037 0.4515625 0.169444444444 0.120833333333
2 0.660185185185 0.538541666667 0.131481481481 0.115625
2 0.771759259259 0.425 0.137962962963 0.111458333333
2 0.750462962963 0.508854166667 0.112037037037 0.103125
2 0.905555555556 0.412239583333 0.175925925926 0.1140625
2 0.891203703704 0.495572916667 0.158333333333 0.108854166667
2 0.0611111111111 0.769270833333 0.124074074074 0.1125
2 0.0680555555556 0.863541666667 0.137962962963 0.113541666667
2 0.208333333333 0.743229166667 0.159259259259 0.11875
2 0.224537037037 0.819270833333 0.158333333333 0.103125
2 0.379166666667 0.7078125 0.15462962963 0.101041666667
2 0.360648148148 0.784895833333 0.171296296296 0.113541666667
2 0.518055555556 0.67890625 0.169444444444 0.0942708333333
2 0.503703703704 0.752604166667 0.144444444444 0.1
2 0.678240740741 0.65859375 0.149074074074 0.0973958333333
2 0.646296296296 0.73515625 0.15 0.0744791666667
2 0.804166666667 0.634375 0.152777777778 0.0885416666667
2 0.777777777778 0.708854166667 0.125925925926 0.0708333333333
2 0.909722222222 0.6078125 0.121296296296 0.071875
2 0.900462962963 0.682552083333 0.123148148148 0.0776041666667
2 0.258333333333 0.953385416667 0.103703703704 0.0890625
2 0.393518518519 0.943489583333 0.142592592593 0.1109375
2 0.518981481481 0.912760416667 0.121296296296 0.103645833333
2 0.512037037037 0.98125 0.131481481481 0.0364583333333
2 0.621296296296 0.89375 0.125925925926 0.0833333333333
2 0.622685185185 0.957291666667 0.0916666666667 0.0604166666667
2 0.733796296296 0.86484375 0.128703703704 0.0880208333333
2 0.715277777778 0.9296875 0.119444444444 0.0489583333333
2 0.832407407407 0.840364583333 0.127777777778 0.0953125
2 0.941666666667 0.823697916667 0.107407407407 0.109895833333
2 0.159722222222 0.966145833333 0.0953703703704 0.0666666666667
2 0.0509259259259 0.973958333333 0.103703703704 0.05
