1 0.115277777778 0.145833333333 0.0601851851852 0.08125
1 0.161574074074 0.146614583333 0.0583333333333 0.0828125
1 0.215277777778 0.146614583333 0.0546296296296 0.0828125
1 0.254166666667 0.1484375 0.0453703703704 0.0833333333333
1 0.292592592593 0.146614583333 0.0481481481481 0.0848958333333
1 0.325462962963 0.14609375 0.0435185185185 0.0859375
1 0.359259259259 0.144270833333 0.05 0.084375
1 0.421296296296 0.14140625 0.087037037037 0.0973958333333
1 0.505092592593 0.139583333333 0.0787037037037 0.0989583333333
1 0.574537037037 0.1421875 0.0768518518519 0.0916666666667
1 0.646296296296 0.1484375 0.0759259259259 0.0791666666667
1 0.716203703704 0.143489583333 0.0805555555556 0.0859375
1 0.819907407407 0.144270833333 0.0990740740741 0.0875
1 0.922222222222 0.14375 0.109259259259 0.0927083333333
1 0.0199074074074 0.319010416667 0.0416666666667 0.1359375
1 0.0921296296296 0.32890625 0.0787037037037 0.1296875
1 0.164814814815 0.33125 0.0851851851852 0.134375
1 0.237037037037 0.3328125 0.0925925925926 0.133333333333
1 0.333796296296 0.331770833333 0.0935185185185 0.1375
1 0.406481481481 0.33125 0.0703703703704 0.130208333333
1 0.459259259259 0.330989583333 0.0759259259259 0.1390625
1 0.535185185185 0.335416666667 0.0925925925926 0.142708333333
1 0.607407407407 0.3359375 0.0759259259259 0.14375
1 0.689814814815 0.335416666667 0.0851851851852 0.144791666667
1 0.765740740741 0.33828125 0.0814814814815 0.1484375
1 0.837962962963 0.339322916667 0.0851851851852 0.1484375
1 0.934722222222 0.3375 0.0972222222222 0.15625
1 0.0282407407407 0.526041666667 0.0583333333333 0.133333333333
1 0.087962962963 0.5390625 0.087037037037 0.121875
1 0.163888888889 0.542447916667 0.087037037037 0.1171875
1 0.230092592593 0.54375 0.0787037037037 0.121875
1 0.309259259259 0.531510416667 0.0685185185185 0.118229166667
1 0.371296296296 0.526302083333 0.0703703703704 0.1078125
1 0.422222222222 0.528645833333 0.0722222222222 0.101041666667
1 0.479166666667 0.5453125 0.0657407407407 0.122916666667
1 0.555092592593 0.553385416667 0.0861111111111 0.118229166667
1 0.627777777778 0.5453125 0.0685185185185 0.127083333333
1 0.690740740741 0.551302083333 0.0777777777778 0.127604166667
1 0.729166666667 0.565104166667 0.0805555555556 0.138541666667
1 0.775925925926 0.55703125 0.0722222222222 0.1296875
1 0.849074074074 0.561979166667 0.0833333333333 0.13125
1 0.929166666667 0.567447916667 0.102777777778 0.133854166667
1 0.050462962963 0.684114583333 0.0953703703704 0.116145833333
1 0.116666666667 0.6890625 0.0740740740741 0.122916666667
1 0.173148148148 0.699739583333 0.0851851851852 0.140104166667
1 0.238888888889 0.710416666667 0.101851851852 0.154166666667
1 0.441666666667 0.706510416667 0.0944444444444 0.1203125
1 0.571296296296 0.69921875 0.0833333333333 0.0973958333333
1 0.685648148148 0.721875 0.10462962963 0.128125
1 0.802777777778 0.73359375 0.118518518519 0.138020833333
1 0.0805555555556 0.885677083333 0.0555555555556 0.0671875
1 0.0208333333333 0.886197916667 0.0435185185185 0.0661458333333
1 0.135185185185 0.89375 0.0740740740741 0.0625
1 0.2125 0.903385416667 0.0972222222222 0.0661458333333
1 0.0351851851852 0.944010416667 0.0722222222222 0.0619791666667
1 0.131944444444 0.947395833333 0.0805555555556 0.0479166666667
1 0.191666666667 0.952864583333 0.0648148148148 0.0442708333333
1 0.25787037037 0.948697916667 0.0805555555556 0.0619791666667
1 0.384722222222 0.884375 0.0805555555556 0.115625
1 0.422222222222 0.913541666667 0.0888888888889 0.136458333333
1 0.498148148148 0.915625 0.0888888888889 0.141666666667
1 0.578703703704 0.89609375 0.0722222222222 0.113020833333
1 0.726851851852 0.9203125 0.0888888888889 0.155208333333
1 0.866666666667 0.914583333333 0.12962962963 0.130208333333
1 0.950925925926 0.933333333333 0.0962962962963 0.132291666667
