5 0.0157407407407 0.187760416667 0.0333333333333 0.105729166667
5 0.0657407407407 0.183072916667 0.0777777777778 0.1171875
5 0.141203703704 0.191927083333 0.0527777777778 0.1015625
5 0.190740740741 0.1859375 0.0814814814815 0.102083333333
5 0.262962962963 0.186458333333 0.0814814814815 0.103125
5 0.35462962963 0.171614583333 0.087037037037 0.127604166667
5 0.436111111111 0.1734375 0.0814814814815 0.129166666667
5 0.510185185185 0.179427083333 0.0851851851852 0.105729166667
5 0.581944444444 0.1734375 0.0898148148148 0.121875
5 0.660185185185 0.167447916667 0.0981481481481 0.1265625
5 0.752777777778 0.165104166667 0.0833333333333 0.13125
5 0.841666666667 0.16875 0.0796296296296 0.119791666667
5 0.892592592593 0.17578125 0.0666666666667 0.105729166667
5 0.955092592593 0.17890625 0.0768518518519 0.103645833333
5 0.0328703703704 0.369791666667 0.0675925925926 0.13125
5 0.0944444444444 0.36875 0.0962962962963 0.138541666667
5 0.166203703704 0.36796875 0.0787037037037 0.134895833333
5 0.238425925926 0.367708333333 0.0916666666667 0.138541666667
5 0.327314814815 0.367447916667 0.0916666666667 0.143229166667
5 0.393518518519 0.364583333333 0.0814814814815 0.146875
5 0.458333333333 0.362760416667 0.0796296296296 0.143229166667
5 0.513425925926 0.360416666667 0.062037037037 0.147916666667
5 0.571296296296 0.359114583333 0.0685185185185 0.150520833333
5 0.636111111111 0.3578125 0.0833333333333 0.147916666667
5 0.687962962963 0.358333333333 0.0555555555556 0.146875
5 0.749074074074 0.355729166667 0.0685185185185 0.145833333333
5 0.839351851852 0.35546875 0.0787037037037 0.143229166667
5 0.910185185185 0.353645833333 0.0851851851852 0.144791666667
5 0.978703703704 0.353125 0.0407407407407 0.138541666667
5 0.0189814814815 0.540625 0.0398148148148 0.120833333333
5 0.0592592592593 0.534114583333 0.0518518518519 0.1171875
5 0.11712962963 0.5390625 0.0768518518519 0.129166666667
5 0.172685185185 0.5359375 0.062037037037 0.120833333333
5 0.210648148148 0.53828125 0.075 0.127604166667
5 0.273148148148 0.544791666667 0.0722222222222 0.136458333333
5 0.340740740741 0.537239583333 0.0685185185185 0.1328125
5 0.409722222222 0.540104166667 0.0916666666667 0.138541666667
5 0.47962962963 0.540885416667 0.0740740740741 0.1421875
5 0.543981481481 0.541927083333 0.0731481481481 0.1421875
5 0.607407407407 0.54140625 0.0851851851852 0.141145833333
5 0.683796296296 0.537239583333 0.0898148148148 0.134895833333
5 0.771759259259 0.529947916667 0.075 0.1234375
5 0.863888888889 0.534114583333 0.0814814814815 0.1359375
5 0.929166666667 0.531770833333 0.0768518518519 0.136458333333
5 0.973611111111 0.524479166667 0.0509259259259 0.138541666667
5 0.106944444444 0.720572916667 0.147222222222 0.1515625
5 0.233796296296 0.719270833333 0.147222222222 0.154166666667
5 0.408333333333 0.752083333333 0.153703703704 0.171875
5 0.500462962963 0.716927083333 0.10462962963 0.158854166667
5 0.598148148148 0.735677083333 0.162962962963 0.193229166667
5 0.7125 0.716927083333 0.134259259259 0.166145833333
5 0.842592592593 0.72578125 0.0944444444444 0.1859375
5 0.921759259259 0.719791666667 0.0916666666667 0.18125
