1 0.0361111111111 0.240885416667 0.0740740740741 0.0786458333333
1 0.0949074074074 0.163802083333 0.0935185185185 0.0848958333333
1 0.172222222222 0.170833333333 0.0944444444444 0.0895833333333
1 0.258796296296 0.1703125 0.0990740740741 0.08125
1 0.332407407407 0.170833333333 0.0907407407407 0.0802083333333
1 0.109259259259 0.2421875 0.0925925925926 0.08125
1 0.186574074074 0.241666666667 0.0953703703704 0.0822916666667
1 0.253240740741 0.24375 0.0842592592593 0.078125
1 0.329166666667 0.24375 0.0805555555556 0.0729166666667
1 0.400462962963 0.242708333333 0.0861111111111 0.0802083333333
1 0.620833333333 0.17421875 0.0824074074074 0.0869791666667
1 0.497222222222 0.247395833333 0.0703703703704 0.0708333333333
1 0.550925925926 0.247916666667 0.0814814814815 0.0739583333333
1 0.617592592593 0.25078125 0.0722222222222 0.0682291666667
1 0.869907407407 0.217708333333 0.119444444444 0.136458333333
1 0.941666666667 0.222395833333 0.0740740740741 0.141666666667
1 0.0407407407407 0.391927083333 0.0703703703704 0.140104166667
1 0.0967592592593 0.3953125 0.0805555555556 0.135416666667
1 0.173148148148 0.397135416667 0.0888888888889 0.1390625
1 0.256481481481 0.394791666667 0.0944444444444 0.125
1 0.32037037037 0.394270833333 0.087037037037 0.140625
1 0.385185185185 0.401822916667 0.0722222222222 0.1203125
1 0.423148148148 0.405729166667 0.087037037037 0.123958333333
1 0.500462962963 0.406510416667 0.0935185185185 0.118229166667
1 0.56712962963 0.406510416667 0.075 0.118229166667
1 0.635185185185 0.40703125 0.087037037037 0.1171875
1 0.708333333333 0.409114583333 0.0888888888889 0.1171875
1 0.783333333333 0.409114583333 0.087037037037 0.1171875
1 0.864351851852 0.401041666667 0.0768518518519 0.133333333333
1 0.922222222222 0.400520833333 0.0851851851852 0.125
1 0.971296296296 0.40234375 0.0555555555556 0.1359375
1 0.075462962963 0.550520833333 0.0824074074074 0.126041666667
1 0.148611111111 0.550520833333 0.0805555555556 0.119791666667
1 0.211574074074 0.552864583333 0.0787037037037 0.1171875
1 0.278240740741 0.5546875 0.0805555555556 0.120833333333
1 0.328703703704 0.54765625 0.0740740740741 0.118229166667
1 0.397685185185 0.55859375 0.0768518518519 0.1078125
1 0.474537037037 0.556770833333 0.0953703703704 0.102083333333
1 0.550925925926 0.566666666667 0.0907407407407 0.105208333333
1 0.618518518519 0.57265625 0.0740740740741 0.105729166667
1 0.689814814815 0.56953125 0.0722222222222 0.106770833333
1 0.753240740741 0.568489583333 0.0805555555556 0.1109375
1 0.830555555556 0.548177083333 0.0907407407407 0.109895833333
1 0.0416666666667 0.720572916667 0.0851851851852 0.119270833333
1 0.102314814815 0.735677083333 0.102777777778 0.1078125
1 0.228703703704 0.727083333333 0.0888888888889 0.125
1 0.173148148148 0.71015625 0.0444444444444 0.1171875
1 0.298611111111 0.69921875 0.0638888888889 0.1109375
1 0.354166666667 0.725260416667 0.0805555555556 0.115104166667
1 0.410648148148 0.72578125 0.0787037037037 0.118229166667
1 0.472685185185 0.730989583333 0.0953703703704 0.1171875
1 0.536111111111 0.7328125 0.0740740740741 0.102083333333
1 0.599074074074 0.734375 0.0759259259259 0.103125
1 0.660648148148 0.738802083333 0.0638888888889 0.106770833333
1 0.720833333333 0.738020833333 0.0805555555556 0.103125
1 0.835648148148 0.70625 0.0972222222222 0.113541666667
1 0.852314814815 0.884375 0.130555555556 0.090625
1 0.0342592592593 0.884375 0.0703703703704 0.141666666667
1 0.0972222222222 0.89375 0.1 0.157291666667
1 0.193518518519 0.887239583333 0.122222222222 0.1515625
1 0.352777777778 0.854427083333 0.125925925926 0.0765625
