1 0.62265625 0.679166666667 0.0328125 0.147222222222
1 0.713802083333 0.676388888889 0.0359375 0.152777777778
1 0.751302083333 0.681481481481 0.0338541666667 0.161111111111
1 0.786458333333 0.676851851852 0.0364583333333 0.157407407407
1 0.825260416667 0.680555555556 0.0338541666667 0.155555555556
1 0.627604166667 0.506481481481 0.0291666666667 0.112962962963
1 0.6546875 0.506018518519 0.0270833333333 0.113888888889
1 0.680989583333 0.501388888889 0.0307291666667 0.123148148148
1 0.709895833333 0.502777777778 0.028125 0.109259259259
1 0.736979166667 0.506018518519 0.0239583333333 0.112037037037
1 0.7625 0.501851851852 0.0291666666667 0.124074074074
1 0.5609375 0.314351851852 0.0239583333333 0.117592592593
1 0.586458333333 0.310185185185 0.028125 0.12037037037
1 0.613802083333 0.311111111111 0.0317708333333 0.12037037037
1 0.6390625 0.310648148148 0.0260416666667 0.121296296296
1 0.6671875 0.309259259259 0.0291666666667 0.122222222222
1 0.693229166667 0.306944444444 0.03125 0.119444444444
1 0.553385416667 0.138425925926 0.0234375 0.0972222222222
1 0.575260416667 0.137037037037 0.0255208333333 0.103703703704
1 0.596875 0.1375 0.0270833333333 0.10462962963
1 0.62109375 0.137037037037 0.0223958333333 0.105555555556
1 0.640364583333 0.137037037037 0.0223958333333 0.1
1 0.659635416667 0.135648148148 0.0244791666667 0.0953703703704
1 0.6890625 0.131481481481 0.025 0.0981481481481
1 0.709895833333 0.130092592593 0.0208333333333 0.100925925926
1 0.853125 0.313425925926 0.025 0.106481481481
1 0.88046875 0.308333333333 0.0286458333333 0.105555555556
1 0.906510416667 0.310648148148 0.0244791666667 0.102777777778
1 0.929947916667 0.311111111111 0.0244791666667 0.111111111111
1 0.953125 0.301851851852 0.025 0.107407407407
1 0.852604166667 0.126388888889 0.0239583333333 0.102777777778
1 0.877604166667 0.12037037037 0.0260416666667 0.101851851852
1 0.902083333333 0.116203703704 0.021875 0.10462962963
1 0.941666666667 0.114814814815 0.0208333333333 0.101851851852
1 0.963020833333 0.1125 0.0239583333333 0.102777777778
1 0.945833333333 0.506018518519 0.0229166666667 0.112037037037
1 0.9203125 0.505092592593 0.0208333333333 0.113888888889
1 0.9703125 0.708333333333 0.0260416666667 0.122222222222
1 0.947916666667 0.691666666667 0.0239583333333 0.116666666667
1 0.483072916667 0.698611111111 0.0276041666667 0.108333333333
1 0.509114583333 0.698611111111 0.0286458333333 0.108333333333
1 0.53359375 0.693981481481 0.0286458333333 0.110185185185
1 0.56796875 0.498611111111 0.0276041666667 0.130555555556
6 0.594010416667 0.5 0.0265625 0.133333333333
6 0.0755208333333 0.123611111111 0.0395833333333 0.0675925925926
6 0.11171875 0.123611111111 0.0369791666667 0.0712962962963
6 0.146614583333 0.120833333333 0.0369791666667 0.0712962962963
6 0.18203125 0.119907407407 0.0401041666667 0.0731481481481
6 0.0348958333333 0.176851851852 0.040625 0.0611111111111
6 0.0770833333333 0.183333333333 0.0395833333333 0.05
6 0.1125 0.183796296296 0.0385416666667 0.0546296296296
6 0.147916666667 0.181481481481 0.040625 0.0574074074074
6 0.183333333333 0.17962962963 0.040625 0.0481481481481
6 0.109375 0.296759259259 0.04375 0.0583333333333
6 0.146354166667 0.303240740741 0.0364583333333 0.0638888888889
6 0.183072916667 0.296759259259 0.0442708333333 0.0638888888889
6 0.111979166667 0.350462962963 0.0385416666667 0.0583333333333
6 0.149479166667 0.349074074074 0.0375 0.0555555555556
6 0.183333333333 0.348148148148 0.0375 0.0518518518519
6 0.2515625 0.464814814815 0.0375 0.0796296296296
6 0.288020833333 0.470833333333 0.0364583333333 0.0731481481481
6 0.25703125 0.534259259259 0.0390625 0.0648148148148
6 0.288802083333 0.535648148148 0.0359375 0.0675925925926
6 0.736979166667 0.916203703704 0.059375 0.0564814814815
6 0.81328125 0.837037037037 0.0546875 0.062962962963
6 0.91015625 0.931018518519 0.0588541666667 0.0583333333333
6 0.05390625 0.881944444444 0.0557291666667 0.0675925925926
6 0.0567708333333 0.92962962963 0.0572916666667 0.0481481481481
6 0.0997395833333 0.858333333333 0.0567708333333 0.0555555555556
6 0.102864583333 0.898148148148 0.0536458333333 0.0518518518519
6 0.486197916667 0.105092592593 0.0411458333333 0.0694444444444
6 0.526041666667 0.106481481481 0.040625 0.0592592592593
6 0.488541666667 0.162962962963 0.0364583333333 0.0592592592593
6 0.5265625 0.159259259259 0.0395833333333 0.0555555555556
6 0.147916666667 0.677777777778 0.0375 0.0722222222222
6 0.191666666667 0.673148148148 0.0333333333333 0.0740740740741
6 0.2171875 0.676851851852 0.0385416666667 0.0703703703704
6 0.152864583333 0.733333333333 0.0411458333333 0.0518518518519
6 0.190104166667 0.733796296296 0.0333333333333 0.0564814814815
6 0.220572916667 0.735648148148 0.0359375 0.0453703703704
6 0.24765625 0.657407407407 0.0390625 0.0796296296296
6 0.280989583333 0.655092592593 0.0390625 0.0842592592593
6 0.31484375 0.654166666667 0.0369791666667 0.0861111111111
6 0.253645833333 0.725462962963 0.0385416666667 0.0712962962963
6 0.286458333333 0.722222222222 0.0375 0.0722222222222
6 0.319791666667 0.723148148148 0.0395833333333 0.0666666666667
6 0.559895833333 0.713425925926 0.0333333333333 0.0824074074074
6 0.590104166667 0.715277777778 0.034375 0.0861111111111
6 0.493229166667 0.289814814815 0.034375 0.0648148148148
6 0.529427083333 0.290277777778 0.0369791666667 0.0657407407407
6 0.49140625 0.343981481481 0.0401041666667 0.0583333333333
6 0.528645833333 0.345833333333 0.0364583333333 0.0546296296296
6 0.15390625 0.483796296296 0.0380208333333 0.0638888888889
6 0.189583333333 0.485648148148 0.034375 0.0601851851852
6 0.22421875 0.488425925926 0.0359375 0.0601851851852
6 0.157291666667 0.536111111111 0.0395833333333 0.0611111111111
6 0.192447916667 0.535648148148 0.0348958333333 0.062037037037
6 0.22421875 0.538425925926 0.0348958333333 0.0546296296296
6 0.115885416667 0.47037037037 0.0453125 0.0444444444444
6 0.04453125 0.506018518519 0.0411458333333 0.0527777777778
6 0.07890625 0.510185185185 0.0401041666667 0.0537037037037
6 0.119270833333 0.514351851852 0.0416666666667 0.0490740740741
6 0.05390625 0.659722222222 0.0421875 0.0490740740741
6 0.0908854166667 0.659722222222 0.0390625 0.0546296296296
6 0.125520833333 0.661574074074 0.0291666666667 0.0509259259259
6 0.0583333333333 0.700462962963 0.040625 0.0509259259259
1 0.0953125 0.706944444444 0.0364583333333 0.0490740740741
1 0.212239583333 0.152777777778 0.0265625 0.101851851852
1 0.232552083333 0.152314814815 0.0255208333333 0.0935185185185
1 0.25546875 0.150462962963 0.0255208333333 0.0953703703704
1 0.276822916667 0.149537037037 0.0223958333333 0.0935185185185
1 0.221875 0.327777777778 0.0239583333333 0.0962962962963
1 0.24375 0.324074074074 0.0229166666667 0.1
1 0.265364583333 0.319444444444 0.0223958333333 0.0962962962963
1 0.282291666667 0.325 0.021875 0.0962962962963
1 0.30078125 0.326388888889 0.0255208333333 0.0990740740741
