1 0.377314814815 0.280989583333 0.113888888889 0.133854166667
1 0.482407407407 0.281510416667 0.114814814815 0.125520833333
1 0.587962962963 0.28515625 0.114814814815 0.122395833333
1 0.687962962963 0.285416666667 0.111111111111 0.128125
1 0.808333333333 0.2859375 0.111111111111 0.135416666667
1 0.920833333333 0.284114583333 0.113888888889 0.1296875
1 0.0532407407407 0.43984375 0.108333333333 0.1359375
1 0.151851851852 0.439583333333 0.114814814815 0.142708333333
1 0.264814814815 0.442447916667 0.105555555556 0.141145833333
1 0.357407407407 0.438802083333 0.105555555556 0.133854166667
1 0.460648148148 0.439583333333 0.113888888889 0.132291666667
1 0.0375 0.114322916667 0.0768518518519 0.119270833333
1 0.1 0.12109375 0.0944444444444 0.1171875
1 0.171296296296 0.122395833333 0.0851851851852 0.114583333333
1 0.24212962963 0.122395833333 0.0861111111111 0.1125
1 0.30787037037 0.12578125 0.0657407407407 0.105729166667
1 0.369444444444 0.124479166667 0.0740740740741 0.110416666667
1 0.439814814815 0.128125 0.0740740740741 0.1125
1 0.508796296296 0.126822916667 0.0768518518519 0.109895833333
1 0.577777777778 0.130989583333 0.087037037037 0.1046875
1 0.658796296296 0.133333333333 0.0935185185185 0.102083333333
1 0.758333333333 0.13515625 0.111111111111 0.0963541666667
1 0.833333333333 0.128125 0.0518518518519 0.0989583333333
1 0.897222222222 0.1296875 0.0888888888889 0.113541666667
1 0.965277777778 0.128645833333 0.0675925925926 0.113541666667
1 0.025 0.277864583333 0.0518518518519 0.125520833333
1 0.0907407407407 0.27578125 0.0925925925926 0.127604166667
1 0.162962962963 0.272916666667 0.0722222222222 0.142708333333
1 0.272222222222 0.279166666667 0.125925925926 0.130208333333
1 0.972685185185 0.28515625 0.0527777777778 0.1296875
1 0.59212962963 0.4359375 0.119444444444 0.116666666667
1 0.758333333333 0.434635416667 0.124074074074 0.1171875
1 0.865277777778 0.437239583333 0.0953703703704 0.1171875
1 0.951851851852 0.436979166667 0.0944444444444 0.114583333333
1 0.0671296296296 0.577864583333 0.128703703704 0.108854166667
1 0.173148148148 0.578385416667 0.118518518519 0.105729166667
1 0.312037037037 0.577864583333 0.1 0.108854166667
1 0.405555555556 0.57578125 0.105555555556 0.1078125
1 0.551851851852 0.576041666667 0.101851851852 0.1125
1 0.655555555556 0.5765625 0.111111111111 0.113541666667
1 0.765740740741 0.574739583333 0.109259259259 0.1078125
1 0.864814814815 0.574739583333 0.105555555556 0.105729166667
1 0.950925925926 0.57421875 0.0962962962963 0.108854166667
1 0.0384259259259 0.736197916667 0.0787037037037 0.108854166667
1 0.296296296296 0.72578125 0.105555555556 0.108854166667
1 0.384722222222 0.720572916667 0.0972222222222 0.115104166667
1 0.491203703704 0.718489583333 0.102777777778 0.1171875
1 0.578240740741 0.715104166667 0.100925925926 0.1125
1 0.663888888889 0.7125 0.0944444444444 0.114583333333
1 0.760648148148 0.709635416667 0.102777777778 0.1140625
1 0.861574074074 0.7078125 0.115740740741 0.1125
1 0.951851851852 0.703385416667 0.0944444444444 0.109895833333
1 0.049537037037 0.938802083333 0.0768518518519 0.0744791666667
1 0.137037037037 0.90703125 0.107407407407 0.0963541666667
1 0.209259259259 0.915625 0.0611111111111 0.071875
1 0.775 0.874739583333 0.124074074074 0.140104166667
1 0.880092592593 0.874479166667 0.119444444444 0.135416666667
1 0.963888888889 0.872395833333 0.0703703703704 0.144791666667
