1 0.0736111111111 0.175 0.117592592593 0.176041666667
1 0.175 0.176822916667 0.111111111111 0.1859375
1 0.249074074074 0.181770833333 0.0925925925926 0.189583333333
1 0.331018518519 0.188802083333 0.0953703703704 0.1859375
1 0.417592592593 0.186458333333 0.0962962962963 0.194791666667
1 0.499074074074 0.186197916667 0.105555555556 0.1984375
1 0.582407407407 0.192447916667 0.0925925925926 0.203645833333
1 0.686111111111 0.18828125 0.125925925926 0.2046875
1 0.554166666667 0.412239583333 0.132407407407 0.181770833333
1 0.460648148148 0.406770833333 0.139814814815 0.170833333333
1 0.363425925926 0.396354166667 0.10462962963 0.177083333333
1 0.275462962963 0.384114583333 0.0953703703704 0.156770833333
1 0.187962962963 0.384375 0.103703703704 0.157291666667
1 0.104166666667 0.383333333333 0.10462962963 0.155208333333
1 0.638425925926 0.614583333333 0.0972222222222 0.140625
1 0.55462962963 0.6109375 0.0962962962963 0.133333333333
1 0.487037037037 0.599479166667 0.087037037037 0.135416666667
1 0.604166666667 0.766927083333 0.136111111111 0.1203125
1 0.484259259259 0.762760416667 0.140740740741 0.130729166667
1 0.385185185185 0.746354166667 0.105555555556 0.13125
1 0.287962962963 0.724479166667 0.114814814815 0.125
1 0.190740740741 0.710416666667 0.103703703704 0.121875
1 0.115277777778 0.698958333333 0.0953703703704 0.109375
1 0.110185185185 0.867708333333 0.105555555556 0.140625
1 0.18287037037 0.8859375 0.0898148148148 0.15625
1 0.2875 0.909375 0.108333333333 0.151041666667
1 0.381944444444 0.92421875 0.117592592593 0.146354166667
1 0.485185185185 0.933072916667 0.101851851852 0.1328125
1 0.713425925926 0.8859375 0.163888888889 0.132291666667
1 0.850925925926 0.911458333333 0.166666666667 0.148958333333
1 0.775462962963 0.699479166667 0.158333333333 0.158333333333
1 0.918981481481 0.721875 0.15462962963 0.151041666667
1 0.80787037037 0.492708333333 0.167592592593 0.179166666667
1 0.803703703704 0.222395833333 0.107407407407 0.0854166666667
1 0.899537037037 0.225260416667 0.0972222222222 0.0942708333333
1 0.964351851852 0.22890625 0.0694444444444 0.0890625
1 0.777314814815 0.298697916667 0.119444444444 0.0859375
1 0.885185185185 0.300520833333 0.112962962963 0.084375
1 0.958333333333 0.305989583333 0.0814814814815 0.0901041666667
1 0.0435185185185 0.370052083333 0.0888888888889 0.138020833333
1 0.65 0.420833333333 0.131481481481 0.167708333333
1 0.929166666667 0.503645833333 0.139814814815 0.1875
1 0.0625 0.553385416667 0.0842592592593 0.1296875
1 0.1125 0.557552083333 0.0657407407407 0.138020833333
1 0.178240740741 0.5609375 0.0861111111111 0.133333333333
1 0.250925925926 0.571354166667 0.0888888888889 0.146875
1 0.333796296296 0.58203125 0.100925925926 0.1421875
1 0.412962962963 0.5875 0.107407407407 0.144791666667
1 0.0509259259259 0.6953125 0.103703703704 0.107291666667
1 0.948611111111 0.92734375 0.100925925926 0.144270833333
1 0.0300925925926 0.861458333333 0.062037037037 0.157291666667
1 0.58287037037 0.933854166667 0.10462962963 0.13125
