1 0.283333333333 0.357291666667 0.087037037037 0.163541666667
1 0.357407407407 0.359895833333 0.111111111111 0.145833333333
1 0.452777777778 0.361197916667 0.0925925925926 0.161979166667
1 0.526851851852 0.358072916667 0.0925925925926 0.159895833333
1 0.662037037037 0.358854166667 0.0888888888889 0.158333333333
1 0.760185185185 0.364322916667 0.101851851852 0.161979166667
1 0.842592592593 0.366145833333 0.0907407407407 0.164583333333
1 0.912037037037 0.36640625 0.103703703704 0.1484375
1 0.414351851852 0.58125 0.0842592592593 0.151041666667
1 0.341666666667 0.583072916667 0.105555555556 0.161979166667
1 0.508333333333 0.56640625 0.0925925925926 0.1359375
1 0.631944444444 0.576041666667 0.0861111111111 0.157291666667
1 0.706481481481 0.576041666667 0.0814814814815 0.144791666667
1 0.897222222222 0.58984375 0.142592592593 0.1546875
1 0.933333333333 0.774479166667 0.131481481481 0.152083333333
1 0.810648148148 0.7609375 0.0990740740741 0.139583333333
1 0.716666666667 0.75546875 0.12037037037 0.124479166667
1 0.53287037037 0.759895833333 0.0990740740741 0.147916666667
1 0.42962962963 0.765104166667 0.133333333333 0.147916666667
1 0.325 0.761979166667 0.125925925926 0.14375
1 0.199537037037 0.755729166667 0.136111111111 0.135416666667
1 0.219907407407 0.93828125 0.150925925926 0.122395833333
1 0.408333333333 0.935677083333 0.151851851852 0.127604166667
1 0.571759259259 0.934895833333 0.14537037037 0.129166666667
1 0.70462962963 0.9390625 0.114814814815 0.120833333333
1 0.824537037037 0.9390625 0.0898148148148 0.120833333333
1 0.948148148148 0.940104166667 0.101851851852 0.11875
1 0.625925925926 0.754947916667 0.0888888888889 0.1109375
1 0.826388888889 0.586979166667 0.0824074074074 0.132291666667
1 0.76712962963 0.573697916667 0.0824074074074 0.130729166667
1 0.598148148148 0.3625 0.087037037037 0.136458333333
1 0.967592592593 0.368229166667 0.062962962963 0.136458333333
1 0.252314814815 0.17265625 0.0990740740741 0.0994791666667
1 0.345833333333 0.184114583333 0.0805555555556 0.0786458333333
1 0.40787037037 0.186458333333 0.0768518518519 0.08125
1 0.468518518519 0.1875 0.0703703703704 0.08125
1 0.522685185185 0.175 0.0805555555556 0.111458333333
1 0.602777777778 0.17890625 0.0888888888889 0.105729166667
1 0.674074074074 0.18203125 0.0944444444444 0.108854166667
1 0.746296296296 0.18359375 0.0907407407407 0.103645833333
1 0.817592592593 0.185416666667 0.0888888888889 0.102083333333
1 0.880092592593 0.189322916667 0.102777777778 0.0984375
1 0.947685185185 0.18828125 0.0824074074074 0.0942708333333
1 0.0342592592593 0.933854166667 0.0703703703704 0.123958333333
1 0.105555555556 0.927864583333 0.125925925926 0.128645833333
