4 0.0537037037037 0.23125 0.109259259259 0.096875
4 0.222222222222 0.21796875 0.166666666667 0.106770833333
4 0.401388888889 0.235416666667 0.147222222222 0.13125
4 0.566666666667 0.22890625 0.188888888889 0.149479166667
4 0.732407407407 0.241927083333 0.15 0.134895833333
4 0.919907407407 0.205729166667 0.137962962963 0.114583333333
4 0.0833333333333 0.391927083333 0.168518518519 0.1015625
4 0.255092592593 0.3859375 0.163888888889 0.104166666667
4 0.416203703704 0.409375 0.163888888889 0.1125
4 0.564814814815 0.396875 0.140740740741 0.104166666667
4 0.735648148148 0.400260416667 0.134259259259 0.116145833333
4 0.879166666667 0.434114583333 0.147222222222 0.133854166667
4 0.138888888889 0.55078125 0.155555555556 0.1171875
4 0.278703703704 0.5640625 0.168518518519 0.126041666667
4 0.560185185185 0.58359375 0.138888888889 0.1328125
4 0.720833333333 0.602083333333 0.113888888889 0.136458333333
4 0.89212962963 0.5734375 0.130555555556 0.123958333333
4 0.099537037037 0.741145833333 0.165740740741 0.136458333333
4 0.260648148148 0.759635416667 0.178703703704 0.149479166667
4 0.456481481481 0.753645833333 0.185185185185 0.154166666667
4 0.631018518519 0.740104166667 0.14537037037 0.145833333333
4 0.786111111111 0.742447916667 0.172222222222 0.128645833333
4 0.909259259259 0.715625 0.125925925926 0.104166666667
4 0.943055555556 0.850260416667 0.112037037037 0.103645833333
4 0.619907407407 0.859114583333 0.149074074074 0.122395833333
4 0.464814814815 0.861979166667 0.138888888889 0.0875
4 0.0388888888889 0.906770833333 0.0796296296296 0.119791666667
4 0.160648148148 0.909114583333 0.162037037037 0.1171875
4 0.255555555556 0.884635416667 0.155555555556 0.106770833333
4 0.790740740741 0.90390625 0.172222222222 0.0901041666667
