1 0.127777777778 0.08359375 0.0925925925926 0.0348958333333
1 0.218055555556 0.08515625 0.0972222222222 0.0359375
1 0.297685185185 0.0869791666667 0.0824074074074 0.0354166666667
1 0.460185185185 0.090625 0.103703703704 0.0395833333333
1 0.542592592593 0.0846354166667 0.0907407407407 0.0369791666667
1 0.625 0.0833333333333 0.0907407407407 0.0395833333333
1 0.702777777778 0.08359375 0.0907407407407 0.0348958333333
1 0.786574074074 0.0846354166667 0.0972222222222 0.0348958333333
1 0.863425925926 0.0875 0.0787037037037 0.0364583333333
1 0.0578703703704 0.134375 0.100925925926 0.0677083333333
1 0.148611111111 0.134375 0.0935185185185 0.071875
1 0.219444444444 0.1328125 0.0944444444444 0.06875
1 0.298611111111 0.133854166667 0.0972222222222 0.06875
1 0.386111111111 0.139583333333 0.0907407407407 0.0614583333333
1 0.461111111111 0.136197916667 0.0888888888889 0.0619791666667
1 0.542592592593 0.133854166667 0.0833333333333 0.0666666666667
1 0.618518518519 0.131770833333 0.087037037037 0.0708333333333
1 0.696759259259 0.13046875 0.0953703703704 0.0682291666667
1 0.774074074074 0.131770833333 0.0925925925926 0.0708333333333
1 0.850925925926 0.133854166667 0.087037037037 0.0666666666667
1 0.913888888889 0.13671875 0.0685185185185 0.0578125
1 0.966203703704 0.136458333333 0.0657407407407 0.0635416666667
1 0.0638888888889 0.272916666667 0.12962962963 0.133333333333
1 0.141203703704 0.3 0.0787037037037 0.08125
1 0.212037037037 0.273697916667 0.125925925926 0.128645833333
1 0.302777777778 0.29765625 0.0888888888889 0.0838541666667
1 0.387037037037 0.2734375 0.125925925926 0.132291666667
1 0.524074074074 0.274479166667 0.144444444444 0.139583333333
1 0.652314814815 0.275 0.134259259259 0.13125
1 0.748148148148 0.299479166667 0.0833333333333 0.0895833333333
1 0.936111111111 0.269270833333 0.125925925926 0.1375
1 0.0722222222222 0.4375 0.146296296296 0.122916666667
1 0.155555555556 0.45625 0.0833333333333 0.08125
1 0.202777777778 0.42734375 0.127777777778 0.106770833333
1 0.301851851852 0.419791666667 0.111111111111 0.103125
1 0.390277777778 0.431770833333 0.115740740741 0.111458333333
1 0.463888888889 0.448177083333 0.0703703703704 0.0671875
1 0.540277777778 0.42890625 0.102777777778 0.115104166667
1 0.622685185185 0.437239583333 0.119444444444 0.119270833333
1 0.705092592593 0.428385416667 0.0657407407407 0.1140625
1 0.781481481481 0.4296875 0.107407407407 0.111458333333
1 0.864814814815 0.436458333333 0.125925925926 0.125
1 0.956018518519 0.440625 0.0861111111111 0.103125
1 0.185648148148 0.576302083333 0.134259259259 0.109895833333
1 0.308333333333 0.559114583333 0.107407407407 0.0744791666667
1 0.39212962963 0.562760416667 0.0953703703704 0.0838541666667
1 0.518518518519 0.574739583333 0.105555555556 0.0963541666667
1 0.631944444444 0.581770833333 0.117592592593 0.105208333333
1 0.748611111111 0.577604166667 0.115740740741 0.104166666667
1 0.872685185185 0.582552083333 0.0972222222222 0.106770833333
1 0.956944444444 0.587239583333 0.0842592592593 0.118229166667
1 0.151388888889 0.721354166667 0.115740740741 0.113541666667
1 0.243981481481 0.71015625 0.0953703703704 0.0942708333333
1 0.400462962963 0.715885416667 0.112037037037 0.0963541666667
1 0.493055555556 0.729427083333 0.0990740740741 0.116145833333
1 0.587962962963 0.727604166667 0.107407407407 0.1125
1 0.765740740741 0.729427083333 0.112962962963 0.116145833333
1 0.864351851852 0.7296875 0.113888888889 0.1125
1 0.956944444444 0.73515625 0.0842592592593 0.1203125
1 0.0351851851852 0.906510416667 0.0722222222222 0.127604166667
1 0.125925925926 0.88671875 0.12962962963 0.141145833333
1 0.237962962963 0.89609375 0.12037037037 0.146354166667
1 0.312962962963 0.924479166667 0.0722222222222 0.0708333333333
1 0.381018518519 0.876302083333 0.121296296296 0.118229166667
1 0.506481481481 0.877083333333 0.105555555556 0.123958333333
1 0.593981481481 0.907552083333 0.123148148148 0.146354166667
1 0.675 0.946875 0.0555555555556 0.071875
1 0.74537037037 0.90703125 0.12962962963 0.1359375
1 0.831481481481 0.934114583333 0.0555555555556 0.0765625
1 0.914351851852 0.913541666667 0.121296296296 0.147916666667
1 0.977314814815 0.9578125 0.0435185185185 0.0708333333333
