2 0.602777777778 0.0924479166667 0.25 0.0942708333333
2 0.833796296296 0.0794270833333 0.219444444444 0.102604166667
2 0.411574074074 0.1984375 0.237962962963 0.104166666667
2 0.247222222222 0.313020833333 0.240740740741 0.0875
2 0.468518518519 0.3078125 0.240740740741 0.0833333333333
2 0.675 0.286197916667 0.166666666667 0.0817708333333
2 0.869444444444 0.35546875 0.185185185185 0.0890625
2 0.272222222222 0.398177083333 0.268518518519 0.0765625
2 0.125 0.536197916667 0.225925925926 0.0890625
2 0.313888888889 0.51796875 0.216666666667 0.115104166667
2 0.512962962963 0.494270833333 0.194444444444 0.0958333333333
2 0.6625 0.482291666667 0.210185185185 0.0989583333333
2 0.850925925926 0.467447916667 0.198148148148 0.0973958333333
2 0.866666666667 0.553645833333 0.222222222222 0.0854166666667
2 0.323611111111 0.604166666667 0.20462962963 0.0989583333333
2 0.175462962963 0.73515625 0.213888888889 0.0901041666667
2 0.338888888889 0.708854166667 0.203703703704 0.0979166666667
2 0.543981481481 0.685416666667 0.250925925926 0.0927083333333
2 0.724074074074 0.655208333333 0.164814814815 0.090625
2 0.877314814815 0.646354166667 0.182407407407 0.0802083333333
2 0.368518518519 0.7828125 0.212962962963 0.078125
2 0.190740740741 0.801041666667 0.190740740741 0.0802083333333
2 0.891666666667 0.717708333333 0.187037037037 0.0739583333333
2 0.730555555556 0.73046875 0.183333333333 0.0765625
2 0.572222222222 0.759635416667 0.17962962963 0.0651041666667
2 0.0518518518519 0.810416666667 0.105555555556 0.08125
2 0.144444444444 0.62109375 0.196296296296 0.0942708333333
2 0.0652777777778 0.139583333333 0.132407407407 0.1125
2 0.075462962963 0.235677083333 0.152777777778 0.0776041666667
2 0.211111111111 0.134895833333 0.185185185185 0.101041666667
2 0.217592592593 0.220052083333 0.161111111111 0.0671875
2 0.639351851852 0.194010416667 0.206481481481 0.1078125
2 0.841203703704 0.181510416667 0.210185185185 0.0963541666667
2 0.878703703704 0.2796875 0.183333333333 0.0708333333333
2 0.681481481481 0.377083333333 0.166666666667 0.0802083333333
2 0.489814814815 0.392708333333 0.196296296296 0.071875
2 0.0814814814815 0.416927083333 0.164814814815 0.0921875
2 0.0597222222222 0.327083333333 0.117592592593 0.0802083333333
2 0.511574074074 0.581770833333 0.210185185185 0.0708333333333
2 0.694907407407 0.566666666667 0.156481481481 0.059375
