1 0.0384259259259 0.204427083333 0.0787037037037 0.128645833333
1 0.102314814815 0.208072916667 0.075 0.128645833333
1 0.196759259259 0.209635416667 0.0824074074074 0.1296875
1 0.273611111111 0.21015625 0.0805555555556 0.1265625
1 0.348148148148 0.209114583333 0.0888888888889 0.130729166667
1 0.430555555556 0.213802083333 0.0888888888889 0.128645833333
1 0.508333333333 0.214322916667 0.0851851851852 0.1296875
1 0.572222222222 0.222395833333 0.0648148148148 0.113541666667
1 0.628703703704 0.227604166667 0.0703703703704 0.114583333333
1 0.692592592593 0.215104166667 0.0703703703704 0.133333333333
1 0.756481481481 0.214322916667 0.0703703703704 0.1390625
1 0.823148148148 0.21484375 0.0851851851852 0.1421875
1 0.90787037037 0.210677083333 0.0842592592593 0.1578125
1 0.966203703704 0.21328125 0.0657407407407 0.150520833333
1 0.0333333333333 0.37109375 0.0685185185185 0.1453125
1 0.087037037037 0.3734375 0.0759259259259 0.135416666667
1 0.160648148148 0.374479166667 0.0972222222222 0.144791666667
1 0.244444444444 0.375260416667 0.087037037037 0.136979166667
1 0.314351851852 0.3734375 0.0694444444444 0.144791666667
1 0.377777777778 0.38515625 0.0740740740741 0.119270833333
1 0.434259259259 0.388541666667 0.0851851851852 0.121875
1 0.502314814815 0.384895833333 0.0768518518519 0.110416666667
1 0.550462962963 0.393229166667 0.0787037037037 0.110416666667
1 0.609722222222 0.390885416667 0.0638888888889 0.109895833333
1 0.664814814815 0.394791666667 0.0888888888889 0.120833333333
1 0.73287037037 0.395052083333 0.0731481481481 0.127604166667
1 0.791666666667 0.391927083333 0.0703703703704 0.128645833333
1 0.865277777778 0.391145833333 0.0787037037037 0.14375
1 0.934722222222 0.394791666667 0.0805555555556 0.14375
1 0.981481481481 0.398958333333 0.0351851851852 0.144791666667
1 0.0435185185185 0.540625 0.0888888888889 0.136458333333
1 0.108333333333 0.533854166667 0.0777777777778 0.134375
1 0.171296296296 0.5375 0.0851851851852 0.134375
1 0.237962962963 0.54296875 0.0833333333333 0.134895833333
1 0.322222222222 0.54921875 0.0907407407407 0.138020833333
1 0.386111111111 0.551822916667 0.0740740740741 0.119270833333
1 0.434259259259 0.544010416667 0.0481481481481 0.116145833333
1 0.483796296296 0.547135416667 0.0638888888889 0.105729166667
1 0.534259259259 0.555208333333 0.0777777777778 0.110416666667
1 0.6 0.5515625 0.0703703703704 0.1125
1 0.656481481481 0.550520833333 0.0555555555556 0.116666666667
1 0.713425925926 0.55390625 0.0787037037037 0.130729166667
1 0.774074074074 0.551041666667 0.0759259259259 0.125
1 0.854166666667 0.55859375 0.0805555555556 0.128645833333
1 0.92962962963 0.558333333333 0.0777777777778 0.125
1 0.978703703704 0.562760416667 0.0407407407407 0.127604166667
1 0.0796296296296 0.698697916667 0.087037037037 0.124479166667
1 0.146759259259 0.694270833333 0.0805555555556 0.116666666667
1 0.2125 0.698177083333 0.0768518518519 0.116145833333
1 0.289351851852 0.700260416667 0.0916666666667 0.116145833333
1 0.397685185185 0.6953125 0.0675925925926 0.101041666667
1 0.428703703704 0.707552083333 0.0722222222222 0.0994791666667
1 0.502314814815 0.7078125 0.0768518518519 0.110416666667
1 0.572222222222 0.711458333333 0.0925925925926 0.103125
1 0.637037037037 0.713020833333 0.0740740740741 0.104166666667
1 0.700925925926 0.702083333333 0.0777777777778 0.1125
1 0.762962962963 0.702604166667 0.0703703703704 0.111458333333
1 0.831944444444 0.706770833333 0.0805555555556 0.116666666667
1 0.896296296296 0.705729166667 0.0833333333333 0.114583333333
1 0.968055555556 0.711979166667 0.062037037037 0.11875
1 0.104166666667 0.8921875 0.0861111111111 0.1125
1 0.318055555556 0.891927083333 0.112037037037 0.1171875
1 0.527314814815 0.8359375 0.0972222222222 0.0833333333333
