4 0.500925925926 0.0739583333333 0.138888888889 0.122916666667
4 0.0726851851852 0.228385416667 0.147222222222 0.124479166667
4 0.197685185185 0.240104166667 0.163888888889 0.0885416666667
4 0.333333333333 0.2453125 0.201851851852 0.120833333333
4 0.49537037037 0.253385416667 0.183333333333 0.124479166667
4 0.669907407407 0.252604166667 0.197222222222 0.135416666667
4 0.858333333333 0.256770833333 0.218518518519 0.1625
4 0.149074074074 0.390625 0.172222222222 0.10625
4 0.26712962963 0.3984375 0.178703703704 0.1125
4 0.393518518519 0.387239583333 0.111111111111 0.149479166667
4 0.574074074074 0.424479166667 0.2 0.119791666667
4 0.735648148148 0.43046875 0.202777777778 0.1484375
4 0.924074074074 0.459895833333 0.15 0.134375
4 0.0518518518519 0.518229166667 0.105555555556 0.101041666667
4 0.250925925926 0.551041666667 0.198148148148 0.1125
4 0.374537037037 0.572916666667 0.178703703704 0.078125
4 0.520833333333 0.599739583333 0.182407407407 0.1078125
4 0.714814814815 0.60859375 0.185185185185 0.149479166667
4 0.876388888889 0.657291666667 0.191666666667 0.102083333333
4 0.54212962963 0.756770833333 0.175 0.090625
4 0.680555555556 0.747916666667 0.181481481481 0.135416666667
4 0.868518518519 0.78359375 0.244444444444 0.1734375
4 0.428703703704 0.737239583333 0.138888888889 0.0921875
4 0.288888888889 0.715104166667 0.168518518519 0.0770833333333
4 0.224537037037 0.689583333333 0.178703703704 0.096875
4 0.628703703704 0.8859375 0.140740740741 0.1375
4 0.860648148148 0.94140625 0.193518518519 0.100520833333
4 0.768055555556 0.906770833333 0.208333333333 0.0885416666667
4 0.951388888889 0.940885416667 0.0953703703704 0.118229166667
4 0.479166666667 0.87890625 0.134259259259 0.1015625
4 0.308796296296 0.853645833333 0.162037037037 0.0802083333333
4 0.218518518519 0.81640625 0.161111111111 0.0817708333333
