1 0.0351851851852 0.15234375 0.0722222222222 0.100520833333
1 0.0898148148148 0.148958333333 0.0833333333333 0.103125
1 0.166203703704 0.144791666667 0.0953703703704 0.113541666667
1 0.235185185185 0.140885416667 0.0888888888889 0.1078125
1 0.303703703704 0.1453125 0.087037037037 0.110416666667
1 0.361111111111 0.15078125 0.0537037037037 0.0973958333333
1 0.416203703704 0.151041666667 0.0768518518519 0.101041666667
1 0.57962962963 0.147916666667 0.0703703703704 0.103125
1 0.64212962963 0.14375 0.0768518518519 0.104166666667
1 0.703240740741 0.15 0.0787037037037 0.0989583333333
1 0.752314814815 0.151302083333 0.0657407407407 0.0963541666667
1 0.810185185185 0.15234375 0.0666666666667 0.0963541666667
1 0.874074074074 0.149479166667 0.087037037037 0.0927083333333
1 0.958796296296 0.144270833333 0.0805555555556 0.0989583333333
1 0.0416666666667 0.529166666667 0.0851851851852 0.153125
1 0.109259259259 0.532552083333 0.0925925925926 0.150520833333
1 0.17037037037 0.530208333333 0.0703703703704 0.145833333333
1 0.225462962963 0.53203125 0.0657407407407 0.147395833333
1 0.281944444444 0.538541666667 0.0805555555556 0.153125
1 0.349074074074 0.537760416667 0.0703703703704 0.149479166667
1 0.405555555556 0.536197916667 0.0555555555556 0.1390625
1 0.622685185185 0.54765625 0.0787037037037 0.150520833333
1 0.693055555556 0.547135416667 0.0787037037037 0.149479166667
1 0.767592592593 0.546875 0.0888888888889 0.154166666667
1 0.841203703704 0.54765625 0.0787037037037 0.146354166667
1 0.909722222222 0.547135416667 0.0731481481481 0.1515625
1 0.963425925926 0.547135416667 0.0712962962963 0.149479166667
1 0.0444444444444 0.71015625 0.0703703703704 0.128645833333
1 0.0231481481481 0.856770833333 0.0481481481481 0.104166666667
1 0.0787037037037 0.8421875 0.0722222222222 0.0708333333333
1 0.117592592593 0.711458333333 0.0851851851852 0.140625
1 0.189814814815 0.720833333333 0.0962962962963 0.144791666667
1 0.266666666667 0.713020833333 0.0833333333333 0.141666666667
1 0.337962962963 0.72421875 0.0851851851852 0.147395833333
1 0.416666666667 0.726822916667 0.0907407407407 0.1390625
1 0.722685185185 0.722395833333 0.0972222222222 0.151041666667
1 0.834722222222 0.724739583333 0.0990740740741 0.1390625
1 0.958796296296 0.720052083333 0.0805555555556 0.1296875
1 0.276388888889 0.892708333333 0.121296296296 0.147916666667
1 0.373611111111 0.891927083333 0.115740740741 0.1453125
1 0.500925925926 0.881770833333 0.107407407407 0.133333333333
1 0.586574074074 0.87421875 0.0935185185185 0.106770833333
1 0.685648148148 0.875 0.0935185185185 0.0927083333333
1 0.952777777778 0.920833333333 0.0925925925926 0.15625
