1 0.0712962962963 0.0856770833333 0.127777777778 0.169270833333
1 0.185185185185 0.09375 0.109259259259 0.185416666667
1 0.271296296296 0.101302083333 0.107407407407 0.1609375
1 0.797685185185 0.06015625 0.132407407407 0.121354166667
1 0.927314814815 0.0635416666667 0.143518518519 0.128125
1 0.0986111111111 0.283333333333 0.119444444444 0.121875
1 0.205092592593 0.2953125 0.115740740741 0.120833333333
1 0.0888888888889 0.377604166667 0.109259259259 0.0927083333333
1 0.195833333333 0.395833333333 0.10462962963 0.102083333333
1 0.309259259259 0.285677083333 0.125925925926 0.225520833333
1 0.424537037037 0.294270833333 0.121296296296 0.227083333333
1 0.506944444444 0.30234375 0.117592592593 0.241145833333
1 0.593981481481 0.3125 0.136111111111 0.238541666667
1 0.711574074074 0.310416666667 0.156481481481 0.229166666667
1 0.82962962963 0.32890625 0.203703703704 0.2390625
1 0.931018518519 0.345833333333 0.136111111111 0.228125
1 0.276851851852 0.55 0.140740740741 0.192708333333
1 0.368518518519 0.55703125 0.12962962963 0.1921875
1 0.451851851852 0.566927083333 0.144444444444 0.191145833333
1 0.5375 0.577083333333 0.137962962963 0.197916666667
1 0.629166666667 0.5859375 0.152777777778 0.196875
1 0.711111111111 0.598697916667 0.157407407407 0.2015625
1 0.853240740741 0.614583333333 0.173148148148 0.196875
1 0.934259259259 0.63515625 0.12962962963 0.206770833333
1 0.238888888889 0.7859375 0.122222222222 0.173958333333
1 0.32962962963 0.790625 0.125925925926 0.173958333333
1 0.42037037037 0.80390625 0.125925925926 0.172395833333
1 0.509722222222 0.81484375 0.132407407407 0.171354166667
1 0.596759259259 0.825520833333 0.137962962963 0.1625
1 0.675462962963 0.836458333333 0.150925925926 0.167708333333
1 0.76712962963 0.84296875 0.139814814815 0.169270833333
1 0.859722222222 0.858854166667 0.152777777778 0.166666666667
1 0.936111111111 0.8703125 0.125925925926 0.164583333333
1 0.23287037037 0.948958333333 0.10462962963 0.101041666667
1 0.312962962963 0.952864583333 0.101851851852 0.0932291666667
1 0.380092592593 0.95859375 0.112037037037 0.0817708333333
