0 0.722222222222 0.102604166667 0.183333333333 0.20625
0 0.543518518519 0.101041666667 0.166666666667 0.203125
0 0.406481481481 0.10078125 0.142592592593 0.202604166667
0 0.256944444444 0.0973958333333 0.156481481481 0.195833333333
0 0.113425925926 0.0973958333333 0.167592592593 0.195833333333
0 0.0888888888889 0.346354166667 0.153703703704 0.185416666667
0 0.225 0.353385416667 0.118518518519 0.180729166667
0 0.326851851852 0.352864583333 0.122222222222 0.184895833333
0 0.443518518519 0.352083333333 0.124074074074 0.189583333333
0 0.56712962963 0.352083333333 0.141666666667 0.188541666667
0 0.69212962963 0.352083333333 0.158333333333 0.207291666667
0 0.825 0.35390625 0.162962962963 0.190104166667
0 0.0421296296296 0.5640625 0.0805555555556 0.147916666667
0 0.116666666667 0.56640625 0.087037037037 0.128645833333
0 0.205555555556 0.566145833333 0.101851851852 0.135416666667
0 0.291203703704 0.568229166667 0.0898148148148 0.132291666667
0 0.387037037037 0.570052083333 0.12037037037 0.1390625
0 0.511574074074 0.569791666667 0.160185185185 0.142708333333
0 0.741666666667 0.575260416667 0.114814814815 0.146354166667
0 0.848148148148 0.58203125 0.124074074074 0.146354166667
0 0.952777777778 0.58125 0.0925925925926 0.151041666667
0 0.859722222222 0.103645833333 0.136111111111 0.204166666667
0 0.949074074074 0.106770833333 0.1 0.195833333333
0 0.938425925926 0.361979166667 0.121296296296 0.188541666667
0 0.622685185185 0.573958333333 0.119444444444 0.146875
0 0.444444444444 0.761197916667 0.109259259259 0.0588541666667
0 0.927314814815 0.7671875 0.0916666666667 0.05
0 0.89537037037 0.968229166667 0.0925925925926 0.0479166666667
0 0.439814814815 0.954427083333 0.087037037037 0.0380208333333
