1 0.138425925926 0.0630208333333 0.0972222222222 0.127083333333
1 0.230555555556 0.0645833333333 0.109259259259 0.130208333333
1 0.31712962963 0.0645833333333 0.10462962963 0.130208333333
1 0.405555555556 0.0640625 0.109259259259 0.129166666667
1 0.49212962963 0.0658854166667 0.113888888889 0.1328125
1 0.602314814815 0.0653645833333 0.0990740740741 0.131770833333
1 0.683333333333 0.0669270833333 0.105555555556 0.134895833333
1 0.767592592593 0.0669270833333 0.109259259259 0.134895833333
1 0.859722222222 0.06875 0.115740740741 0.138541666667
1 0.942592592593 0.06875 0.112962962963 0.138541666667
1 0.0722222222222 0.236979166667 0.101851851852 0.165625
1 0.160185185185 0.238020833333 0.0944444444444 0.165625
1 0.239351851852 0.23984375 0.0972222222222 0.169270833333
1 0.322222222222 0.241927083333 0.103703703704 0.171354166667
1 0.400462962963 0.245052083333 0.115740740741 0.172395833333
1 0.494907407407 0.245572916667 0.119444444444 0.1734375
1 0.584722222222 0.2640625 0.113888888889 0.139583333333
1 0.664814814815 0.265364583333 0.112962962963 0.143229166667
1 0.74537037037 0.267708333333 0.109259259259 0.14375
1 0.82962962963 0.269791666667 0.112962962963 0.145833333333
1 0.916666666667 0.271614583333 0.124074074074 0.147395833333
1 0.972222222222 0.27578125 0.0537037037037 0.1484375
1 0.0282407407407 0.409375 0.0583333333333 0.146875
1 0.0824074074074 0.415104166667 0.0888888888889 0.15
1 0.152314814815 0.41796875 0.0972222222222 0.1484375
1 0.234259259259 0.420833333333 0.107407407407 0.154166666667
1 0.311111111111 0.425 0.101851851852 0.151041666667
1 0.39212962963 0.429947916667 0.0953703703704 0.149479166667
1 0.473611111111 0.430729166667 0.0972222222222 0.14375
1 0.571296296296 0.44765625 0.107407407407 0.1265625
1 0.651388888889 0.448697916667 0.102777777778 0.124479166667
1 0.726388888889 0.4515625 0.0972222222222 0.127083333333
1 0.802777777778 0.455989583333 0.0962962962963 0.127604166667
1 0.881018518519 0.452604166667 0.10462962963 0.122916666667
1 0.951851851852 0.462239583333 0.0944444444444 0.1390625
1 0.0703703703704 0.5734375 0.0962962962963 0.125
1 0.172222222222 0.582291666667 0.0907407407407 0.125
1 0.252314814815 0.584635416667 0.0916666666667 0.127604166667
1 0.327314814815 0.5921875 0.0972222222222 0.1375
1 0.397222222222 0.590885416667 0.0851851851852 0.1265625
1 0.46712962963 0.59453125 0.0972222222222 0.130729166667
1 0.55787037037 0.612239583333 0.0972222222222 0.118229166667
1 0.631944444444 0.616666666667 0.0935185185185 0.123958333333
1 0.713425925926 0.620572916667 0.0953703703704 0.125520833333
1 0.784259259259 0.622395833333 0.101851851852 0.123958333333
1 0.865277777778 0.625260416667 0.0990740740741 0.116145833333
1 0.938888888889 0.626822916667 0.105555555556 0.128645833333
1 0.0393518518519 0.723958333333 0.0805555555556 0.1125
1 0.120833333333 0.729947916667 0.112037037037 0.1265625
1 0.209259259259 0.735677083333 0.114814814815 0.119270833333
1 0.312962962963 0.742447916667 0.112962962963 0.1171875
1 0.408796296296 0.746614583333 0.102777777778 0.118229166667
1 0.57037037037 0.753385416667 0.112962962963 0.119270833333
1 0.656944444444 0.759635416667 0.10462962963 0.118229166667
1 0.741203703704 0.769270833333 0.0935185185185 0.114583333333
1 0.812037037037 0.772135416667 0.0907407407407 0.118229166667
1 0.88287037037 0.77734375 0.0805555555556 0.1171875
1 0.944907407407 0.77734375 0.087962962963 0.109895833333
1 0.0652777777778 0.889583333333 0.132407407407 0.175
1 0.191666666667 0.90078125 0.146296296296 0.169270833333
1 0.330555555556 0.915885416667 0.174074074074 0.1671875
1 0.568518518519 0.924479166667 0.17962962963 0.15
1 0.73287037037 0.928645833333 0.191666666667 0.141666666667
1 0.891666666667 0.932291666667 0.183333333333 0.134375
