5 0.523148148148 0.133333333333 0.0777777777778 0.136458333333
5 0.965277777778 0.334114583333 0.0675925925926 0.1609375
5 0.837037037037 0.3375 0.0796296296296 0.180208333333
5 0.758333333333 0.338541666667 0.107407407407 0.161458333333
5 0.614814814815 0.338802083333 0.105555555556 0.172395833333
5 0.05 0.55859375 0.0962962962963 0.161979166667
5 0.857407407407 0.754947916667 0.17962962963 0.203645833333
5 0.663888888889 0.737239583333 0.12962962963 0.1671875
5 0.525 0.738020833333 0.111111111111 0.1625
5 0.390740740741 0.753645833333 0.122222222222 0.177083333333
5 0.269907407407 0.7703125 0.14537037037 0.160416666667
4 0.111574074074 0.75234375 0.117592592593 0.153645833333
1 0.96712962963 0.7484375 0.0638888888889 0.197916666667
1 0.595833333333 0.133333333333 0.087962962963 0.1375
1 0.678240740741 0.134114583333 0.087962962963 0.141145833333
1 0.756018518519 0.132291666667 0.0731481481481 0.144791666667
1 0.827777777778 0.12890625 0.0944444444444 0.140104166667
1 0.906944444444 0.127604166667 0.075 0.135416666667
1 0.965277777778 0.124739583333 0.0675925925926 0.141145833333
1 0.0430555555556 0.792447916667 0.087962962963 0.159895833333
1 0.333333333333 0.347916666667 0.0833333333333 0.161458333333
1 0.403703703704 0.346354166667 0.087037037037 0.164583333333
1 0.487037037037 0.340104166667 0.0851851851852 0.169791666667
5 0.43287037037 0.54296875 0.0842592592593 0.156770833333
5 0.519907407407 0.5328125 0.0712962962963 0.13125
5 0.577777777778 0.539322916667 0.0851851851852 0.149479166667
5 0.661111111111 0.538541666667 0.0962962962963 0.154166666667
5 0.735648148148 0.536979166667 0.075 0.154166666667
5 0.783333333333 0.52265625 0.0555555555556 0.1421875
5 0.842592592593 0.526822916667 0.0851851851852 0.141145833333
5 0.925 0.522135416667 0.0907407407407 0.141145833333
5 0.977777777778 0.520052083333 0.0425925925926 0.141145833333
