1 0.118518518519 0.141145833333 0.103703703704 0.102083333333
1 0.224537037037 0.154166666667 0.0935185185185 0.08125
1 0.298611111111 0.1546875 0.0805555555556 0.0875
1 0.394444444444 0.144270833333 0.087037037037 0.108333333333
1 0.469444444444 0.14453125 0.0925925925926 0.1078125
1 0.550462962963 0.146614583333 0.0953703703704 0.109895833333
1 0.620833333333 0.151302083333 0.0953703703704 0.115104166667
1 0.7 0.148177083333 0.0888888888889 0.108854166667
1 0.775 0.152864583333 0.087037037037 0.106770833333
1 0.854166666667 0.152864583333 0.0842592592593 0.1046875
1 0.908796296296 0.14140625 0.0787037037037 0.116145833333
1 0.973148148148 0.151822916667 0.0518518518519 0.1140625
1 0.156944444444 0.341145833333 0.087962962963 0.144791666667
1 0.261574074074 0.33359375 0.100925925926 0.146354166667
1 0.343055555556 0.3359375 0.102777777778 0.153125
1 0.425462962963 0.338020833333 0.0787037037037 0.155208333333
1 0.499537037037 0.33984375 0.0824074074074 0.149479166667
1 0.55787037037 0.33984375 0.0805555555556 0.1515625
1 0.607407407407 0.338020833333 0.0722222222222 0.141666666667
1 0.682407407407 0.33828125 0.103703703704 0.150520833333
1 0.756481481481 0.338802083333 0.0944444444444 0.1515625
1 0.827314814815 0.340364583333 0.0935185185185 0.1484375
1 0.918981481481 0.3421875 0.0990740740741 0.140625
1 0.225925925926 0.570833333333 0.0944444444444 0.138541666667
1 0.318055555556 0.569010416667 0.0824074074074 0.140104166667
1 0.425462962963 0.558072916667 0.0990740740741 0.125520833333
1 0.552777777778 0.5703125 0.1 0.13125
1 0.624074074074 0.562239583333 0.0722222222222 0.128645833333
1 0.693518518519 0.562239583333 0.0888888888889 0.128645833333
1 0.749537037037 0.569270833333 0.0805555555556 0.133333333333
1 0.816203703704 0.58515625 0.136111111111 0.140104166667
1 0.938888888889 0.577864583333 0.105555555556 0.136979166667
1 0.117592592593 0.749739583333 0.133333333333 0.149479166667
1 0.240277777778 0.748958333333 0.132407407407 0.141666666667
1 0.343055555556 0.75078125 0.132407407407 0.1359375
1 0.4625 0.751302083333 0.119444444444 0.136979166667
1 0.550462962963 0.743229166667 0.0990740740741 0.11875
1 0.651388888889 0.747135416667 0.136111111111 0.119270833333
1 0.756481481481 0.7484375 0.107407407407 0.123958333333
1 0.878240740741 0.765364583333 0.136111111111 0.1484375
1 0.0546296296296 0.919270833333 0.111111111111 0.120833333333
1 0.144444444444 0.929166666667 0.125925925926 0.140625
1 0.250462962963 0.924739583333 0.115740740741 0.127604166667
1 0.343055555556 0.930989583333 0.132407407407 0.136979166667
1 0.515740740741 0.931510416667 0.140740740741 0.1359375
1 0.643518518519 0.933333333333 0.140740740741 0.132291666667
1 0.759722222222 0.931510416667 0.121296296296 0.1359375
1 0.860185185185 0.933333333333 0.122222222222 0.132291666667
1 0.956944444444 0.93671875 0.0842592592593 0.125520833333
