4 0.0847222222222 0.0580729166667 0.171296296296 0.1171875
4 0.244444444444 0.0580729166667 0.172222222222 0.1171875
4 0.41712962963 0.0557291666667 0.19537037037 0.1125
4 0.0699074074074 0.216927083333 0.141666666667 0.0942708333333
4 0.460648148148 0.198958333333 0.265740740741 0.06875
4 0.714814814815 0.209895833333 0.264814814815 0.034375
4 0.936574074074 0.215104166667 0.125 0.153125
4 0.222685185185 0.2734375 0.273148148148 0.0729166666667
4 0.468518518519 0.267708333333 0.262962962963 0.071875
4 0.733796296296 0.260416666667 0.282407407407 0.0739583333333
4 0.0652777777778 0.411979166667 0.132407407407 0.146875
4 0.201388888889 0.40859375 0.178703703704 0.147395833333
4 0.343055555556 0.41015625 0.152777777778 0.150520833333
4 0.511574074074 0.404427083333 0.223148148148 0.1578125
4 0.72037037037 0.397395833333 0.203703703704 0.147916666667
4 0.881944444444 0.386458333333 0.134259259259 0.129166666667
4 0.962962962963 0.390104166667 0.0722222222222 0.138541666667
4 0.111111111111 0.57578125 0.151851851852 0.1078125
4 0.237962962963 0.572135416667 0.138888888889 0.109895833333
4 0.378703703704 0.56875 0.157407407407 0.105208333333
4 0.533333333333 0.566145833333 0.166666666667 0.1125
4 0.69212962963 0.56328125 0.175 0.118229166667
4 0.81712962963 0.559114583333 0.0935185185185 0.119270833333
4 0.929166666667 0.559635416667 0.139814814815 0.125520833333
4 0.049537037037 0.738802083333 0.100925925926 0.115104166667
4 0.174074074074 0.735416666667 0.174074074074 0.114583333333
4 0.299537037037 0.721614583333 0.100925925926 0.1015625
4 0.406481481481 0.746614583333 0.161111111111 0.0828125
4 0.516666666667 0.713802083333 0.174074074074 0.109895833333
4 0.610648148148 0.72890625 0.160185185185 0.118229166667
4 0.739814814815 0.72890625 0.159259259259 0.116145833333
4 0.924537037037 0.712760416667 0.149074074074 0.124479166667
4 0.125 0.93125 0.140740740741 0.10625
4 0.0356481481481 0.943229166667 0.0731481481481 0.113541666667
4 0.269907407407 0.919270833333 0.173148148148 0.128125
4 0.444444444444 0.918229166667 0.183333333333 0.111458333333
4 0.61712962963 0.90546875 0.160185185185 0.1265625
4 0.785185185185 0.90078125 0.17037037037 0.124479166667
4 0.910185185185 0.879947916667 0.174074074074 0.158854166667
4 0.656018518519 0.0572916666667 0.250925925926 0.0541666666667
4 0.866666666667 0.0734375 0.159259259259 0.0552083333333
4 0.231018518519 0.195572916667 0.169444444444 0.0328125
4 0.238425925926 0.22421875 0.189814814815 0.0328125
