4 0.0314814814815 0.06328125 0.0648148148148 0.127604166667
4 0.136111111111 0.05859375 0.174074074074 0.118229166667
4 0.311574074074 0.0549479166667 0.212037037037 0.1109375
4 0.776851851852 0.0697916666667 0.203703703704 0.0604166666667
4 0.91712962963 0.0674479166667 0.163888888889 0.0692708333333
4 0.853240740741 0.218229166667 0.149074074074 0.146875
4 0.964351851852 0.2109375 0.0694444444444 0.148958333333
4 0.117592592593 0.199739583333 0.227777777778 0.0338541666667
4 0.125925925926 0.225 0.253703703704 0.0375
4 0.360185185185 0.20546875 0.259259259259 0.0692708333333
4 0.613888888889 0.211458333333 0.27962962963 0.0385416666667
4 0.127777777778 0.279427083333 0.257407407407 0.0692708333333
4 0.375925925926 0.26875 0.27037037037 0.0697916666667
4 0.631018518519 0.262239583333 0.25462962963 0.0682291666667
4 0.129166666667 0.414583333333 0.182407407407 0.146875
4 0.260185185185 0.413802083333 0.140740740741 0.165104166667
4 0.422685185185 0.409375 0.236111111111 0.1625
4 0.636574074074 0.4015625 0.213888888889 0.15625
4 0.79537037037 0.4015625 0.142592592593 0.101041666667
4 0.929166666667 0.391666666667 0.139814814815 0.1375
4 0.049537037037 0.583072916667 0.100925925926 0.1046875
4 0.161111111111 0.580208333333 0.137037037037 0.104166666667
4 0.310648148148 0.572916666667 0.167592592593 0.115625
4 0.459722222222 0.57421875 0.162037037037 0.118229166667
4 0.611111111111 0.572395833333 0.172222222222 0.121875
4 0.746759259259 0.562239583333 0.108333333333 0.116145833333
4 0.854166666667 0.56328125 0.137962962963 0.127604166667
4 0.953703703704 0.55859375 0.0907407407407 0.118229166667
4 0.110648148148 0.746614583333 0.182407407407 0.1203125
4 0.225 0.723958333333 0.114814814815 0.0895833333333
4 0.33287037037 0.753385416667 0.165740740741 0.0880208333333
4 0.441666666667 0.720052083333 0.159259259259 0.102604166667
4 0.537962962963 0.731510416667 0.144444444444 0.127604166667
4 0.668981481481 0.734635416667 0.165740740741 0.116145833333
4 0.853240740741 0.718229166667 0.152777777778 0.115625
4 0.955555555556 0.719270833333 0.087037037037 0.130208333333
4 0.0611111111111 0.936197916667 0.124074074074 0.118229166667
4 0.202314814815 0.925260416667 0.180555555556 0.1328125
4 0.371296296296 0.925 0.172222222222 0.120833333333
4 0.546296296296 0.9140625 0.17037037037 0.13125
4 0.705092592593 0.900520833333 0.199074074074 0.148958333333
4 0.850925925926 0.887760416667 0.166666666667 0.1578125
4 0.935648148148 0.88359375 0.126851851852 0.158854166667
4 0.552777777778 0.0466145833333 0.246296296296 0.0755208333333
