1 0.0361111111111 0.198697916667 0.0740740740741 0.1515625
1 0.0972222222222 0.2109375 0.0851851851852 0.122916666667
1 0.189814814815 0.20390625 0.109259259259 0.136979166667
1 0.261574074074 0.205729166667 0.0805555555556 0.133333333333
1 0.332407407407 0.206770833333 0.087037037037 0.13125
1 0.401851851852 0.21015625 0.0888888888889 0.1265625
1 0.472685185185 0.20390625 0.0824074074074 0.1296875
1 0.54212962963 0.20625 0.0787037037037 0.130208333333
1 0.606481481481 0.209114583333 0.0907407407407 0.128645833333
1 0.835648148148 0.183072916667 0.0842592592593 0.106770833333
1 0.921759259259 0.181770833333 0.0805555555556 0.104166666667
1 0.978703703704 0.185416666667 0.0407407407407 0.102083333333
1 0.0361111111111 0.383333333333 0.0740740740741 0.136458333333
1 0.0981481481481 0.38203125 0.0833333333333 0.136979166667
1 0.168055555556 0.383854166667 0.0694444444444 0.1375
1 0.226851851852 0.384375 0.0759259259259 0.125
1 0.293518518519 0.3859375 0.087037037037 0.133333333333
1 0.40462962963 0.383333333333 0.0740740740741 0.113541666667
1 0.463425925926 0.383854166667 0.0601851851852 0.105208333333
1 0.50462962963 0.38203125 0.0685185185185 0.1203125
1 0.575462962963 0.380989583333 0.0824074074074 0.1140625
1 0.663888888889 0.383854166667 0.0777777777778 0.114583333333
1 0.0282407407407 0.548177083333 0.0583333333333 0.1265625
1 0.0856481481481 0.550520833333 0.0787037037037 0.13125
1 0.147685185185 0.548697916667 0.0824074074074 0.1296875
1 0.235185185185 0.544791666667 0.0685185185185 0.103125
1 0.292592592593 0.54453125 0.0851851851852 0.1171875
1 0.391203703704 0.524479166667 0.0768518518519 0.0927083333333
1 0.449074074074 0.5234375 0.0722222222222 0.090625
1 0.508333333333 0.529166666667 0.0851851851852 0.104166666667
1 0.572222222222 0.5421875 0.0759259259259 0.125
1 0.638425925926 0.53203125 0.0712962962963 0.1078125
1 0.716203703704 0.549479166667 0.0842592592593 0.133333333333
1 0.772685185185 0.519791666667 0.0583333333333 0.122916666667
1 0.821296296296 0.515364583333 0.0685185185185 0.1296875
1 0.881944444444 0.51640625 0.075 0.1296875
1 0.949074074074 0.520052083333 0.0685185185185 0.1203125
1 0.782407407407 0.35546875 0.0722222222222 0.131770833333
1 0.851851851852 0.354427083333 0.0685185185185 0.1296875
1 0.931481481481 0.355989583333 0.0703703703704 0.1171875
1 0.974537037037 0.356770833333 0.0490740740741 0.125
1 0.982407407407 0.515885416667 0.0333333333333 0.1359375
1 0.0291666666667 0.698697916667 0.0601851851852 0.1171875
1 0.0847222222222 0.697916666667 0.0638888888889 0.111458333333
1 0.143518518519 0.70390625 0.0740740740741 0.1203125
1 0.204166666667 0.701041666667 0.0768518518519 0.110416666667
1 0.261574074074 0.687760416667 0.0638888888889 0.0859375
1 0.314351851852 0.705729166667 0.0824074074074 0.114583333333
1 0.383796296296 0.674479166667 0.0787037037037 0.059375
1 0.449074074074 0.689583333333 0.0722222222222 0.0916666666667
1 0.520833333333 0.6984375 0.0842592592593 0.1125
1 0.594907407407 0.69921875 0.0842592592593 0.116145833333
1 0.684722222222 0.702083333333 0.0953703703704 0.123958333333
1 0.775 0.7015625 0.1 0.16875
1 0.861111111111 0.706770833333 0.087037037037 0.172916666667
1 0.944444444444 0.708333333333 0.105555555556 0.173958333333
1 0.764814814815 0.916927083333 0.0777777777778 0.0994791666667
1 0.821296296296 0.91328125 0.0722222222222 0.106770833333
1 0.875925925926 0.916927083333 0.0703703703704 0.0973958333333
