1 0.0300925925926 0.0328125 0.062037037037 0.0666666666667
1 0.0916666666667 0.03125 0.0740740740741 0.0635416666667
1 0.155092592593 0.0322916666667 0.0805555555556 0.065625
1 0.21712962963 0.0299479166667 0.062037037037 0.0609375
1 0.281018518519 0.0317708333333 0.0787037037037 0.0645833333333
1 0.352777777778 0.028125 0.0703703703704 0.0572916666667
1 0.420833333333 0.02890625 0.0787037037037 0.0588541666667
1 0.501388888889 0.02890625 0.0953703703704 0.0588541666667
1 0.579166666667 0.0276041666667 0.0787037037037 0.05625
1 0.660185185185 0.028125 0.0907407407407 0.0572916666667
1 0.734722222222 0.0247395833333 0.0972222222222 0.0505208333333
1 0.819444444444 0.028125 0.0925925925926 0.0572916666667
1 0.902314814815 0.0393229166667 0.0953703703704 0.0796875
1 0.0291666666667 0.191145833333 0.0601851851852 0.1625
1 0.0787037037037 0.196354166667 0.0851851851852 0.165625
1 0.15 0.198177083333 0.0944444444444 0.1640625
1 0.234259259259 0.200520833333 0.0944444444444 0.1625
1 0.314351851852 0.202864583333 0.0953703703704 0.171354166667
1 0.39212962963 0.2015625 0.0990740740741 0.173958333333
1 0.468518518519 0.202083333333 0.103703703704 0.188541666667
1 0.55787037037 0.204427083333 0.10462962963 0.183854166667
1 0.647685185185 0.206770833333 0.115740740741 0.19375
1 0.734722222222 0.21015625 0.137962962963 0.193229166667
1 0.858333333333 0.234114583333 0.112962962963 0.0901041666667
1 0.952777777778 0.238541666667 0.0925925925926 0.090625
1 0.940277777778 0.321875 0.117592592593 0.0833333333333
1 0.831944444444 0.31796875 0.117592592593 0.0890625
1 0.0342592592593 0.3734375 0.0703703703704 0.142708333333
1 0.1 0.38671875 0.107407407407 0.152604166667
1 0.168055555556 0.390885416667 0.0861111111111 0.156770833333
1 0.251388888889 0.394270833333 0.0935185185185 0.163541666667
1 0.326388888889 0.402864583333 0.0916666666667 0.161979166667
1 0.411111111111 0.407552083333 0.107407407407 0.1671875
1 0.508333333333 0.415625 0.109259259259 0.173958333333
1 0.606481481481 0.424479166667 0.127777777778 0.172916666667
1 0.704166666667 0.433072916667 0.121296296296 0.169270833333
1 0.883796296296 0.50234375 0.193518518519 0.169270833333
1 0.0435185185185 0.555729166667 0.0814814814815 0.125
1 0.113425925926 0.5625 0.0935185185185 0.132291666667
1 0.176388888889 0.563802083333 0.075 0.131770833333
1 0.216203703704 0.5765625 0.100925925926 0.141666666667
1 0.292592592593 0.58828125 0.105555555556 0.150520833333
1 0.380555555556 0.592708333333 0.0888888888889 0.153125
1 0.448611111111 0.603125 0.0972222222222 0.14375
1 0.526851851852 0.611979166667 0.105555555556 0.142708333333
1 0.605555555556 0.618229166667 0.105555555556 0.153125
1 0.683796296296 0.626822916667 0.117592592593 0.1515625
1 0.833333333333 0.722916666667 0.183333333333 0.161458333333
1 0.9375 0.739322916667 0.123148148148 0.181770833333
1 0.0282407407407 0.695572916667 0.0583333333333 0.106770833333
1 0.087037037037 0.704427083333 0.105555555556 0.115104166667
1 0.158796296296 0.713802083333 0.100925925926 0.109895833333
1 0.241203703704 0.732291666667 0.121296296296 0.123958333333
1 0.333796296296 0.741927083333 0.121296296296 0.116145833333
1 0.418981481481 0.76640625 0.123148148148 0.127604166667
1 0.529166666667 0.78125 0.134259259259 0.132291666667
1 0.651388888889 0.795833333333 0.139814814815 0.140625
1 0.0560185185185 0.8640625 0.113888888889 0.15625
1 0.142592592593 0.88046875 0.105555555556 0.1609375
1 0.219444444444 0.907552083333 0.131481481481 0.1671875
1 0.30787037037 0.917708333333 0.112037037037 0.163541666667
1 0.415740740741 0.928645833333 0.12962962963 0.141666666667
1 0.515740740741 0.933333333333 0.124074074074 0.132291666667
1 0.615740740741 0.941927083333 0.109259259259 0.115104166667
1 0.758796296296 0.902083333333 0.206481481481 0.1875
1 0.907407407407 0.919270833333 0.183333333333 0.160416666667
