4 0.154166666667 0.25546875 0.136111111111 0.141145833333
4 0.29212962963 0.25546875 0.136111111111 0.1390625
4 0.418518518519 0.25625 0.138888888889 0.136458333333
4 0.544444444444 0.258333333333 0.131481481481 0.135416666667
4 0.675925925926 0.26171875 0.135185185185 0.128645833333
4 0.787037037037 0.261979166667 0.125925925926 0.126041666667
4 0.923611111111 0.260416666667 0.150925925926 0.128125
4 0.589814814815 0.412239583333 0.148148148148 0.119270833333
4 0.45462962963 0.421354166667 0.125925925926 0.119791666667
4 0.32037037037 0.422395833333 0.135185185185 0.120833333333
4 0.0634259259259 0.730989583333 0.128703703704 0.113020833333
4 0.249537037037 0.72734375 0.136111111111 0.1078125
4 0.382407407407 0.72890625 0.155555555556 0.1171875
4 0.533796296296 0.726822916667 0.126851851852 0.113020833333
4 0.663888888889 0.724479166667 0.146296296296 0.1125
4 0.778703703704 0.726041666667 0.087037037037 0.109375
4 0.0796296296296 0.9 0.161111111111 0.145833333333
4 0.234259259259 0.897395833333 0.111111111111 0.147916666667
4 0.348611111111 0.889583333333 0.117592592593 0.146875
4 0.4625 0.883072916667 0.110185185185 0.141145833333
4 0.587962962963 0.8859375 0.125925925926 0.147916666667
4 0.705092592593 0.888802083333 0.113888888889 0.152604166667
4 0.808796296296 0.88671875 0.117592592593 0.149479166667
4 0.914351851852 0.885416666667 0.113888888889 0.146875
4 0.922685185185 0.70390625 0.152777777778 0.0494791666667
4 0.92037037037 0.757291666667 0.157407407407 0.0541666666667
4 0.190740740741 0.413802083333 0.140740740741 0.115104166667
4 0.0527777777778 0.420572916667 0.107407407407 0.1421875
4 0.753703703704 0.415104166667 0.166666666667 0.0510416666667
4 0.918518518519 0.420572916667 0.161111111111 0.0567708333333
4 0.734722222222 0.465104166667 0.162037037037 0.053125
4 0.888888888889 0.46875 0.157407407407 0.0479166666667
4 0.0412037037037 0.58046875 0.0842592592593 0.1078125
4 0.138888888889 0.571614583333 0.0925925925926 0.1109375
4 0.236111111111 0.578125 0.12962962963 0.119791666667
4 0.353703703704 0.576822916667 0.114814814815 0.1078125
4 0.478240740741 0.58125 0.14537037037 0.111458333333
4 0.601851851852 0.583072916667 0.125925925926 0.1078125
4 0.729166666667 0.57890625 0.137962962963 0.108854166667
4 0.860648148148 0.586197916667 0.125 0.103645833333
4 0.956481481481 0.58828125 0.0851851851852 0.103645833333
4 0.0824074074074 0.121875 0.166666666667 0.0541666666667
4 0.238425925926 0.125260416667 0.180555555556 0.0515625
4 0.423148148148 0.12578125 0.157407407407 0.0484375
4 0.616666666667 0.126822916667 0.155555555556 0.0411458333333
4 0.775925925926 0.0817708333333 0.151851851852 0.0479166666667
4 0.775925925926 0.125260416667 0.159259259259 0.0421875
