4 0.325 0.0489583333333 0.181481481481 0.0989583333333
4 0.487037037037 0.04375 0.183333333333 0.0885416666667
4 0.655092592593 0.0419270833333 0.189814814815 0.0848958333333
4 0.0888888888889 0.224479166667 0.17962962963 0.138541666667
4 0.266203703704 0.200260416667 0.213888888889 0.0994791666667
4 0.255092592593 0.266927083333 0.180555555556 0.0567708333333
4 0.458333333333 0.25234375 0.244444444444 0.0671875
4 0.691203703704 0.178125 0.269444444444 0.0645833333333
4 0.706018518519 0.249739583333 0.269444444444 0.0744791666667
4 0.922685185185 0.240364583333 0.152777777778 0.0765625
4 0.911111111111 0.190364583333 0.175925925926 0.0453125
4 0.0337962962963 0.40390625 0.0694444444444 0.1421875
4 0.120833333333 0.409635416667 0.136111111111 0.1234375
4 0.234259259259 0.3953125 0.172222222222 0.144791666667
4 0.410648148148 0.392447916667 0.178703703704 0.1359375
4 0.549537037037 0.395572916667 0.171296296296 0.1421875
4 0.733333333333 0.38359375 0.227777777778 0.1515625
4 0.915277777778 0.38125 0.167592592593 0.148958333333
4 0.0643518518519 0.570572916667 0.130555555556 0.1203125
4 0.181481481481 0.563020833333 0.125925925926 0.107291666667
4 0.300925925926 0.5640625 0.148148148148 0.0979166666667
4 0.431481481481 0.55625 0.140740740741 0.113541666667
4 0.570833333333 0.553125 0.150925925926 0.114583333333
4 0.720833333333 0.5515625 0.184259259259 0.115625
4 0.887962962963 0.548697916667 0.172222222222 0.1171875
4 0.0740740740741 0.729427083333 0.137037037037 0.1078125
4 0.202314814815 0.726041666667 0.167592592593 0.1125
4 0.378240740741 0.725 0.176851851852 0.114583333333
4 0.485185185185 0.705208333333 0.101851851852 0.096875
4 0.599537037037 0.729427083333 0.165740740741 0.0859375
4 0.704166666667 0.699739583333 0.176851851852 0.1046875
4 0.798148148148 0.705989583333 0.153703703704 0.125520833333
4 0.921759259259 0.7109375 0.15462962963 0.122916666667
4 0.0611111111111 0.912239583333 0.124074074074 0.149479166667
4 0.197222222222 0.916145833333 0.140740740741 0.1125
4 0.326851851852 0.909635416667 0.142592592593 0.116145833333
4 0.475 0.90078125 0.168518518519 0.1359375
4 0.643518518519 0.899739583333 0.190740740741 0.115104166667
4 0.808796296296 0.891927083333 0.165740740741 0.1421875
4 0.943055555556 0.891666666667 0.112037037037 0.13125
4 0.468981481481 0.178125 0.180555555556 0.0364583333333
4 0.471296296296 0.207291666667 0.201851851852 0.0395833333333
