1 0.0453703703704 0.10546875 0.0925925925926 0.161979166667
1 0.103240740741 0.10546875 0.0972222222222 0.1671875
1 0.176388888889 0.110677083333 0.115740740741 0.1609375
1 0.247222222222 0.1125 0.0851851851852 0.164583333333
1 0.306944444444 0.115364583333 0.0842592592593 0.177604166667
1 0.363425925926 0.11875 0.0953703703704 0.184375
1 0.439814814815 0.12421875 0.0944444444444 0.184895833333
1 0.513425925926 0.1390625 0.0787037037037 0.145833333333
1 0.587037037037 0.15 0.109259259259 0.152083333333
1 0.670833333333 0.15234375 0.117592592593 0.149479166667
1 0.756481481481 0.158072916667 0.111111111111 0.149479166667
1 0.831944444444 0.159895833333 0.134259259259 0.155208333333
1 0.926388888889 0.162239583333 0.134259259259 0.152604166667
1 0.966203703704 0.184375 0.0657407407407 0.14375
1 0.0189814814815 0.277864583333 0.0398148148148 0.125520833333
1 0.0662037037037 0.280989583333 0.0638888888889 0.128645833333
1 0.115740740741 0.2796875 0.0888888888889 0.135416666667
1 0.182407407407 0.284895833333 0.103703703704 0.136458333333
1 0.25462962963 0.289583333333 0.0944444444444 0.147916666667
1 0.321296296296 0.301041666667 0.0925925925926 0.145833333333
1 0.385185185185 0.307291666667 0.0925925925926 0.144791666667
1 0.454166666667 0.312760416667 0.0824074074074 0.1484375
1 0.517592592593 0.328385416667 0.0740740740741 0.1265625
1 0.578703703704 0.33984375 0.0888888888889 0.128645833333
1 0.652314814815 0.346875 0.100925925926 0.133333333333
1 0.719444444444 0.35546875 0.12037037037 0.1296875
1 0.799537037037 0.347916666667 0.119444444444 0.146875
1 0.871759259259 0.359635416667 0.132407407407 0.147395833333
1 0.0291666666667 0.410416666667 0.0601851851852 0.105208333333
1 0.0981481481481 0.419010416667 0.111111111111 0.108854166667
1 0.174074074074 0.426822916667 0.087037037037 0.1078125
1 0.231944444444 0.440625 0.102777777778 0.114583333333
1 0.309259259259 0.447395833333 0.109259259259 0.110416666667
1 0.402777777778 0.461458333333 0.087037037037 0.1125
1 0.469444444444 0.47578125 0.0851851851852 0.0973958333333
1 0.521759259259 0.483333333333 0.075 0.103125
1 0.588888888889 0.4921875 0.0759259259259 0.104166666667
1 0.656944444444 0.500260416667 0.0805555555556 0.106770833333
1 0.715277777778 0.503645833333 0.102777777778 0.11875
1 0.777777777778 0.513541666667 0.105555555556 0.121875
1 0.84537037037 0.523177083333 0.107407407407 0.1296875
1 0.919907407407 0.534114583333 0.117592592593 0.128645833333
1 0.956944444444 0.545572916667 0.0842592592593 0.1296875
1 0.075462962963 0.548958333333 0.102777777778 0.134375
1 0.141666666667 0.555208333333 0.107407407407 0.140625
1 0.211574074074 0.5671875 0.0990740740741 0.141666666667
1 0.296759259259 0.584114583333 0.10462962963 0.1328125
1 0.369444444444 0.597395833333 0.107407407407 0.141666666667
1 0.456481481481 0.6109375 0.114814814815 0.135416666667
1 0.5375 0.627083333333 0.117592592593 0.146875
1 0.629166666667 0.644270833333 0.119444444444 0.144791666667
1 0.726851851852 0.663020833333 0.116666666667 0.15625
1 0.836111111111 0.686197916667 0.15 0.149479166667
1 0.931018518519 0.705989583333 0.136111111111 0.1484375
