4 0.0675925925926 0.244791666667 0.137037037037 0.13125
4 0.386574074074 0.247135416667 0.147222222222 0.0984375
4 0.55462962963 0.232291666667 0.166666666667 0.0989583333333
4 0.70787037037 0.246614583333 0.130555555556 0.116145833333
4 0.870833333333 0.244270833333 0.176851851852 0.10625
4 0.859259259259 0.393229166667 0.140740740741 0.0947916666667
4 0.975462962963 0.400260416667 0.0472222222222 0.1109375
4 0.712037037037 0.402604166667 0.112962962963 0.109375
4 0.568518518519 0.388802083333 0.151851851852 0.0838541666667
4 0.404166666667 0.394270833333 0.136111111111 0.0947916666667
4 0.222222222222 0.402083333333 0.2 0.160416666667
4 0.0601851851852 0.400260416667 0.122222222222 0.140104166667
4 0.0578703703704 0.553125 0.117592592593 0.1625
4 0.216203703704 0.557552083333 0.19537037037 0.158854166667
4 0.423611111111 0.537239583333 0.149074074074 0.108854166667
4 0.581018518519 0.550260416667 0.147222222222 0.118229166667
4 0.854166666667 0.5609375 0.130555555556 0.115625
4 0.95 0.574739583333 0.0981481481481 0.141145833333
4 0.0675925925926 0.701302083333 0.137037037037 0.140104166667
4 0.240277777778 0.711458333333 0.206481481481 0.160416666667
4 0.128240740741 0.88359375 0.206481481481 0.168229166667
4 0.321759259259 0.884114583333 0.149074074074 0.100520833333
4 0.480555555556 0.87890625 0.144444444444 0.1015625
4 0.569444444444 0.85859375 0.111111111111 0.0994791666667
4 0.772685185185 0.822916666667 0.14537037037 0.0947916666667
4 0.764351851852 0.7234375 0.175 0.136458333333
4 0.925925925926 0.709895833333 0.142592592593 0.130208333333
4 0.589814814815 0.734114583333 0.168518518519 0.1265625
4 0.434722222222 0.716927083333 0.163888888889 0.134895833333
4 0.907407407407 0.822135416667 0.125925925926 0.100520833333
