1 0.062037037037 0.0817708333333 0.0888888888889 0.0364583333333
1 0.151388888889 0.0856770833333 0.0953703703704 0.0348958333333
1 0.305555555556 0.0890625 0.087037037037 0.0395833333333
1 0.385185185185 0.0854166666667 0.0851851851852 0.0385416666667
1 0.463425925926 0.08359375 0.0842592592593 0.0369791666667
1 0.54537037037 0.0841145833333 0.0851851851852 0.0432291666667
1 0.617592592593 0.0869791666667 0.0759259259259 0.0395833333333
1 0.696759259259 0.0875 0.0953703703704 0.0385416666667
1 0.0671296296296 0.134895833333 0.0916666666667 0.0729166666667
1 0.15462962963 0.13203125 0.101851851852 0.0630208333333
1 0.24537037037 0.135677083333 0.0851851851852 0.0557291666667
1 0.319444444444 0.134375 0.0722222222222 0.0625
1 0.390277777778 0.133854166667 0.0861111111111 0.0708333333333
1 0.460185185185 0.133333333333 0.087037037037 0.071875
1 0.534259259259 0.130989583333 0.0833333333333 0.0671875
1 0.613888888889 0.133854166667 0.0888888888889 0.06875
1 0.696759259259 0.133854166667 0.0861111111111 0.0666666666667
1 0.753703703704 0.135677083333 0.0685185185185 0.0578125
1 0.810185185185 0.137239583333 0.0703703703704 0.0661458333333
1 0.866666666667 0.135677083333 0.0685185185185 0.0630208333333
1 0.928240740741 0.13515625 0.0638888888889 0.0640625
1 0.0694444444444 0.2703125 0.111111111111 0.135416666667
1 0.162962962963 0.292447916667 0.0722222222222 0.0848958333333
1 0.25 0.27265625 0.127777777778 0.128645833333
1 0.376851851852 0.27265625 0.122222222222 0.1265625
1 0.512037037037 0.272916666667 0.114814814815 0.133333333333
1 0.601388888889 0.29296875 0.0805555555556 0.0838541666667
1 0.793518518519 0.267447916667 0.124074074074 0.1484375
1 0.908796296296 0.269270833333 0.115740740741 0.140625
1 0.973148148148 0.29765625 0.0518518518519 0.0838541666667
1 0.0333333333333 0.45234375 0.0685185185185 0.0869791666667
1 0.0773148148148 0.424479166667 0.115740740741 0.1125
1 0.173148148148 0.416145833333 0.109259259259 0.101041666667
1 0.255092592593 0.427083333333 0.117592592593 0.113541666667
1 0.336574074074 0.444010416667 0.0657407407407 0.0776041666667
1 0.40787037037 0.426041666667 0.0842592592593 0.115625
1 0.481018518519 0.434375 0.119444444444 0.122916666667
1 0.568981481481 0.424739583333 0.0787037037037 0.106770833333
1 0.6375 0.424479166667 0.0824074074074 0.1125
1 0.722685185185 0.433072916667 0.137962962963 0.1296875
1 0.836574074074 0.430729166667 0.102777777778 0.0947916666667
1 0.90462962963 0.451041666667 0.062962962963 0.0822916666667
1 0.962962962963 0.446875 0.0722222222222 0.1
1 0.062962962963 0.571354166667 0.127777777778 0.110416666667
1 0.181481481481 0.55625 0.101851851852 0.0729166666667
1 0.263425925926 0.559895833333 0.0972222222222 0.0822916666667
1 0.379166666667 0.56953125 0.113888888889 0.0953125
1 0.49537037037 0.57578125 0.127777777778 0.1078125
1 0.609722222222 0.57265625 0.117592592593 0.0984375
1 0.730555555556 0.577604166667 0.0925925925926 0.104166666667
1 0.8375 0.586979166667 0.134259259259 0.115625
1 0.946759259259 0.584895833333 0.10462962963 0.115625
1 0.0435185185185 0.7125 0.0888888888889 0.110416666667
1 0.116666666667 0.702604166667 0.103703703704 0.0927083333333
1 0.282407407407 0.705729166667 0.109259259259 0.0916666666667
1 0.364814814815 0.723177083333 0.105555555556 0.1171875
1 0.459259259259 0.720052083333 0.112962962963 0.1109375
1 0.630555555556 0.724739583333 0.107407407407 0.1140625
1 0.728703703704 0.7265625 0.101851851852 0.110416666667
1 0.82962962963 0.729427083333 0.105555555556 0.118229166667
1 0.924074074074 0.732291666667 0.112962962963 0.119791666667
1 0.0300925925926 0.877604166667 0.062037037037 0.132291666667
1 0.117592592593 0.887239583333 0.122222222222 0.140104166667
1 0.195833333333 0.913020833333 0.0601851851852 0.0708333333333
1 0.265740740741 0.865104166667 0.133333333333 0.1125
1 0.384722222222 0.87109375 0.117592592593 0.1265625
1 0.469444444444 0.903645833333 0.12962962963 0.148958333333
1 0.544444444444 0.936979166667 0.0666666666667 0.0708333333333
1 0.615740740741 0.897135416667 0.12962962963 0.1390625
1 0.698148148148 0.927864583333 0.0685185185185 0.0682291666667
1 0.783333333333 0.905989583333 0.127777777778 0.147395833333
1 0.859259259259 0.948697916667 0.0666666666667 0.0588541666667
1 0.933333333333 0.908854166667 0.131481481481 0.147916666667
