1 0.0393518518519 0.207291666667 0.0805555555556 0.120833333333
1 0.139351851852 0.19921875 0.0953703703704 0.1390625
1 0.226851851852 0.20390625 0.0888888888889 0.1296875
1 0.296759259259 0.206770833333 0.0935185185185 0.133333333333
1 0.365740740741 0.212239583333 0.0777777777778 0.1296875
1 0.443981481481 0.215364583333 0.0990740740741 0.125520833333
1 0.538425925926 0.217708333333 0.0916666666667 0.134375
1 0.611111111111 0.219010416667 0.0722222222222 0.125520833333
1 0.691666666667 0.216145833333 0.0888888888889 0.133333333333
1 0.76712962963 0.220052083333 0.0787037037037 0.127604166667
1 0.844907407407 0.221354166667 0.0916666666667 0.132291666667
1 0.929166666667 0.235677083333 0.0824074074074 0.105729166667
1 0.978703703704 0.230729166667 0.0407407407407 0.122916666667
1 0.062037037037 0.3890625 0.0888888888889 0.125
1 0.213425925926 0.38046875 0.0953703703704 0.138020833333
1 0.286111111111 0.3828125 0.0685185185185 0.144791666667
1 0.344907407407 0.383854166667 0.0787037037037 0.146875
1 0.405555555556 0.3828125 0.0851851851852 0.144791666667
1 0.474537037037 0.384375 0.0787037037037 0.14375
1 0.551851851852 0.38671875 0.0925925925926 0.136979166667
1 0.622685185185 0.383854166667 0.0916666666667 0.142708333333
1 0.686111111111 0.396354166667 0.0703703703704 0.1125
1 0.74212962963 0.3953125 0.0861111111111 0.123958333333
1 0.856481481481 0.401041666667 0.0851851851852 0.1125
1 0.918055555556 0.403385416667 0.0731481481481 0.1171875
1 0.962037037037 0.403125 0.0740740740741 0.113541666667
1 0.0393518518519 0.56484375 0.0805555555556 0.136979166667
1 0.111111111111 0.53203125 0.0888888888889 0.109895833333
1 0.16712962963 0.544791666667 0.0805555555556 0.126041666667
1 0.209259259259 0.554427083333 0.0907407407407 0.1390625
1 0.281944444444 0.552604166667 0.0805555555556 0.133333333333
1 0.345833333333 0.5546875 0.0842592592593 0.14375
1 0.409722222222 0.551302083333 0.0805555555556 0.127604166667
1 0.477314814815 0.548177083333 0.0805555555556 0.130729166667
1 0.549537037037 0.555208333333 0.0842592592593 0.135416666667
1 0.638425925926 0.561197916667 0.0842592592593 0.1421875
1 0.703240740741 0.565104166667 0.0824074074074 0.113541666667
1 0.782407407407 0.558072916667 0.0722222222222 0.1109375
1 0.845833333333 0.5671875 0.0768518518519 0.113541666667
1 0.906944444444 0.56484375 0.0787037037037 0.106770833333
1 0.964351851852 0.5640625 0.0694444444444 0.115625
1 0.0333333333333 0.704947916667 0.0685185185185 0.0973958333333
1 0.1 0.70390625 0.0703703703704 0.0994791666667
1 0.149537037037 0.70390625 0.0694444444444 0.0973958333333
1 0.194907407407 0.71484375 0.0990740740741 0.119270833333
1 0.253240740741 0.699739583333 0.0638888888889 0.0890625
1 0.306018518519 0.696354166667 0.062037037037 0.084375
1 0.375 0.716666666667 0.0925925925926 0.125
1 0.44537037037 0.712760416667 0.0703703703704 0.1171875
1 0.504166666667 0.713541666667 0.0768518518519 0.123958333333
1 0.591666666667 0.71484375 0.0907407407407 0.121354166667
1 0.689351851852 0.70390625 0.0638888888889 0.0994791666667
1 0.731944444444 0.721875 0.0824074074074 0.110416666667
1 0.809259259259 0.721875 0.0888888888889 0.1125
1 0.876851851852 0.7265625 0.0851851851852 0.1125
1 0.943518518519 0.727604166667 0.0740740740741 0.110416666667
1 0.975462962963 0.720833333333 0.0472222222222 0.116666666667
1 0.194907407407 0.916145833333 0.119444444444 0.123958333333
1 0.405555555556 0.914322916667 0.12962962963 0.127604166667
1 0.6125 0.907552083333 0.115740740741 0.1140625
1 0.786111111111 0.848958333333 0.0925925925926 0.0822916666667
