3 0.788425925926 0.249739583333 0.186111111111 0.338020833333
3 0.681944444444 0.619010416667 0.165740740741 0.2953125
3 0.556481481481 0.606770833333 0.161111111111 0.291666666667
2 0.4125 0.607291666667 0.156481481481 0.286458333333
3 0.625462962963 0.233072916667 0.15462962963 0.336979166667
3 0.0731481481481 0.209635416667 0.148148148148 0.290104166667
3 0.825925925926 0.62578125 0.168518518519 0.281770833333
3 0.927777777778 0.638541666667 0.142592592593 0.290625
3 0.287962962963 0.577864583333 0.125925925926 0.2484375
3 0.176388888889 0.572916666667 0.14537037037 0.244791666667
3 0.137962962963 0.8953125 0.122222222222 0.209375
3 0.24537037037 0.9 0.125925925926 0.2
3 0.353703703704 0.902083333333 0.125925925926 0.195833333333
3 0.725925925926 0.91875 0.116666666667 0.1625
3 0.870833333333 0.920572916667 0.137962962963 0.158854166667
3 0.210648148148 0.2171875 0.15462962963 0.304166666667
3 0.353240740741 0.21953125 0.158333333333 0.288020833333
3 0.483333333333 0.241145833333 0.164814814815 0.327083333333
3 0.932407407407 0.260677083333 0.133333333333 0.3359375
3 0.0430555555556 0.889583333333 0.087962962963 0.213541666667
3 0.0550925925926 0.578125 0.112037037037 0.28125
