4 0.0208333333333 0.0177083333333 0.0435185185185 0.0364583333333
4 0.0527777777778 0.0177083333333 0.05 0.0364583333333
4 0.0949074074074 0.0161458333333 0.0601851851852 0.0333333333333
4 0.144444444444 0.01484375 0.0648148148148 0.0307291666667
4 0.203240740741 0.01484375 0.062037037037 0.0307291666667
4 0.248148148148 0.0138020833333 0.0537037037037 0.0286458333333
4 0.297685185185 0.0138020833333 0.062037037037 0.0286458333333
4 0.0148148148148 0.133333333333 0.0314814814815 0.0833333333333
4 0.0333333333333 0.131510416667 0.0685185185185 0.0984375
4 0.0898148148148 0.1296875 0.0666666666667 0.102083333333
4 0.150462962963 0.131510416667 0.0805555555556 0.0963541666667
4 0.213425925926 0.133072916667 0.0787037037037 0.106770833333
4 0.292592592593 0.137760416667 0.0925925925926 0.108854166667
4 0.0425925925926 0.221875 0.0537037037037 0.078125
4 0.0907407407407 0.221354166667 0.0722222222222 0.090625
4 0.147685185185 0.22421875 0.0824074074074 0.0963541666667
4 0.223611111111 0.228125 0.0824074074074 0.1
4 0.294444444444 0.240364583333 0.0851851851852 0.0984375
4 0.0259259259259 0.3265625 0.0537037037037 0.08125
4 0.0726851851852 0.332291666667 0.0601851851852 0.08125
4 0.117592592593 0.343489583333 0.0592592592593 0.0848958333333
4 0.168055555556 0.348958333333 0.0787037037037 0.0916666666667
4 0.228703703704 0.358333333333 0.0685185185185 0.0895833333333
4 0.298611111111 0.370052083333 0.0805555555556 0.0942708333333
4 0.0240740740741 0.404166666667 0.05 0.0791666666667
4 0.0712962962963 0.41171875 0.062962962963 0.0848958333333
4 0.121759259259 0.419270833333 0.0638888888889 0.0833333333333
4 0.168981481481 0.429166666667 0.0731481481481 0.0802083333333
4 0.22962962963 0.436979166667 0.0703703703704 0.0802083333333
4 0.289351851852 0.4515625 0.0657407407407 0.0927083333333
4 0.206944444444 0.581770833333 0.213888888889 0.177083333333
4 0.0453703703704 0.539583333333 0.0925925925926 0.151041666667
4 0.0611111111111 0.6953125 0.124074074074 0.110416666667
4 0.198611111111 0.743229166667 0.230555555556 0.171875
4 0.0731481481481 0.805729166667 0.087037037037 0.104166666667
2 0.195833333333 0.8734375 0.20462962963 0.161458333333
2 0.689351851852 0.0200520833333 0.323148148148 0.0411458333333
2 0.673148148148 0.09375 0.294444444444 0.132291666667
2 0.910648148148 0.0950520833333 0.176851851852 0.152604166667
2 0.63287037037 0.281510416667 0.280555555556 0.171354166667
2 0.890277777778 0.308072916667 0.217592592593 0.150520833333
2 0.63287037037 0.4140625 0.280555555556 0.13125
2 0.865277777778 0.433072916667 0.267592592593 0.125520833333
2 0.568981481481 0.644791666667 0.267592592593 0.145833333333
2 0.793518518519 0.719010416667 0.312962962963 0.161979166667
2 0.519907407407 0.829947916667 0.247222222222 0.188020833333
2 0.765740740741 0.899479166667 0.257407407407 0.196875
2 0.931018518519 0.94453125 0.136111111111 0.1046875
2 0.529166666667 0.94375 0.289814814815 0.111458333333
