1 0.3 0.129166666667 0.0685185185185 0.142708333333
1 0.227777777778 0.123958333333 0.0925925925926 0.132291666667
1 0.155092592593 0.123697916667 0.0712962962963 0.125520833333
1 0.074537037037 0.125520833333 0.0898148148148 0.121875
1 0.413888888889 0.144010416667 0.0740740740741 0.102604166667
1 0.479166666667 0.142708333333 0.0842592592593 0.090625
1 0.548611111111 0.142708333333 0.062037037037 0.101041666667
1 0.614351851852 0.14765625 0.0675925925926 0.0994791666667
1 0.690740740741 0.138541666667 0.111111111111 0.0989583333333
1 0.765740740741 0.138802083333 0.0925925925926 0.102604166667
1 0.837962962963 0.143229166667 0.0777777777778 0.104166666667
1 0.916666666667 0.140885416667 0.0796296296296 0.1046875
1 0.702314814815 0.284895833333 0.110185185185 0.1375
1 0.594444444444 0.284375 0.12037037037 0.140625
1 0.185185185185 0.28359375 0.124074074074 0.1296875
1 0.0694444444444 0.286458333333 0.107407407407 0.136458333333
1 0.666666666667 0.444270833333 0.112962962963 0.116666666667
1 0.555555555556 0.437239583333 0.116666666667 0.116145833333
1 0.451851851852 0.44296875 0.109259259259 0.125520833333
1 0.351388888889 0.44375 0.123148148148 0.132291666667
1 0.255555555556 0.444010416667 0.105555555556 0.128645833333
1 0.162962962963 0.437239583333 0.116666666667 0.121354166667
1 0.0564814814815 0.438541666667 0.0962962962963 0.121875
1 0.19537037037 0.569791666667 0.0962962962963 0.113541666667
1 0.296296296296 0.567447916667 0.105555555556 0.113020833333
1 0.392592592593 0.565625 0.101851851852 0.113541666667
1 0.477777777778 0.566927083333 0.116666666667 0.116145833333
1 0.578703703704 0.566927083333 0.0962962962963 0.116145833333
1 0.67037037037 0.568489583333 0.101851851852 0.115104166667
1 0.740277777778 0.5671875 0.0861111111111 0.10625
1 0.810648148148 0.5625 0.0787037037037 0.107291666667
1 0.946296296296 0.55859375 0.0648148148148 0.0994791666667
1 0.293518518519 0.287760416667 0.0944444444444 0.1265625
1 0.393518518519 0.287239583333 0.105555555556 0.131770833333
1 0.488425925926 0.288541666667 0.100925925926 0.125
1 0.794444444444 0.284895833333 0.112962962963 0.134375
1 0.92037037037 0.290625 0.0888888888889 0.113541666667
1 0.363888888889 0.146354166667 0.0740740740741 0.104166666667
1 0.0259259259259 0.130989583333 0.0537037037037 0.118229166667
1 0.966203703704 0.290364583333 0.0657407407407 0.109895833333
1 0.0351851851852 0.572135416667 0.0722222222222 0.106770833333
1 0.107407407407 0.5703125 0.105555555556 0.114583333333
1 0.874074074074 0.56328125 0.0703703703704 0.100520833333
1 0.757407407407 0.434375 0.0722222222222 0.111458333333
1 0.818981481481 0.436458333333 0.0638888888889 0.111458333333
1 0.875 0.433072916667 0.0722222222222 0.106770833333
1 0.926851851852 0.435416666667 0.0703703703704 0.109375
1 0.965277777778 0.430729166667 0.0675925925926 0.115625
1 0.0787037037037 0.70703125 0.1 0.119270833333
1 0.178240740741 0.709114583333 0.0953703703704 0.115104166667
1 0.265740740741 0.705208333333 0.0962962962963 0.113541666667
1 0.360648148148 0.70390625 0.0972222222222 0.1140625
1 0.436574074074 0.7046875 0.0731481481481 0.1125
1 0.512037037037 0.7046875 0.0703703703704 0.1125
1 0.583796296296 0.70390625 0.0657407407407 0.118229166667
1 0.656944444444 0.705729166667 0.0601851851852 0.114583333333
1 0.721296296296 0.705729166667 0.0666666666667 0.1125
1 0.788425925926 0.70390625 0.0768518518519 0.1109375
1 0.85 0.7046875 0.0685185185185 0.1125
1 0.920833333333 0.70625 0.0787037037037 0.109375
1 0.0537037037037 0.87890625 0.109259259259 0.1390625
1 0.153240740741 0.87734375 0.0990740740741 0.1390625
1 0.262037037037 0.8765625 0.125925925926 0.14375
1 0.367592592593 0.880989583333 0.12037037037 0.141145833333
1 0.476388888889 0.884375 0.115740740741 0.14375
1 0.590740740741 0.879166666667 0.112962962963 0.140625
1 0.685185185185 0.881510416667 0.105555555556 0.1171875
1 0.798611111111 0.884375 0.100925925926 0.120833333333
1 0.905092592593 0.882291666667 0.123148148148 0.115625
