2 0.1734375 0.0263888888889 0.05 0.0546296296296
2 0.0890625 0.107407407407 0.0520833333333 0.0685185185185
2 0.0536458333333 0.109259259259 0.0479166666667 0.0759259259259
2 0.128125 0.106018518519 0.040625 0.108333333333
2 0.0510416666667 0.218981481481 0.0510416666667 0.087962962963
2 0.0919270833333 0.238425925926 0.0473958333333 0.0824074074074
2 0.173958333333 0.221296296296 0.0447916666667 0.0888888888889
2 0.263020833333 0.122685185185 0.0854166666667 0.112037037037
2 0.3359375 0.128240740741 0.06875 0.10462962963
2 0.4046875 0.122685185185 0.0791666666667 0.0935185185185
2 0.483333333333 0.1125 0.090625 0.110185185185
2 0.563541666667 0.102314814815 0.0822916666667 0.115740740741
2 0.641666666667 0.104166666667 0.0697916666667 0.112037037037
2 0.719791666667 0.104166666667 0.0947916666667 0.10462962963
2 0.808854166667 0.103240740741 0.0854166666667 0.0953703703704
2 0.885416666667 0.102314814815 0.0885416666667 0.0972222222222
2 0.957291666667 0.326388888889 0.0822916666667 0.115740740741
2 0.877604166667 0.320833333333 0.0875 0.115740740741
2 0.894791666667 0.228240740741 0.084375 0.0898148148148
2 0.803125 0.236574074074 0.0947916666667 0.113888888889
2 0.800520833333 0.318981481481 0.0791666666667 0.0935185185185
2 0.7234375 0.313425925926 0.0895833333333 0.10462962963
2 0.648958333333 0.235648148148 0.0885416666667 0.0824074074074
2 0.643229166667 0.315277777778 0.08125 0.112037037037
2 0.5625 0.322222222222 0.0864583333333 0.0981481481481
2 0.5609375 0.243055555556 0.0875 0.0898148148148
2 0.477604166667 0.311574074074 0.0958333333333 0.126851851852
2 0.403645833333 0.316203703704 0.0833333333333 0.121296296296
2 0.336979166667 0.318981481481 0.0708333333333 0.149074074074
2 0.271875 0.328240740741 0.0927083333333 0.137962962963
2 0.344270833333 0.519907407407 0.0791666666667 0.136111111111
2 0.419791666667 0.505092592593 0.0802083333333 0.15462962963
2 0.4890625 0.500462962963 0.0729166666667 0.149074074074
2 0.558333333333 0.516666666667 0.0739583333333 0.101851851852
2 0.638541666667 0.496759259259 0.0739583333333 0.152777777778
2 0.705729166667 0.494907407407 0.0833333333333 0.126851851852
2 0.790625 0.480555555556 0.090625 0.166666666667
2 0.8640625 0.447222222222 0.0833333333333 0.0888888888889
2 0.864583333333 0.526388888889 0.0802083333333 0.0787037037037
2 0.938541666667 0.440277777778 0.071875 0.087962962963
2 0.936458333333 0.531944444444 0.0760416666667 0.0861111111111
2 0.928645833333 0.646759259259 0.0854166666667 0.100925925926
2 0.8546875 0.646296296296 0.075 0.101851851852
2 0.783854166667 0.64212962963 0.0854166666667 0.113888888889
2 0.713541666667 0.733796296296 0.0822916666667 0.123148148148
2 0.636979166667 0.727314814815 0.0854166666667 0.125
2 0.5640625 0.721759259259 0.0708333333333 0.110185185185
2 0.172916666667 0.513888888889 0.0447916666667 0.0814814814815
2 0.125260416667 0.502314814815 0.0369791666667 0.0712962962963
2 0.0635416666667 0.423148148148 0.0510416666667 0.0925925925926
2 0.07890625 0.62037037037 0.0442708333333 0.062962962963
2 0.132552083333 0.613888888889 0.0515625 0.0814814814815
2 0.189322916667 0.60787037037 0.0473958333333 0.0768518518519
2 0.225520833333 0.94212962963 0.0541666666667 0.0898148148148
2 0.0786458333333 0.761111111111 0.0541666666667 0.0425925925926
2 0.0265625 0.802777777778 0.0458333333333 0.0703703703704
2 0.244791666667 0.806944444444 0.053125 0.106481481481
2 0.296354166667 0.706944444444 0.0666666666667 0.147222222222
2 0.3578125 0.721759259259 0.06875 0.136111111111
2 0.489583333333 0.649537037037 0.084375 0.0990740740741
2 0.421354166667 0.726388888889 0.0791666666667 0.100925925926
2 0.491666666667 0.733796296296 0.0635416666667 0.0898148148148
2 0.308854166667 0.924537037037 0.06875 0.115740740741
2 0.367708333333 0.942592592593 0.0802083333333 0.112962962963
2 0.450520833333 0.889351851852 0.0729166666667 0.112037037037
2 0.5703125 0.85787037037 0.075 0.0972222222222
2 0.641666666667 0.857407407407 0.0760416666667 0.101851851852
2 0.570833333333 0.939351851852 0.0760416666667 0.0787037037037
2 0.641666666667 0.943981481481 0.0677083333333 0.0731481481481
2 0.713541666667 0.856018518519 0.084375 0.108333333333
2 0.782291666667 0.855092592593 0.078125 0.106481481481
2 0.7125 0.948611111111 0.0739583333333 0.0861111111111
2 0.789583333333 0.953240740741 0.0822916666667 0.0842592592593
2 0.8609375 0.8625 0.08125 0.102777777778
2 0.861979166667 0.952314814815 0.0729166666667 0.0898148148148
2 0.938541666667 0.865277777778 0.078125 0.10462962963
2 0.927604166667 0.954166666667 0.0770833333333 0.0787037037037
2 0.0768229166667 0.493981481481 0.0390625 0.0657407407407
2 0.169010416667 0.428703703704 0.0442708333333 0.0537037037037
2 0.120572916667 0.428703703704 0.0484375 0.0592592592593
2 0.10234375 0.313425925926 0.0421875 0.0638888888889
2 0.171614583333 0.30462962963 0.0390625 0.0814814814815
2 0.13125 0.236111111111 0.034375 0.0814814814815
2 0.0885416666667 0.0305555555556 0.0458333333333 0.0592592592593
2 0.0466145833333 0.0263888888889 0.0390625 0.0509259259259
2 0.0138020833333 0.106944444444 0.0286458333333 0.087962962963
2 0.0151041666667 0.0300925925926 0.0302083333333 0.0601851851852
2 0.17265625 0.104166666667 0.0380208333333 0.0787037037037
2 0.252864583333 0.0263888888889 0.0692708333333 0.0527777777778
2 0.329166666667 0.0287037037037 0.075 0.0518518518519
2 0.404427083333 0.0324074074074 0.0713541666667 0.0648148148148
2 0.558854166667 0.0300925925926 0.08125 0.0546296296296
2 0.984895833333 0.652777777778 0.0302083333333 0.101851851852
2 0.982291666667 0.739814814815 0.0354166666667 0.0703703703704
2 0.924739583333 0.73287037037 0.0723958333333 0.0824074074074
2 0.853385416667 0.7375 0.0765625 0.0675925925926
2 0.7828125 0.731944444444 0.0604166666667 0.0657407407407
2 0.0559895833333 0.312962962963 0.0494791666667 0.0888888888889
2 0.0203125 0.305092592593 0.03125 0.075
2 0.0114583333333 0.224074074074 0.0229166666667 0.0759259259259
2 0.0325520833333 0.492592592593 0.0515625 0.0685185185185
2 0.0221354166667 0.414814814815 0.0380208333333 0.05
2 0.0385416666667 0.675 0.0479166666667 0.0666666666667
2 0.195833333333 0.668518518519 0.0427083333333 0.0574074074074
2 0.132552083333 0.685648148148 0.0526041666667 0.0638888888889
2 0.0877604166667 0.68287037037 0.0369791666667 0.0601851851852
2 0.0799479166667 0.811574074074 0.0567708333333 0.0601851851852
2 0.123177083333 0.776388888889 0.0286458333333 0.0435185185185
2 0.15625 0.771759259259 0.0458333333333 0.0472222222222
2 0.159114583333 0.818981481481 0.0411458333333 0.0509259259259
2 0.2015625 0.766203703704 0.0354166666667 0.0453703703704
2 0.203125 0.813425925926 0.0322916666667 0.0583333333333
2 0.126302083333 0.936111111111 0.0588541666667 0.0518518518519
2 0.2609375 0.910185185185 0.025 0.0685185185185
2 0.378125 0.844444444444 0.06875 0.0703703703704
2 0.506510416667 0.864351851852 0.0442708333333 0.0805555555556
2 0.705989583333 0.636111111111 0.0619791666667 0.0796296296296
2 0.958072916667 0.222222222222 0.0421875 0.0685185185185
2 0.968229166667 0.101851851852 0.0635416666667 0.105555555556
2 0.966666666667 0.025 0.0666666666667 0.0518518518519
2 0.888802083333 0.0222222222222 0.0838541666667 0.0462962962963
2 0.804947916667 0.025462962963 0.0890625 0.0509259259259
2 0.62890625 0.636574074074 0.0619791666667 0.0509259259259
2 0.280989583333 0.512037037037 0.0536458333333 0.140740740741
2 0.252604166667 0.64537037037 0.028125 0.0611111111111
2 0.0572916666667 0.943981481481 0.0604166666667 0.0472222222222
