1 0.140277777778 0.148697916667 0.15462962963 0.0963541666667
1 0.223611111111 0.154166666667 0.0657407407407 0.0885416666667
1 0.281944444444 0.15234375 0.0805555555556 0.0848958333333
1 0.38287037037 0.122135416667 0.0805555555556 0.0661458333333
1 0.383333333333 0.17265625 0.0685185185185 0.0578125
1 0.565277777778 0.160677083333 0.0824074074074 0.0755208333333
1 0.644444444444 0.160416666667 0.0851851851852 0.06875
1 0.7125 0.09921875 0.0768518518519 0.0734375
1 0.782407407407 0.0950520833333 0.0851851851852 0.0744791666667
1 0.852314814815 0.0986979166667 0.0842592592593 0.0651041666667
1 0.925 0.0942708333333 0.0907407407407 0.0708333333333
1 0.710185185185 0.161197916667 0.0759259259259 0.0651041666667
1 0.781018518519 0.162239583333 0.075 0.0671875
1 0.854166666667 0.158072916667 0.0768518518519 0.0640625
1 0.923148148148 0.158072916667 0.0777777777778 0.0567708333333
1 0.183796296296 0.332291666667 0.0601851851852 0.0885416666667
1 0.239814814815 0.333333333333 0.0703703703704 0.0927083333333
1 0.301851851852 0.331770833333 0.0703703703704 0.0916666666667
1 0.39537037037 0.3296875 0.0759259259259 0.0916666666667
1 0.461111111111 0.3265625 0.0722222222222 0.0947916666667
1 0.518981481481 0.326041666667 0.0805555555556 0.103125
1 0.589814814815 0.327604166667 0.0777777777778 0.1
1 0.658333333333 0.325520833333 0.0888888888889 0.1
1 0.789351851852 0.324739583333 0.0861111111111 0.0963541666667
1 0.872685185185 0.314322916667 0.0768518518519 0.1265625
1 0.955092592593 0.315104166667 0.0805555555556 0.125
1 0.0856481481481 0.488802083333 0.0824074074074 0.143229166667
1 0.163888888889 0.506770833333 0.0703703703704 0.105208333333
1 0.208333333333 0.496614583333 0.0555555555556 0.0973958333333
1 0.245833333333 0.489322916667 0.062037037037 0.0984375
1 0.306944444444 0.490885416667 0.0768518518519 0.1109375
1 0.387962962963 0.4984375 0.0740740740741 0.110416666667
1 0.47037037037 0.49375 0.0703703703704 0.101041666667
1 0.524074074074 0.49921875 0.0666666666667 0.106770833333
1 0.580555555556 0.495572916667 0.0648148148148 0.0994791666667
1 0.638425925926 0.500260416667 0.0805555555556 0.1046875
1 0.702777777778 0.492708333333 0.0666666666667 0.0989583333333
1 0.749074074074 0.506510416667 0.0685185185185 0.105729166667
1 0.796759259259 0.49609375 0.0601851851852 0.105729166667
1 0.840740740741 0.47421875 0.0574074074074 0.0848958333333
1 0.888888888889 0.481770833333 0.0722222222222 0.1
1 0.949074074074 0.497395833333 0.0888888888889 0.1125
1 0.120833333333 0.66328125 0.075 0.116145833333
1 0.176388888889 0.668489583333 0.0787037037037 0.1171875
1 0.226388888889 0.670833333333 0.0638888888889 0.114583333333
1 0.292592592593 0.667447916667 0.0759259259259 0.128645833333
1 0.354166666667 0.6796875 0.0805555555556 0.111458333333
1 0.412962962963 0.65234375 0.0537037037037 0.0984375
1 0.466203703704 0.65234375 0.0824074074074 0.0869791666667
1 0.535185185185 0.680729166667 0.0851851851852 0.102083333333
1 0.585648148148 0.654166666667 0.0546296296296 0.090625
1 0.633333333333 0.657552083333 0.0703703703704 0.1046875
1 0.673148148148 0.669270833333 0.0814814814815 0.104166666667
1 0.743981481481 0.65234375 0.075 0.105729166667
1 0.805555555556 0.655208333333 0.0703703703704 0.0947916666667
1 0.850462962963 0.674479166667 0.0805555555556 0.105208333333
1 0.910648148148 0.673177083333 0.075 0.103645833333
1 0.958333333333 0.654166666667 0.05 0.0947916666667
1 0.221759259259 0.846354166667 0.0990740740741 0.134375
1 0.283333333333 0.8265625 0.0740740740741 0.127083333333
1 0.343981481481 0.815625 0.0731481481481 0.126041666667
1 0.386574074074 0.833072916667 0.0824074074074 0.130729166667
1 0.469444444444 0.8171875 0.0814814814815 0.132291666667
1 0.540277777778 0.829427083333 0.0824074074074 0.149479166667
1 0.613425925926 0.834114583333 0.100925925926 0.156770833333
1 0.690740740741 0.825260416667 0.0907407407407 0.1390625
