4 0.0481481481481 0.190364583333 0.0833333333333 0.128645833333
4 0.125 0.191927083333 0.0722222222222 0.1234375
4 0.194907407407 0.190625 0.0731481481481 0.11875
4 0.265740740741 0.191927083333 0.0833333333333 0.118229166667
4 0.334722222222 0.192447916667 0.0768518518519 0.1171875
4 0.404166666667 0.195052083333 0.0768518518519 0.1171875
4 0.47962962963 0.19609375 0.062962962963 0.1171875
4 0.539814814815 0.195572916667 0.0685185185185 0.116145833333
4 0.591666666667 0.19375 0.0703703703704 0.114583333333
4 0.644907407407 0.197916666667 0.0453703703704 0.113541666667
4 0.686111111111 0.182291666667 0.0518518518519 0.0635416666667
4 0.739814814815 0.19921875 0.0574074074074 0.108854166667
4 0.891203703704 0.200260416667 0.0564814814815 0.1109375
4 0.9375 0.204947916667 0.0564814814815 0.106770833333
4 0.0435185185185 0.35390625 0.0796296296296 0.0921875
4 0.1125 0.351822916667 0.0768518518519 0.0911458333333
4 0.18287037037 0.352604166667 0.075 0.0895833333333
4 0.250925925926 0.351302083333 0.0703703703704 0.0901041666667
4 0.318981481481 0.351302083333 0.075 0.0901041666667
4 0.381018518519 0.353385416667 0.0638888888889 0.0880208333333
4 0.446759259259 0.3515625 0.0638888888889 0.0875
4 0.566203703704 0.352604166667 0.0583333333333 0.0927083333333
4 0.504166666667 0.35 0.0601851851852 0.0875
4 0.629166666667 0.348958333333 0.0601851851852 0.0895833333333
4 0.684259259259 0.350260416667 0.0555555555556 0.0848958333333
4 0.734722222222 0.3515625 0.0675925925926 0.0875
4 0.868518518519 0.351822916667 0.0666666666667 0.0911458333333
4 0.923148148148 0.351302083333 0.0518518518519 0.0901041666667
4 0.976388888889 0.349479166667 0.0453703703704 0.0864583333333
4 0.0356481481481 0.491145833333 0.0731481481481 0.0885416666667
4 0.0972222222222 0.489583333333 0.0685185185185 0.0854166666667
4 0.160185185185 0.488541666667 0.0666666666667 0.0822916666667
4 0.225462962963 0.487239583333 0.0712962962963 0.0848958333333
4 0.286111111111 0.4859375 0.0648148148148 0.0854166666667
4 0.346296296296 0.488541666667 0.0703703703704 0.0875
4 0.399074074074 0.487760416667 0.0574074074074 0.0890625
4 0.480555555556 0.488541666667 0.0685185185185 0.0875
4 0.582407407407 0.484114583333 0.0648148148148 0.0890625
4 0.643518518519 0.483072916667 0.0518518518519 0.0817708333333
4 0.826851851852 0.484114583333 0.0407407407407 0.0838541666667
4 0.872222222222 0.48359375 0.0555555555556 0.0828125
4 0.92962962963 0.483072916667 0.0555555555556 0.0786458333333
4 0.975925925926 0.483072916667 0.0462962962963 0.0817708333333
4 0.0263888888889 0.619791666667 0.0546296296296 0.0791666666667
4 0.0819444444444 0.61796875 0.075 0.0755208333333
4 0.14212962963 0.619270833333 0.0564814814815 0.078125
4 0.195833333333 0.617708333333 0.0712962962963 0.0791666666667
4 0.258333333333 0.614322916667 0.0648148148148 0.0755208333333
4 0.315277777778 0.615104166667 0.0601851851852 0.0770833333333
4 0.368518518519 0.6140625 0.0592592592593 0.0739583333333
4 0.424537037037 0.613802083333 0.0583333333333 0.0744791666667
4 0.477314814815 0.61328125 0.062037037037 0.0734375
4 0.533333333333 0.612760416667 0.0555555555556 0.0744791666667
4 0.588425925926 0.610416666667 0.0601851851852 0.071875
4 0.778703703704 0.60625 0.0648148148148 0.078125
4 0.844907407407 0.605729166667 0.0601851851852 0.0739583333333
4 0.894444444444 0.607291666667 0.0537037037037 0.0729166666667
4 0.952777777778 0.603125 0.0685185185185 0.071875
4 0.0467592592593 0.7390625 0.0638888888889 0.0739583333333
4 0.1125 0.738020833333 0.0601851851852 0.0739583333333
4 0.175925925926 0.736197916667 0.0592592592593 0.0703125
4 0.240277777778 0.7328125 0.0712962962963 0.071875
4 0.300925925926 0.734114583333 0.0685185185185 0.0692708333333
4 0.359722222222 0.73125 0.0564814814815 0.0729166666667
4 0.407407407407 0.72734375 0.0666666666667 0.0755208333333
4 0.459259259259 0.729166666667 0.0555555555556 0.071875
4 0.511111111111 0.728645833333 0.062962962963 0.0708333333333
4 0.5625 0.7265625 0.0657407407407 0.0729166666667
4 0.613888888889 0.724479166667 0.0648148148148 0.0697916666667
4 0.668518518519 0.72265625 0.0518518518519 0.0682291666667
4 0.786574074074 0.724739583333 0.062037037037 0.0744791666667
4 0.842592592593 0.72109375 0.0555555555556 0.0744791666667
4 0.89212962963 0.721875 0.062037037037 0.0729166666667
4 0.948148148148 0.72109375 0.0648148148148 0.0692708333333
4 0.0337962962963 0.866927083333 0.0694444444444 0.0921875
4 0.101851851852 0.859114583333 0.0685185185185 0.0859375
4 0.153703703704 0.857552083333 0.062962962963 0.0828125
4 0.215740740741 0.857291666667 0.0648148148148 0.0895833333333
4 0.268055555556 0.852083333333 0.062037037037 0.0885416666667
4 0.323148148148 0.85546875 0.0666666666667 0.0932291666667
4 0.377777777778 0.855729166667 0.062962962963 0.0958333333333
4 0.428703703704 0.852604166667 0.0574074074074 0.0895833333333
4 0.479166666667 0.848958333333 0.0583333333333 0.0895833333333
4 0.529166666667 0.847916666667 0.0638888888889 0.0895833333333
4 0.576851851852 0.847395833333 0.0537037037037 0.0885416666667
4 0.626388888889 0.844791666667 0.0564814814815 0.0864583333333
4 0.705092592593 0.841927083333 0.0675925925926 0.0942708333333
4 0.768518518519 0.842447916667 0.0648148148148 0.0890625
4 0.830092592593 0.845572916667 0.0638888888889 0.0869791666667
4 0.887037037037 0.839583333333 0.0555555555556 0.0875
4 0.937962962963 0.840625 0.0592592592593 0.0895833333333
