1 0.291203703704 0.0385416666667 0.136111111111 0.078125
1 0.441666666667 0.0380208333333 0.114814814815 0.0770833333333
1 0.155555555556 0.03984375 0.124074074074 0.0807291666667
1 0.0518518518519 0.0380208333333 0.105555555556 0.0770833333333
1 0.516666666667 0.0421875 0.0851851851852 0.0854166666667
1 0.593055555556 0.0432291666667 0.0935185185185 0.0875
1 0.6875 0.04375 0.100925925926 0.0885416666667
1 0.783333333333 0.0450520833333 0.103703703704 0.0911458333333
1 0.882407407407 0.0450520833333 0.107407407407 0.0911458333333
1 0.961111111111 0.046875 0.0759259259259 0.0947916666667
1 0.0537037037037 0.244010416667 0.109259259259 0.1796875
1 0.147685185185 0.243229166667 0.119444444444 0.185416666667
1 0.259259259259 0.242708333333 0.125925925926 0.188541666667
1 0.381944444444 0.2375 0.123148148148 0.208333333333
1 0.488888888889 0.243229166667 0.12037037037 0.210416666667
1 0.599074074074 0.243229166667 0.125925925926 0.210416666667
1 0.717592592593 0.247135416667 0.127777777778 0.211979166667
1 0.841666666667 0.2484375 0.122222222222 0.207291666667
1 0.940740740741 0.2484375 0.116666666667 0.21875
1 0.0712962962963 0.482291666667 0.12037037037 0.167708333333
1 0.186574074074 0.4734375 0.102777777778 0.166666666667
1 0.272685185185 0.488541666667 0.115740740741 0.164583333333
1 0.375 0.47890625 0.125925925926 0.1890625
1 0.476851851852 0.480989583333 0.114814814815 0.193229166667
1 0.57962962963 0.483333333333 0.124074074074 0.188541666667
1 0.680555555556 0.48125 0.111111111111 0.186458333333
1 0.741203703704 0.49609375 0.117592592593 0.193229166667
1 0.0814814814815 0.698177083333 0.111111111111 0.159895833333
1 0.1875 0.69921875 0.100925925926 0.159895833333
1 0.285648148148 0.704427083333 0.115740740741 0.166145833333
1 0.388888888889 0.7078125 0.125925925926 0.165625
1 0.491203703704 0.704947916667 0.102777777778 0.159895833333
1 0.59212962963 0.681510416667 0.102777777778 0.0984375
1 0.586574074074 0.7546875 0.0972222222222 0.0791666666667
1 0.682407407407 0.68359375 0.111111111111 0.0984375
1 0.784259259259 0.68515625 0.101851851852 0.0973958333333
1 0.881944444444 0.68828125 0.123148148148 0.0890625
1 0.675 0.7546875 0.109259259259 0.08125
1 0.767592592593 0.758854166667 0.105555555556 0.0822916666667
1 0.859722222222 0.760416666667 0.0990740740741 0.071875
1 0.954166666667 0.719010416667 0.0898148148148 0.1546875
1 0.0555555555556 0.8953125 0.105555555556 0.152083333333
1 0.14537037037 0.89765625 0.1 0.149479166667
1 0.233796296296 0.899479166667 0.112037037037 0.153125
1 0.31712962963 0.898958333333 0.10462962963 0.148958333333
1 0.397222222222 0.911197916667 0.109259259259 0.159895833333
1 0.487962962963 0.915625 0.118518518519 0.157291666667
1 0.58287037037 0.920572916667 0.117592592593 0.1578125
1 0.673148148148 0.921614583333 0.112962962963 0.155729166667
1 0.766203703704 0.920052083333 0.117592592593 0.158854166667
1 0.855555555556 0.9234375 0.124074074074 0.152083333333
1 0.943518518519 0.922395833333 0.111111111111 0.154166666667
