1 0.121296296296 0.251302083333 0.101851851852 0.1515625
1 0.0486111111111 0.257552083333 0.0990740740741 0.152604166667
1 0.264814814815 0.424739583333 0.087037037037 0.133854166667
1 0.414814814815 0.421354166667 0.0759259259259 0.108333333333
1 0.481944444444 0.428385416667 0.0712962962963 0.144270833333
1 0.477777777778 0.5734375 0.0685185185185 0.121875
1 0.42037037037 0.577864583333 0.0833333333333 0.0994791666667
1 0.380092592593 0.570833333333 0.0712962962963 0.0854166666667
1 0.332407407407 0.583854166667 0.087037037037 0.11875
1 0.268055555556 0.58203125 0.062037037037 0.0973958333333
1 0.208796296296 0.583072916667 0.0805555555556 0.113020833333
1 0.1375 0.590364583333 0.0953703703704 0.121354166667
1 0.0625 0.594270833333 0.0898148148148 0.132291666667
1 0.518055555556 0.727864583333 0.0990740740741 0.125520833333
1 0.594907407407 0.715885416667 0.0805555555556 0.125520833333
1 0.664351851852 0.7046875 0.0712962962963 0.116666666667
1 0.725925925926 0.69140625 0.0777777777778 0.125520833333
1 0.55 0.587239583333 0.0777777777778 0.1046875
1 0.610185185185 0.58671875 0.0740740740741 0.109895833333
1 0.668981481481 0.5734375 0.062037037037 0.0979166666667
1 0.560648148148 0.457552083333 0.115740740741 0.111979166667
1 0.649074074074 0.450260416667 0.0777777777778 0.0973958333333
1 0.783333333333 0.67890625 0.0740740740741 0.115104166667
1 0.835648148148 0.665104166667 0.0768518518519 0.103125
1 0.89537037037 0.655208333333 0.0555555555556 0.102083333333
1 0.945833333333 0.648958333333 0.0657407407407 0.103125
1 0.728703703704 0.568489583333 0.0648148148148 0.0994791666667
1 0.777777777778 0.557552083333 0.0722222222222 0.0942708333333
1 0.82962962963 0.555729166667 0.0555555555556 0.0979166666667
1 0.875925925926 0.55 0.0537037037037 0.0947916666667
1 0.913888888889 0.54296875 0.0648148148148 0.0880208333333
1 0.956944444444 0.541145833333 0.0564814814815 0.0802083333333
1 0.713425925926 0.445833333333 0.0657407407407 0.1
1 0.758333333333 0.4421875 0.0740740740741 0.1
1 0.802777777778 0.44296875 0.0685185185185 0.0963541666667
1 0.849074074074 0.440104166667 0.0666666666667 0.0927083333333
1 0.899537037037 0.437760416667 0.0805555555556 0.0859375
1 0.978703703704 0.436979166667 0.0407407407407 0.0895833333333
1 0.185648148148 0.2578125 0.0768518518519 0.142708333333
1 0.241203703704 0.26171875 0.0805555555556 0.136979166667
1 0.308796296296 0.262239583333 0.0768518518519 0.1359375
1 0.376851851852 0.267447916667 0.0759259259259 0.127604166667
1 0.430555555556 0.26796875 0.0722222222222 0.128645833333
1 0.488425925926 0.27109375 0.0638888888889 0.122395833333
1 0.542592592593 0.289322916667 0.0666666666667 0.0557291666667
1 0.604166666667 0.2890625 0.0657407407407 0.05
1 0.649537037037 0.290625 0.0583333333333 0.0510416666667
1 0.689814814815 0.29296875 0.0518518518519 0.0515625
1 0.734722222222 0.29765625 0.0638888888889 0.0463541666667
1 0.78287037037 0.29765625 0.062037037037 0.0463541666667
1 0.840740740741 0.300520833333 0.0574074074074 0.0479166666667
1 0.887962962963 0.301041666667 0.0666666666667 0.0416666666667
1 0.555092592593 0.338020833333 0.062037037037 0.0489583333333
1 0.592592592593 0.3359375 0.0518518518519 0.0510416666667
1 0.633333333333 0.33515625 0.0537037037037 0.0473958333333
1 0.681481481481 0.3375 0.0555555555556 0.0520833333333
1 0.717592592593 0.336979166667 0.05 0.0416666666667
1 0.760648148148 0.3375 0.0583333333333 0.040625
1 0.82037037037 0.340364583333 0.0740740740741 0.0442708333333
1 0.0324074074074 0.0841145833333 0.0666666666667 0.109895833333
1 0.0949074074074 0.08828125 0.0731481481481 0.106770833333
1 0.160648148148 0.096875 0.0805555555556 0.103125
1 0.221296296296 0.09921875 0.0703703703704 0.105729166667
1 0.285185185185 0.108333333333 0.0703703703704 0.09375
1 0.3375 0.116666666667 0.0601851851852 0.0916666666667
1 0.373611111111 0.122395833333 0.0583333333333 0.09375
1 0.414814814815 0.125260416667 0.0666666666667 0.0880208333333
1 0.467592592593 0.131510416667 0.0555555555556 0.0890625
1 0.514814814815 0.132552083333 0.0648148148148 0.0869791666667
1 0.563425925926 0.1484375 0.062037037037 0.0927083333333
1 0.597222222222 0.151822916667 0.0518518518519 0.0901041666667
1 0.643055555556 0.155989583333 0.0583333333333 0.0984375
1 0.6875 0.162239583333 0.0564814814815 0.0901041666667
1 0.723611111111 0.166145833333 0.0490740740741 0.0916666666667
1 0.761111111111 0.170572916667 0.0537037037037 0.0880208333333
1 0.787037037037 0.171354166667 0.0537037037037 0.090625
1 0.866666666667 0.143489583333 0.0722222222222 0.0651041666667
1 0.834722222222 0.193489583333 0.0546296296296 0.0630208333333
1 0.878703703704 0.19921875 0.0518518518519 0.0536458333333
1 0.338888888889 0.41328125 0.0703703703704 0.136979166667
1 0.0546296296296 0.419791666667 0.111111111111 0.144791666667
1 0.136111111111 0.418489583333 0.0814814814815 0.138020833333
1 0.198148148148 0.417447916667 0.0796296296296 0.1328125
1 0.0375 0.735677083333 0.0768518518519 0.121354166667
1 0.114814814815 0.727864583333 0.12037037037 0.119270833333
1 0.205092592593 0.71328125 0.0861111111111 0.108854166667
1 0.290740740741 0.704427083333 0.105555555556 0.115104166667
1 0.370833333333 0.686458333333 0.0972222222222 0.109375
1 0.440277777778 0.674479166667 0.0805555555556 0.09375
1 0.0231481481481 0.915104166667 0.0481481481481 0.167708333333
1 0.101388888889 0.901302083333 0.100925925926 0.158854166667
1 0.196759259259 0.879166666667 0.0990740740741 0.152083333333
1 0.276851851852 0.856510416667 0.0907407407407 0.1484375
1 0.348148148148 0.841666666667 0.101851851852 0.145833333333
1 0.424074074074 0.825520833333 0.105555555556 0.141666666667
