0 0.641203703704 0.105989583333 0.173148148148 0.213020833333
0 0.497685185185 0.102604166667 0.163888888889 0.20625
0 0.349537037037 0.1015625 0.150925925926 0.204166666667
0 0.206018518519 0.0963541666667 0.160185185185 0.19375
0 0.795833333333 0.107552083333 0.173148148148 0.199479166667
0 0.888425925926 0.3703125 0.147222222222 0.1875
0 0.768981481481 0.364322916667 0.108333333333 0.1859375
0 0.649074074074 0.3578125 0.125925925926 0.183333333333
0 0.53287037037 0.3625 0.117592592593 0.186458333333
0 0.406944444444 0.358072916667 0.136111111111 0.191145833333
0 0.284722222222 0.35078125 0.113888888889 0.190104166667
0 0.151851851852 0.351302083333 0.138888888889 0.188020833333
0 0.0949074074074 0.5734375 0.10462962963 0.129166666667
0 0.179166666667 0.57421875 0.0861111111111 0.1234375
0 0.275462962963 0.571614583333 0.0898148148148 0.125520833333
0 0.355555555556 0.576822916667 0.0777777777778 0.118229166667
0 0.457407407407 0.576041666667 0.12037037037 0.1375
0 0.572222222222 0.573958333333 0.12037037037 0.140625
0 0.672222222222 0.58125 0.142592592593 0.140625
0 0.781481481481 0.58125 0.138888888889 0.144791666667
0 0.900925925926 0.583854166667 0.103703703704 0.141666666667
0 0.0703703703704 0.09765625 0.142592592593 0.196354166667
0 0.928240740741 0.104166666667 0.141666666667 0.209375
0 0.0518518518519 0.347395833333 0.105555555556 0.185416666667
0 0.962037037037 0.37578125 0.0740740740741 0.172395833333
0 0.0300925925926 0.571875 0.062037037037 0.136458333333
0 0.959259259259 0.583072916667 0.0796296296296 0.1515625
0 0.500925925926 0.766927083333 0.107407407407 0.0546875
0 0.952777777778 0.768229166667 0.0925925925926 0.0614583333333
0 0.940740740741 0.968489583333 0.0962962962963 0.0453125
0 0.478703703704 0.9625 0.0907407407407 0.0427083333333
