1 0.0324074074074 0.104947916667 0.0666666666667 0.109895833333
1 0.0949074074074 0.10078125 0.0972222222222 0.116145833333
1 0.172222222222 0.105989583333 0.0703703703704 0.109895833333
1 0.240740740741 0.10625 0.0722222222222 0.1125
1 0.318981481481 0.11015625 0.0972222222222 0.106770833333
1 0.410185185185 0.111458333333 0.0925925925926 0.102083333333
1 0.51712962963 0.1125 0.100925925926 0.111458333333
1 0.587962962963 0.107291666667 0.0666666666667 0.121875
1 0.665740740741 0.107552083333 0.0740740740741 0.119270833333
1 0.740277777778 0.111197916667 0.0824074074074 0.1203125
1 0.827777777778 0.11015625 0.0796296296296 0.122395833333
1 0.901388888889 0.110677083333 0.0768518518519 0.124479166667
1 0.966203703704 0.11328125 0.0657407407407 0.121354166667
1 0.0342592592593 0.265104166667 0.0703703703704 0.132291666667
1 0.119907407407 0.266927083333 0.117592592593 0.128645833333
1 0.236111111111 0.266927083333 0.124074074074 0.130729166667
1 0.35 0.27109375 0.112962962963 0.127604166667
1 0.455092592593 0.271614583333 0.113888888889 0.1265625
1 0.577314814815 0.272135416667 0.115740740741 0.134895833333
1 0.684722222222 0.272916666667 0.119444444444 0.133333333333
1 0.795833333333 0.277083333333 0.115740740741 0.134375
1 0.900462962963 0.279166666667 0.119444444444 0.130208333333
1 0.967592592593 0.280208333333 0.062962962963 0.134375
1 0.0375 0.426041666667 0.0768518518519 0.125
1 0.123611111111 0.43125 0.100925925926 0.121875
1 0.227777777778 0.428645833333 0.124074074074 0.122916666667
1 0.359259259259 0.430208333333 0.127777777778 0.119791666667
1 0.530092592593 0.429427083333 0.112037037037 0.118229166667
1 0.636111111111 0.430208333333 0.112962962963 0.121875
1 0.739814814815 0.433854166667 0.111111111111 0.116666666667
1 0.840277777778 0.436197916667 0.10462962963 0.121354166667
1 0.941666666667 0.436979166667 0.107407407407 0.121875
1 0.0680555555556 0.569270833333 0.113888888889 0.1125
1 0.174074074074 0.570833333333 0.111111111111 0.111458333333
1 0.313425925926 0.57265625 0.117592592593 0.1078125
1 0.430555555556 0.572135416667 0.116666666667 0.108854166667
1 0.546759259259 0.574739583333 0.115740740741 0.109895833333
1 0.651388888889 0.57578125 0.102777777778 0.1078125
1 0.744907407407 0.577083333333 0.100925925926 0.110416666667
1 0.845833333333 0.57734375 0.117592592593 0.1078125
1 0.944444444444 0.579947916667 0.105555555556 0.106770833333
1 0.062962962963 0.722395833333 0.111111111111 0.10625
1 0.15462962963 0.724739583333 0.109259259259 0.106770833333
1 0.267592592593 0.721354166667 0.109259259259 0.113541666667
1 0.360648148148 0.721875 0.100925925926 0.1125
1 0.444907407407 0.720833333333 0.10462962963 0.1125
1 0.556944444444 0.715885416667 0.0990740740741 0.1171875
1 0.655092592593 0.716927083333 0.100925925926 0.1203125
1 0.759722222222 0.717708333333 0.100925925926 0.115625
1 0.857407407407 0.71484375 0.103703703704 0.115104166667
1 0.95 0.715104166667 0.0907407407407 0.1125
1 0.58287037037 0.88671875 0.125 0.141145833333
1 0.693981481481 0.890885416667 0.108333333333 0.1421875
1 0.803703703704 0.892447916667 0.111111111111 0.141145833333
1 0.913425925926 0.89375 0.119444444444 0.14375
