1 0.125925925926 0.164322916667 0.0722222222222 0.0973958333333
1 0.189814814815 0.168489583333 0.0722222222222 0.0963541666667
1 0.25 0.169791666667 0.0703703703704 0.101041666667
1 0.300462962963 0.17265625 0.0601851851852 0.0932291666667
1 0.361574074074 0.172135416667 0.062037037037 0.0890625
1 0.442592592593 0.21484375 0.0722222222222 0.128645833333
1 0.520833333333 0.215364583333 0.0768518518519 0.127604166667
1 0.584722222222 0.219010416667 0.0601851851852 0.127604166667
1 0.64537037037 0.229427083333 0.0703703703704 0.108854166667
1 0.764814814815 0.22734375 0.0777777777778 0.1296875
1 0.831944444444 0.231770833333 0.0842592592593 0.127083333333
1 0.911574074074 0.23046875 0.0768518518519 0.127604166667
1 0.0342592592593 0.3 0.0703703703704 0.0739583333333
1 0.121296296296 0.302864583333 0.0888888888889 0.0661458333333
1 0.225462962963 0.30546875 0.0824074074074 0.0682291666667
1 0.296759259259 0.308072916667 0.0768518518519 0.0651041666667
1 0.371296296296 0.309375 0.0703703703704 0.0604166666667
1 0.0634259259259 0.44921875 0.062037037037 0.0484375
1 0.108333333333 0.39609375 0.0574074074074 0.0557291666667
1 0.299074074074 0.40078125 0.0722222222222 0.0536458333333
1 0.299537037037 0.45546875 0.0657407407407 0.0546875
1 0.448148148148 0.390885416667 0.0703703703704 0.119270833333
1 0.550925925926 0.396875 0.0777777777778 0.105208333333
1 0.627777777778 0.3984375 0.0685185185185 0.113541666667
1 0.737037037037 0.392708333333 0.0796296296296 0.127083333333
1 0.790740740741 0.390885416667 0.0685185185185 0.138020833333
1 0.852314814815 0.39375 0.0805555555556 0.136458333333
1 0.922222222222 0.394791666667 0.0685185185185 0.136458333333
1 0.0268518518519 0.584895833333 0.0555555555556 0.0854166666667
1 0.087037037037 0.588020833333 0.0722222222222 0.090625
1 0.143981481481 0.584635416667 0.0601851851852 0.0859375
1 0.231018518519 0.556770833333 0.0768518518519 0.0583333333333
1 0.226388888889 0.608854166667 0.0768518518519 0.0510416666667
1 0.298611111111 0.611979166667 0.0638888888889 0.0614583333333
1 0.353240740741 0.55859375 0.0824074074074 0.0526041666667
1 0.354166666667 0.608333333333 0.0675925925926 0.05
1 0.425925925926 0.548697916667 0.0722222222222 0.1203125
1 0.509722222222 0.562760416667 0.0824074074074 0.118229166667
1 0.599074074074 0.568489583333 0.0759259259259 0.118229166667
1 0.695833333333 0.5453125 0.0805555555556 0.122916666667
1 0.74537037037 0.559895833333 0.0796296296296 0.13125
1 0.815277777778 0.557552083333 0.0768518518519 0.1265625
1 0.881018518519 0.559895833333 0.0768518518519 0.123958333333
1 0.97037037037 0.556510416667 0.0574074074074 0.1171875
1 0.0416666666667 0.725520833333 0.0759259259259 0.116666666667
1 0.102777777778 0.735677083333 0.0740740740741 0.1078125
1 0.149537037037 0.726302083333 0.062037037037 0.0963541666667
1 0.213425925926 0.718229166667 0.075 0.0895833333333
1 0.419907407407 0.696875 0.0638888888889 0.1
1 0.476388888889 0.696354166667 0.062037037037 0.0989583333333
1 0.536574074074 0.695572916667 0.0583333333333 0.0973958333333
1 0.590740740741 0.695572916667 0.0685185185185 0.0973958333333
1 0.64537037037 0.694791666667 0.0777777777778 0.0927083333333
1 0.705092592593 0.704947916667 0.0916666666667 0.116145833333
1 0.881481481481 0.715625 0.0759259259259 0.122916666667
1 0.977314814815 0.71015625 0.0435185185185 0.1078125
1 0.938425925926 0.712760416667 0.0601851851852 0.1171875
1 0.116666666667 0.85390625 0.0740740740741 0.0682291666667
1 0.291666666667 0.84921875 0.0703703703704 0.0640625
1 0.087962962963 0.9109375 0.0740740740741 0.0510416666667
1 0.102314814815 0.954427083333 0.0583333333333 0.0473958333333
1 0.278703703704 0.90546875 0.0703703703704 0.0442708333333
1 0.275925925926 0.9453125 0.0722222222222 0.0541666666667
1 0.485185185185 0.897395833333 0.0981481481481 0.10625
1 0.689351851852 0.897135416667 0.0972222222222 0.1109375
1 0.886111111111 0.903125 0.1 0.111458333333
