1 0.105555555556 0.143489583333 0.105555555556 0.1484375
1 0.183333333333 0.144270833333 0.0925925925926 0.146875
1 0.263425925926 0.139583333333 0.0805555555556 0.15625
1 0.348148148148 0.1421875 0.0925925925926 0.154166666667
1 0.42962962963 0.143489583333 0.087037037037 0.1484375
1 0.533333333333 0.1453125 0.112962962963 0.154166666667
1 0.65787037037 0.173177083333 0.0824074074074 0.0942708333333
1 0.773148148148 0.0927083333333 0.111111111111 0.0416666666667
1 0.950925925926 0.08984375 0.0962962962963 0.0380208333333
1 0.771296296296 0.14375 0.107407407407 0.0739583333333
1 0.862037037037 0.14140625 0.0888888888889 0.0744791666667
1 0.944907407407 0.140364583333 0.0972222222222 0.0744791666667
1 0.0509259259259 0.350260416667 0.103703703704 0.1453125
1 0.141203703704 0.349739583333 0.0916666666667 0.146354166667
1 0.2125 0.3515625 0.0805555555556 0.144791666667
1 0.267592592593 0.348697916667 0.0851851851852 0.1578125
1 0.348148148148 0.34921875 0.0851851851852 0.1515625
1 0.431481481481 0.356770833333 0.0907407407407 0.14375
1 0.519907407407 0.352083333333 0.0824074074074 0.130208333333
1 0.578703703704 0.3515625 0.0722222222222 0.133333333333
1 0.648611111111 0.361458333333 0.087962962963 0.147916666667
1 0.780555555556 0.295833333333 0.133333333333 0.144791666667
1 0.875 0.318229166667 0.062962962963 0.09375
1 0.951851851852 0.2953125 0.0944444444444 0.14375
1 0.0259259259259 0.566145833333 0.0537037037037 0.134375
1 0.0694444444444 0.569791666667 0.087037037037 0.134375
1 0.146759259259 0.5703125 0.0805555555556 0.135416666667
1 0.212037037037 0.573697916667 0.0685185185185 0.140104166667
1 0.281018518519 0.574739583333 0.0787037037037 0.140104166667
1 0.353240740741 0.575260416667 0.0787037037037 0.1484375
1 0.441666666667 0.570833333333 0.0944444444444 0.141666666667
1 0.502314814815 0.5609375 0.0768518518519 0.13125
1 0.562962962963 0.56015625 0.0833333333333 0.1390625
1 0.638425925926 0.574479166667 0.0805555555556 0.147916666667
1 0.762962962963 0.467708333333 0.144444444444 0.132291666667
1 0.851851851852 0.484375 0.0722222222222 0.0916666666667
1 0.922222222222 0.446875 0.105555555556 0.109375
1 0.0208333333333 0.74609375 0.0435185185185 0.149479166667
1 0.0731481481481 0.747395833333 0.0703703703704 0.154166666667
1 0.151851851852 0.7484375 0.087037037037 0.15
1 0.235648148148 0.75078125 0.0824074074074 0.1421875
1 0.312037037037 0.753125 0.0703703703704 0.148958333333
1 0.389351851852 0.755208333333 0.0805555555556 0.144791666667
1 0.469444444444 0.754427083333 0.0851851851852 0.149479166667
1 0.538425925926 0.753645833333 0.075 0.151041666667
1 0.617592592593 0.756510416667 0.0814814814815 0.149479166667
1 0.748611111111 0.766927083333 0.115740740741 0.121354166667
1 0.822222222222 0.751822916667 0.0703703703704 0.0984375
1 0.96712962963 0.757552083333 0.0638888888889 0.0984375
1 0.0268518518519 0.939583333333 0.0555555555556 0.119791666667
1 0.0828703703704 0.938541666667 0.0768518518519 0.121875
1 0.146759259259 0.936197916667 0.0805555555556 0.1265625
1 0.214351851852 0.93671875 0.0768518518519 0.125520833333
1 0.343981481481 0.92421875 0.0805555555556 0.1265625
1 0.405555555556 0.944270833333 0.0722222222222 0.110416666667
1 0.501388888889 0.944270833333 0.0787037037037 0.110416666667
1 0.577777777778 0.944270833333 0.0907407407407 0.110416666667
1 0.682407407407 0.93203125 0.131481481481 0.134895833333
1 0.815277777778 0.936197916667 0.130555555556 0.1265625
1 0.881944444444 0.969791666667 0.0453703703704 0.059375
1 0.943518518519 0.932552083333 0.111111111111 0.1171875
1 0.832407407407 0.616145833333 0.111111111111 0.122916666667
1 0.965277777778 0.604166666667 0.0675925925926 0.090625
