6 0.0138020833333 0.139351851852 0.0286458333333 0.113888888889
6 0.0703125 0.119907407407 0.0427083333333 0.0638888888889
6 0.110677083333 0.121296296296 0.0432291666667 0.0666666666667
6 0.07890625 0.175925925926 0.0432291666667 0.0444444444444
6 0.155729166667 0.148611111111 0.0458333333333 0.062037037037
6 0.19296875 0.0856481481481 0.0411458333333 0.0787037037037
6 0.230729166667 0.087962962963 0.0395833333333 0.0777777777778
6 0.269791666667 0.0865740740741 0.0416666666667 0.0768518518519
6 0.305989583333 0.0856481481481 0.0390625 0.0731481481481
6 0.196354166667 0.148611111111 0.040625 0.0638888888889
6 0.230729166667 0.148611111111 0.0427083333333 0.062037037037
6 0.266927083333 0.149074074074 0.0401041666667 0.0648148148148
6 0.30546875 0.15 0.0463541666667 0.0611111111111
6 0.633333333333 0.0768518518519 0.04375 0.0722222222222
6 0.674739583333 0.0782407407407 0.0463541666667 0.0694444444444
6 0.633854166667 0.137037037037 0.0427083333333 0.0592592592593
6 0.6734375 0.135648148148 0.046875 0.0601851851852
6 0.637760416667 0.281018518519 0.0442708333333 0.0675925925926
6 0.677083333333 0.278703703704 0.0416666666667 0.062962962963
6 0.634114583333 0.341666666667 0.0463541666667 0.0592592592593
6 0.675 0.337962962963 0.0364583333333 0.062962962963
6 0.222135416667 0.266666666667 0.0390625 0.0722222222222
6 0.2640625 0.275462962963 0.0385416666667 0.0694444444444
6 0.301822916667 0.280092592593 0.0390625 0.075
6 0.227083333333 0.326851851852 0.0416666666667 0.062962962963
6 0.265625 0.330092592593 0.0364583333333 0.0527777777778
6 0.3046875 0.333796296296 0.04375 0.0490740740741
6 0.158333333333 0.48287037037 0.0375 0.0601851851852
6 0.1953125 0.490277777778 0.0385416666667 0.0546296296296
6 0.233854166667 0.459259259259 0.0364583333333 0.0574074074074
6 0.232291666667 0.499074074074 0.0385416666667 0.0388888888889
6 0.156510416667 0.528240740741 0.0380208333333 0.0472222222222
6 0.19296875 0.53287037037 0.0369791666667 0.0416666666667
6 0.231510416667 0.535648148148 0.0401041666667 0.0435185185185
6 0.269010416667 0.473148148148 0.0348958333333 0.0592592592593
6 0.302604166667 0.470833333333 0.0385416666667 0.0546296296296
6 0.341666666667 0.46712962963 0.040625 0.0712962962963
6 0.271354166667 0.526851851852 0.040625 0.0611111111111
6 0.308854166667 0.527314814815 0.0364583333333 0.0694444444444
6 0.340625 0.527314814815 0.0385416666667 0.0657407407407
6 0.373177083333 0.452777777778 0.0369791666667 0.0888888888889
6 0.411979166667 0.45462962963 0.0385416666667 0.0814814814815
6 0.378385416667 0.526851851852 0.0369791666667 0.0740740740741
6 0.413020833333 0.527314814815 0.034375 0.0694444444444
6 0.16484375 0.649537037037 0.0432291666667 0.0509259259259
6 0.202604166667 0.652314814815 0.0385416666667 0.0527777777778
6 0.262239583333 0.668518518519 0.0463541666667 0.0666666666667
6 0.303645833333 0.660185185185 0.0291666666667 0.0796296296296
6 0.331510416667 0.669444444444 0.0411458333333 0.0722222222222
6 0.26640625 0.728240740741 0.0442708333333 0.0546296296296
6 0.303385416667 0.729166666667 0.0359375 0.0583333333333
6 0.334635416667 0.730092592593 0.0369791666667 0.0638888888889
6 0.364322916667 0.654166666667 0.0421875 0.0861111111111
6 0.399739583333 0.651851851852 0.0380208333333 0.087037037037
6 0.43515625 0.65787037037 0.0421875 0.0898148148148
6 0.369791666667 0.726388888889 0.0375 0.075
6 0.404427083333 0.723148148148 0.0421875 0.0722222222222
6 0.437760416667 0.728240740741 0.0421875 0.0731481481481
6 0.69609375 0.729166666667 0.0369791666667 0.0842592592593
6 0.73125 0.730092592593 0.034375 0.0861111111111
6 0.909895833333 0.96712962963 0.0645833333333 0.0638888888889
6 0.971875 0.875925925926 0.0552083333333 0.0666666666667
6 0.174739583333 0.878703703704 0.0515625 0.0611111111111
6 0.17734375 0.926388888889 0.0526041666667 0.0546296296296
6 0.223958333333 0.855555555556 0.05625 0.0592592592593
6 0.226822916667 0.895833333333 0.0536458333333 0.0472222222222
6 0.165625 0.691203703704 0.0385416666667 0.0453703703704
6 0.199739583333 0.693981481481 0.0380208333333 0.0453703703704
6 0.16796875 0.72962962963 0.0380208333333 0.0462962962963
6 0.202864583333 0.727314814815 0.0401041666667 0.0453703703704
1 0.234375 0.655555555556 0.034375 0.0574074074074
1 0.0106770833333 0.316666666667 0.0223958333333 0.118518518519
1 0.028125 0.315277777778 0.0239583333333 0.112037037037
1 0.015625 0.50462962963 0.0322916666667 0.0981481481481
1 0.0565104166667 0.497685185185 0.0307291666667 0.102777777778
1 0.0111979166667 0.659722222222 0.0234375 0.136111111111
1 0.03515625 0.656018518519 0.0369791666667 0.134259259259
1 0.3390625 0.120833333333 0.021875 0.108333333333
1 0.361458333333 0.123611111111 0.025 0.108333333333
1 0.381510416667 0.118518518519 0.0234375 0.101851851852
1 0.405208333333 0.12037037037 0.0270833333333 0.101851851852
1 0.344270833333 0.309259259259 0.0239583333333 0.105555555556
1 0.36484375 0.30787037037 0.0234375 0.100925925926
1 0.404427083333 0.305555555556 0.0213541666667 0.105555555556
1 0.426302083333 0.306018518519 0.0234375 0.106481481481
1 0.613802083333 0.712037037037 0.0286458333333 0.109259259259
1 0.64140625 0.713425925926 0.0276041666667 0.115740740741
1 0.66953125 0.714351851852 0.0276041666667 0.113888888889
1 0.7078125 0.500462962963 0.0291666666667 0.137962962963
1 0.736197916667 0.502777777778 0.0276041666667 0.142592592593
1 0.774479166667 0.511111111111 0.0322916666667 0.131481481481
1 0.804947916667 0.513425925926 0.0276041666667 0.130555555556
1 0.836458333333 0.510648148148 0.0302083333333 0.128703703704
1 0.865885416667 0.5125 0.0286458333333 0.125
1 0.896614583333 0.517592592593 0.0307291666667 0.137037037037
1 0.926302083333 0.516666666667 0.0307291666667 0.133333333333
1 0.764322916667 0.694907407407 0.0390625 0.158333333333
1 0.86171875 0.700925925926 0.0411458333333 0.166666666667
1 0.90390625 0.703703703704 0.0390625 0.17037037037
1 0.944270833333 0.710648148148 0.0395833333333 0.165740740741
1 0.983333333333 0.710185185185 0.0322916666667 0.161111111111
1 0.70703125 0.30462962963 0.0286458333333 0.125925925926
1 0.73671875 0.301851851852 0.0307291666667 0.125925925926
1 0.76484375 0.302777777778 0.0307291666667 0.124074074074
1 0.793489583333 0.302777777778 0.0307291666667 0.133333333333
1 0.823697916667 0.3 0.0317708333333 0.127777777778
1 0.855208333333 0.297222222222 0.0291666666667 0.127777777778
1 0.708072916667 0.113425925926 0.0244791666667 0.110185185185
1 0.731770833333 0.110648148148 0.0302083333333 0.110185185185
1 0.758072916667 0.111111111111 0.0276041666667 0.111111111111
1 0.780208333333 0.111574074074 0.0270833333333 0.108333333333
1 0.820572916667 0.112037037037 0.0255208333333 0.109259259259
1 0.858333333333 0.109722222222 0.0260416666667 0.112037037037
1 0.880208333333 0.109259259259 0.0270833333333 0.109259259259
