4 0.0634259259259 0.140885416667 0.0768518518519 0.0921875
4 0.162037037037 0.136979166667 0.135185185185 0.096875
4 0.301851851852 0.138541666667 0.146296296296 0.0989583333333
4 0.47962962963 0.13828125 0.125925925926 0.1140625
4 0.615277777778 0.15546875 0.117592592593 0.0932291666667
4 0.739814814815 0.149479166667 0.12962962963 0.1125
4 0.856481481481 0.146875 0.142592592593 0.115625
4 0.961111111111 0.158072916667 0.0759259259259 0.102604166667
4 0.0675925925926 0.292447916667 0.137037037037 0.1078125
4 0.175925925926 0.312239583333 0.107407407407 0.0755208333333
4 0.323148148148 0.305729166667 0.155555555556 0.0791666666667
4 0.444444444444 0.316145833333 0.114814814815 0.0697916666667
4 0.555092592593 0.315885416667 0.110185185185 0.0828125
4 0.651851851852 0.327604166667 0.107407407407 0.0708333333333
4 0.789351851852 0.319791666667 0.149074074074 0.0885416666667
4 0.927314814815 0.321875 0.143518518519 0.0875
4 0.215740740741 0.449479166667 0.242592592593 0.119791666667
4 0.409722222222 0.451302083333 0.134259259259 0.1234375
4 0.548611111111 0.45625 0.149074074074 0.11875
4 0.665740740741 0.4546875 0.087037037037 0.121875
4 0.77037037037 0.45859375 0.107407407407 0.108854166667
4 0.883333333333 0.461458333333 0.155555555556 0.119791666667
4 0.385185185185 0.5953125 0.174074074074 0.120833333333
4 0.558796296296 0.601822916667 0.162037037037 0.0911458333333
4 0.681944444444 0.590885416667 0.0935185185185 0.1015625
4 0.761111111111 0.584895833333 0.087037037037 0.0875
4 0.868055555556 0.594270833333 0.106481481481 0.0947916666667
4 0.0476851851852 0.730208333333 0.0972222222222 0.120833333333
4 0.149537037037 0.731770833333 0.150925925926 0.123958333333
4 0.29537037037 0.73359375 0.168518518519 0.118229166667
4 0.417592592593 0.740625 0.0981481481481 0.10625
4 0.521759259259 0.739583333333 0.121296296296 0.108333333333
4 0.628703703704 0.74140625 0.124074074074 0.109895833333
4 0.818981481481 0.741145833333 0.267592592593 0.119791666667
4 0.0722222222222 0.919270833333 0.111111111111 0.0927083333333
4 0.210648148148 0.843489583333 0.210185185185 0.0578125
4 0.219444444444 0.91875 0.198148148148 0.0958333333333
4 0.450925925926 0.872135416667 0.25 0.109895833333
4 0.453240740741 0.950260416667 0.208333333333 0.0442708333333
4 0.663888888889 0.917447916667 0.198148148148 0.0984375
4 0.875462962963 0.914583333333 0.226851851852 0.122916666667
