1 0.0777777777778 0.1359375 0.0648148148148 0.11875
1 0.153703703704 0.133333333333 0.087037037037 0.10625
1 0.219907407407 0.141145833333 0.0768518518519 0.11875
1 0.309722222222 0.141145833333 0.108333333333 0.129166666667
1 0.378703703704 0.141927083333 0.0925925925926 0.1234375
1 0.449537037037 0.134114583333 0.0990740740741 0.128645833333
1 0.511574074074 0.139583333333 0.0731481481481 0.121875
1 0.908333333333 0.297135416667 0.114814814815 0.1296875
1 0.803240740741 0.298177083333 0.112037037037 0.133854166667
1 0.699074074074 0.303645833333 0.114814814815 0.141666666667
1 0.598148148148 0.297395833333 0.105555555556 0.133333333333
1 0.500462962963 0.298177083333 0.113888888889 0.131770833333
1 0.400925925926 0.295833333333 0.103703703704 0.121875
1 0.29537037037 0.296614583333 0.111111111111 0.134895833333
1 0.191203703704 0.29765625 0.110185185185 0.134895833333
1 0.087962962963 0.292708333333 0.114814814815 0.132291666667
1 0.0675925925926 0.438802083333 0.1 0.1203125
1 0.173148148148 0.449479166667 0.107407407407 0.13125
1 0.266666666667 0.446614583333 0.101851851852 0.1234375
1 0.364814814815 0.448697916667 0.101851851852 0.124479166667
1 0.458333333333 0.446614583333 0.0888888888889 0.122395833333
1 0.544444444444 0.449479166667 0.0944444444444 0.127083333333
1 0.643981481481 0.451041666667 0.10462962963 0.128125
1 0.752314814815 0.4515625 0.106481481481 0.123958333333
1 0.855092592593 0.44921875 0.102777777778 0.121354166667
1 0.855092592593 0.583333333333 0.10462962963 0.109375
1 0.758333333333 0.584375 0.111111111111 0.121875
1 0.667592592593 0.58515625 0.0888888888889 0.122395833333
1 0.581481481481 0.584375 0.105555555556 0.120833333333
1 0.486574074074 0.584895833333 0.112037037037 0.113541666667
1 0.390277777778 0.579947916667 0.100925925926 0.1078125
1 0.291666666667 0.578385416667 0.0962962962963 0.1078125
1 0.197222222222 0.575520833333 0.103703703704 0.108333333333
1 0.106018518519 0.578645833333 0.100925925926 0.113541666667
1 0.141203703704 0.71796875 0.110185185185 0.1109375
1 0.236111111111 0.716666666667 0.105555555556 0.119791666667
1 0.338888888889 0.711979166667 0.125925925926 0.114583333333
1 0.431481481481 0.7125 0.087037037037 0.117708333333
1 0.518981481481 0.7078125 0.0898148148148 0.116666666667
1 0.590277777778 0.7078125 0.0768518518519 0.127083333333
1 0.668055555556 0.7125 0.0842592592593 0.117708333333
1 0.739814814815 0.713802083333 0.0740740740741 0.109895833333
1 0.82037037037 0.711197916667 0.0981481481481 0.113020833333
1 0.886574074074 0.715885416667 0.0712962962963 0.1078125
1 0.951851851852 0.7125 0.0833333333333 0.113541666667
1 0.182407407407 0.884375 0.12962962963 0.146875
1 0.302777777778 0.891666666667 0.111111111111 0.132291666667
1 0.406018518519 0.890625 0.100925925926 0.142708333333
1 0.510648148148 0.893489583333 0.100925925926 0.133854166667
1 0.622222222222 0.888541666667 0.12037037037 0.140625
1 0.738888888889 0.890104166667 0.131481481481 0.1375
1 0.83287037037 0.893229166667 0.0861111111111 0.125
1 0.938888888889 0.884895833333 0.12037037037 0.120833333333
1 0.0282407407407 0.140885416667 0.0583333333333 0.1078125
1 0.564351851852 0.159375 0.0398148148148 0.0895833333333
1 0.619444444444 0.159375 0.0722222222222 0.0895833333333
1 0.684259259259 0.16171875 0.0703703703704 0.0848958333333
1 0.746296296296 0.16328125 0.0666666666667 0.0838541666667
1 0.80787037037 0.161979166667 0.0787037037037 0.08125
1 0.890277777778 0.16015625 0.0990740740741 0.0880208333333
1 0.968518518519 0.160416666667 0.0611111111111 0.09375
1 0.968518518519 0.297135416667 0.0611111111111 0.1234375
1 0.934259259259 0.4421875 0.0685185185185 0.102083333333
1 0.975462962963 0.44375 0.0472222222222 0.104166666667
1 0.025 0.57890625 0.0518518518519 0.106770833333
1 0.922222222222 0.573177083333 0.0555555555556 0.0953125
1 0.968518518519 0.575520833333 0.0611111111111 0.0927083333333
1 0.0416666666667 0.720052083333 0.0851851851852 0.118229166667
1 0.0435185185185 0.891927083333 0.0888888888889 0.1796875
