0 0.0458333333333 0.109635416667 0.0601851851852 0.0776041666667
0 0.0402777777778 0.178385416667 0.075 0.0651041666667
0 0.0935185185185 0.1796875 0.0703703703704 0.071875
0 0.0930555555556 0.104427083333 0.0398148148148 0.0630208333333
0 0.126851851852 0.106510416667 0.05 0.0671875
0 0.169907407407 0.10859375 0.0453703703704 0.0755208333333
0 0.225462962963 0.102604166667 0.0787037037037 0.078125
0 0.157407407407 0.180729166667 0.0703703703704 0.0604166666667
0 0.221759259259 0.17265625 0.0583333333333 0.0723958333333
0 0.711111111111 0.0645833333333 0.0907407407407 0.123958333333
0 0.797685185185 0.0661458333333 0.123148148148 0.120833333333
0 0.902314814815 0.0635416666667 0.115740740741 0.128125
0 0.683333333333 0.173697916667 0.0888888888889 0.116145833333
0 0.878703703704 0.176822916667 0.12962962963 0.1078125
0 0.231944444444 0.354427083333 0.062037037037 0.0744791666667
0 0.289351851852 0.353125 0.0657407407407 0.0625
0 0.363425925926 0.379166666667 0.0824074074074 0.0802083333333
0 0.394444444444 0.3046875 0.0703703703704 0.0791666666667
0 0.458796296296 0.3109375 0.0805555555556 0.084375
0 0.515740740741 0.315625 0.0833333333333 0.09375
0 0.581944444444 0.319010416667 0.0990740740741 0.100520833333
0 0.656944444444 0.31953125 0.100925925926 0.118229166667
0 0.747222222222 0.338802083333 0.0962962962963 0.102604166667
0 0.819444444444 0.336979166667 0.105555555556 0.115625
0 0.913888888889 0.3515625 0.118518518519 0.114583333333
0 0.449074074074 0.387760416667 0.0722222222222 0.0859375
0 0.516666666667 0.399479166667 0.0851851851852 0.0833333333333
0 0.573148148148 0.407552083333 0.0907407407407 0.0838541666667
0 0.64212962963 0.4203125 0.0972222222222 0.0947916666667
0 0.715277777778 0.4296875 0.0824074074074 0.090625
0 0.894444444444 0.458072916667 0.107407407407 0.105729166667
0 0.237962962963 0.463802083333 0.05 0.0682291666667
0 0.277314814815 0.46875 0.062037037037 0.0697916666667
0 0.305092592593 0.477604166667 0.0601851851852 0.0708333333333
0 0.344907407407 0.4875 0.062037037037 0.08125
0 0.406018518519 0.49375 0.0805555555556 0.0822916666667
0 0.22037037037 0.523958333333 0.0518518518519 0.0635416666667
0 0.2625 0.529166666667 0.0657407407407 0.0625
0 0.301851851852 0.544791666667 0.0740740740741 0.06875
0 0.381018518519 0.566927083333 0.0601851851852 0.0661458333333
0 0.418981481481 0.575520833333 0.0583333333333 0.0697916666667
0 0.466203703704 0.51484375 0.0824074074074 0.0911458333333
0 0.522222222222 0.5296875 0.0703703703704 0.0875
0 0.589814814815 0.537760416667 0.1 0.0963541666667
0 0.471296296296 0.594010416667 0.0722222222222 0.0838541666667
0 0.525 0.604427083333 0.0759259259259 0.0786458333333
0 0.596759259259 0.6234375 0.100925925926 0.0875
0 0.675462962963 0.55703125 0.100925925926 0.0973958333333
0 0.737962962963 0.5703125 0.1 0.101041666667
0 0.833796296296 0.588020833333 0.113888888889 0.104166666667
0 0.668981481481 0.640364583333 0.0768518518519 0.0859375
0 0.731944444444 0.651041666667 0.0787037037037 0.0916666666667
0 0.810185185185 0.675520833333 0.107407407407 0.09375
0 0.473611111111 0.704427083333 0.0805555555556 0.105729166667
0 0.534259259259 0.72421875 0.0907407407407 0.105729166667
0 0.606481481481 0.753125 0.103703703704 0.110416666667
0 0.683333333333 0.787760416667 0.0925925925926 0.115104166667
0 0.759722222222 0.813802083333 0.0935185185185 0.116145833333
0 0.433333333333 0.8234375 0.0703703703704 0.0916666666667
0 0.49212962963 0.84921875 0.0768518518519 0.0869791666667
0 0.542592592593 0.87109375 0.087037037037 0.0963541666667
0 0.609259259259 0.896614583333 0.0722222222222 0.103645833333
0 0.659722222222 0.921354166667 0.0990740740741 0.104166666667
0 0.726851851852 0.938802083333 0.0888888888889 0.116145833333
0 0.280092592593 0.888541666667 0.0564814814815 0.0916666666667
0 0.325462962963 0.910416666667 0.0675925925926 0.09375
0 0.366666666667 0.93828125 0.0796296296296 0.0911458333333
1 0.423148148148 0.959114583333 0.087037037037 0.0776041666667
1 0.276851851852 0.75234375 0.0537037037037 0.0880208333333
0 0.335648148148 0.774479166667 0.0805555555556 0.08125
0 0.025 0.26796875 0.0518518518519 0.0546875
0 0.025 0.328385416667 0.0518518518519 0.0640625
0 0.637962962963 0.0705729166667 0.0796296296296 0.108854166667
0 0.609259259259 0.1765625 0.0814814814815 0.104166666667
