0 0.702314814815 0.254427083333 0.0953703703704 0.144270833333
0 0.627777777778 0.251302083333 0.0833333333333 0.144270833333
0 0.525925925926 0.252864583333 0.12037037037 0.141145833333
0 0.431481481481 0.253125 0.0740740740741 0.140625
0 0.348148148148 0.254947916667 0.0981481481481 0.1484375
0 0.258333333333 0.251302083333 0.087037037037 0.144270833333
0 0.183796296296 0.25625 0.102777777778 0.139583333333
0 0.110648148148 0.258333333333 0.0990740740741 0.144791666667
0 0.930092592593 0.251041666667 0.137962962963 0.151041666667
0 0.724074074074 0.44921875 0.0833333333333 0.121354166667
0 0.633333333333 0.455208333333 0.101851851852 0.126041666667
0 0.55 0.45390625 0.0981481481481 0.128645833333
0 0.475 0.455729166667 0.0777777777778 0.123958333333
0 0.389814814815 0.459635416667 0.0907407407407 0.127604166667
0 0.299537037037 0.459375 0.100925925926 0.126041666667
0 0.229166666667 0.457552083333 0.0935185185185 0.1265625
0 0.103240740741 0.451822916667 0.115740740741 0.133854166667
0 0.0361111111111 0.257291666667 0.0740740740741 0.14375
0 0.0291666666667 0.059375 0.0601851851852 0.119791666667
0 0.108333333333 0.0614583333333 0.107407407407 0.120833333333
0 0.206018518519 0.0572916666667 0.110185185185 0.115625
0 0.297685185185 0.0580729166667 0.115740740741 0.1109375
0 0.397685185185 0.05625 0.100925925926 0.1125
0 0.500462962963 0.0572916666667 0.113888888889 0.115625
0 0.589814814815 0.0549479166667 0.1 0.1109375
0 0.678703703704 0.053125 0.107407407407 0.107291666667
0 0.896296296296 0.0578125 0.111111111111 0.116666666667
0 0.856018518519 0.474739583333 0.100925925926 0.0838541666667
0 0.945833333333 0.4765625 0.0787037037037 0.06875
0 0.932407407407 0.398958333333 0.109259259259 0.0708333333333
0 0.348611111111 0.61328125 0.100925925926 0.1078125
0 0.416203703704 0.616666666667 0.0638888888889 0.1125
0 0.463888888889 0.623697916667 0.0925925925926 0.121354166667
0 0.533333333333 0.626822916667 0.0851851851852 0.115104166667
0 0.611111111111 0.629166666667 0.0888888888889 0.123958333333
0 0.688888888889 0.618229166667 0.0907407407407 0.11875
0 0.793518518519 0.6234375 0.1 0.116666666667
0 0.869907407407 0.617447916667 0.0824074074074 0.1171875
0 0.951851851852 0.62578125 0.087037037037 0.115104166667
0 0.172222222222 0.778125 0.103703703704 0.102083333333
0 0.247222222222 0.774479166667 0.0722222222222 0.10625
0 0.315277777778 0.764583333333 0.0972222222222 0.0989583333333
0 0.40462962963 0.763541666667 0.087037037037 0.09375
0 0.515740740741 0.769270833333 0.0944444444444 0.0989583333333
0 0.597222222222 0.770572916667 0.0925925925926 0.105729166667
0 0.671759259259 0.769270833333 0.0990740740741 0.105208333333
0 0.8 0.765104166667 0.087037037037 0.102083333333
0 0.865277777778 0.765885416667 0.0990740740741 0.105729166667
0 0.932407407407 0.763541666667 0.0814814814815 0.101041666667
0 0.819444444444 0.965625 0.0851851851852 0.0677083333333
0 0.891203703704 0.966145833333 0.0842592592593 0.0666666666667
0 0.964351851852 0.962239583333 0.0694444444444 0.0744791666667
0 0.758796296296 0.923958333333 0.0787037037037 0.102083333333
0 0.0476851851852 0.452083333333 0.0712962962963 0.119791666667
