2 0.39212962963 0.123697916667 0.252777777778 0.106770833333
2 0.173148148148 0.22578125 0.277777777778 0.116145833333
2 0.415740740741 0.230729166667 0.253703703704 0.116666666667
2 0.808333333333 0.221354166667 0.277777777778 0.120833333333
2 0.8125 0.420572916667 0.293518518519 0.1359375
2 0.386574074074 0.42421875 0.212037037037 0.0963541666667
2 0.386111111111 0.34296875 0.225925925926 0.0869791666667
2 0.147685185185 0.416927083333 0.24537037037 0.0921875
2 0.369907407407 0.55 0.247222222222 0.0958333333333
2 0.803240740741 0.539583333333 0.225 0.103125
2 0.777314814815 0.634635416667 0.20462962963 0.0765625
2 0.405092592593 0.638541666667 0.237962962963 0.0958333333333
2 0.184259259259 0.62734375 0.222222222222 0.1046875
2 0.227314814815 0.747135416667 0.191666666667 0.0838541666667
2 0.208796296296 0.820833333333 0.210185185185 0.071875
2 0.395833333333 0.805989583333 0.187962962963 0.125520833333
2 0.593055555556 0.811197916667 0.200925925926 0.0973958333333
2 0.803240740741 0.812239583333 0.19537037037 0.0921875
2 0.786574074074 0.740104166667 0.247222222222 0.0697916666667
2 0.59212962963 0.545833333333 0.173148148148 0.0822916666667
2 0.575462962963 0.630208333333 0.197222222222 0.0802083333333
2 0.932407407407 0.620052083333 0.133333333333 0.105729166667
2 0.956018518519 0.745572916667 0.0861111111111 0.0692708333333
2 0.946759259259 0.8109375 0.10462962963 0.0708333333333
2 0.0638888888889 0.74609375 0.12962962963 0.0848958333333
2 0.0546296296296 0.82421875 0.111111111111 0.0786458333333
2 0.0518518518519 0.547135416667 0.105555555556 0.0869791666667
2 0.0444444444444 0.629947916667 0.0907407407407 0.0921875
