2 0.774479166667 0.0634259259259 0.0895833333333 0.108333333333
2 0.778125 0.158796296296 0.078125 0.102777777778
2 0.852604166667 0.149537037037 0.0770833333333 0.113888888889
2 0.9390625 0.128240740741 0.08125 0.134259259259
2 0.928645833333 0.349537037037 0.0833333333333 0.121296296296
2 0.851041666667 0.266203703704 0.0677083333333 0.0805555555556
2 0.778125 0.273611111111 0.0885416666667 0.0842592592593
2 0.769270833333 0.363425925926 0.075 0.0861111111111
2 0.85 0.356944444444 0.065625 0.0990740740741
2 0.690104166667 0.346759259259 0.0895833333333 0.115740740741
2 0.608333333333 0.353240740741 0.0822916666667 0.102777777778
2 0.702604166667 0.145833333333 0.0854166666667 0.121296296296
2 0.619791666667 0.15787037037 0.0885416666667 0.112037037037
2 0.543229166667 0.156944444444 0.075 0.113888888889
2 0.547395833333 0.0532407407407 0.0854166666667 0.106481481481
2 0.479427083333 0.162037037037 0.0682291666667 0.107407407407
2 0.538020833333 0.345833333333 0.0645833333333 0.15462962963
2 0.54375 0.548611111111 0.0697916666667 0.130555555556
2 0.615104166667 0.5375 0.0875 0.137962962963
2 0.69375 0.531944444444 0.084375 0.130555555556
2 0.7609375 0.534722222222 0.0833333333333 0.147222222222
2 0.8375 0.534722222222 0.0864583333333 0.132407407407
2 0.919270833333 0.542592592593 0.075 0.101851851852
2 0.9046875 0.76712962963 0.0854166666667 0.10462962963
2 0.834895833333 0.761574074074 0.08125 0.115740740741
2 0.758333333333 0.755092592593 0.090625 0.0916666666667
2 0.6859375 0.764351851852 0.0729166666667 0.0731481481481
2 0.688541666667 0.676388888889 0.0822916666667 0.0787037037037
2 0.615104166667 0.680092592593 0.0916666666667 0.0935185185185
2 0.613541666667 0.760648148148 0.0739583333333 0.0731481481481
2 0.5484375 0.754166666667 0.0833333333333 0.100925925926
2 0.484895833333 0.745833333333 0.0645833333333 0.106481481481
2 0.766666666667 0.890277777778 0.084375 0.0916666666667
2 0.838541666667 0.888425925926 0.0739583333333 0.0916666666667
2 0.9109375 0.902314814815 0.0916666666667 0.0935185185185
2 0.55859375 0.954166666667 0.0723958333333 0.0898148148148
2 0.0872395833333 0.151851851852 0.0598958333333 0.0796296296296
2 0.139583333333 0.139351851852 0.0510416666667 0.0861111111111
2 0.184114583333 0.0555555555556 0.0473958333333 0.0907407407407
2 0.228125 0.144907407407 0.046875 0.087962962963
2 0.266666666667 0.146759259259 0.0489583333333 0.0805555555556
2 0.308072916667 0.0662037037037 0.0463541666667 0.0990740740741
2 0.346354166667 0.141203703704 0.0416666666667 0.0805555555556
2 0.3859375 0.0509259259259 0.0458333333333 0.0888888888889
2 0.383333333333 0.256018518519 0.0447916666667 0.0768518518519
2 0.3421875 0.346296296296 0.0416666666667 0.0759259259259
2 0.307291666667 0.350462962963 0.0427083333333 0.0861111111111
2 0.268489583333 0.349537037037 0.0578125 0.087962962963
2 0.22890625 0.343055555556 0.0421875 0.087962962963
2 0.133333333333 0.275462962963 0.0677083333333 0.0787037037037
2 0.0630208333333 0.289351851852 0.0666666666667 0.0638888888889
2 0.0205729166667 0.468518518519 0.0421875 0.0796296296296
2 0.0723958333333 0.518981481481 0.0645833333333 0.0898148148148
2 0.177604166667 0.528240740741 0.0520833333333 0.0824074074074
2 0.1296875 0.488888888889 0.0520833333333 0.0833333333333
2 0.228125 0.525462962963 0.0552083333333 0.0768518518519
2 0.279166666667 0.526388888889 0.053125 0.0712962962963
2 0.321354166667 0.457407407407 0.05 0.0759259259259
2 0.366927083333 0.465740740741 0.0463541666667 0.0740740740741
2 0.380729166667 0.714814814815 0.0541666666667 0.0833333333333
2 0.321875 0.644907407407 0.0572916666667 0.0805555555556
2 0.277604166667 0.633796296296 0.04375 0.0768518518519
2 0.230729166667 0.69212962963 0.0583333333333 0.106481481481
2 0.104947916667 0.626851851852 0.0463541666667 0.062962962963
2 0.0270833333333 0.710185185185 0.0510416666667 0.0925925925926
2 0.21484375 0.8375 0.0505208333333 0.0731481481481
2 0.265885416667 0.848148148148 0.0526041666667 0.0740740740741
2 0.344791666667 0.79537037037 0.0489583333333 0.062962962963
2 0.389583333333 0.789814814815 0.046875 0.062962962963
2 0.768229166667 0.967592592593 0.0760416666667 0.062962962963
2 0.837760416667 0.964814814815 0.0692708333333 0.0685185185185
2 0.915625 0.974074074074 0.0802083333333 0.05
2 0.974739583333 0.771296296296 0.0505208333333 0.0907407407407
2 0.96875 0.674537037037 0.0625 0.0898148148148
2 0.9796875 0.558333333333 0.040625 0.0962962962963
2 0.977604166667 0.468055555556 0.0427083333333 0.0583333333333
2 0.614322916667 0.269444444444 0.0848958333333 0.0574074074074
2 0.389322916667 0.135648148148 0.0359375 0.0861111111111
2 0.477864583333 0.0476851851852 0.0567708333333 0.0768518518519
2 0.629947916667 0.0564814814815 0.0744791666667 0.0851851851852
2 0.327604166667 0.70787037037 0.0479166666667 0.0694444444444
2 0.380989583333 0.634259259259 0.0473958333333 0.0703703703704
2 0.435677083333 0.626388888889 0.0390625 0.0527777777778
2 0.433333333333 0.67962962963 0.0302083333333 0.0611111111111
2 0.370572916667 0.530555555556 0.0442708333333 0.0666666666667
2 0.325 0.530092592593 0.0364583333333 0.0787037037037
2 0.252604166667 0.448148148148 0.0479166666667 0.0611111111111
2 0.20546875 0.451851851852 0.0380208333333 0.0574074074074
2 0.02109375 0.545833333333 0.0432291666667 0.075
2 0.120572916667 0.695833333333 0.0442708333333 0.075
2 0.144791666667 0.624074074074 0.040625 0.0666666666667
2 0.153385416667 0.683333333333 0.0348958333333 0.0759259259259
2 0.139583333333 0.970833333333 0.0520833333333 0.0564814814815
2 0.08046875 0.955092592593 0.0546875 0.087962962963
2 0.0260416666667 0.950462962963 0.046875 0.0972222222222
2 0.347916666667 0.850462962963 0.0510416666667 0.0638888888889
2 0.390104166667 0.845833333333 0.0375 0.0731481481481
2 0.43125 0.847685185185 0.0447916666667 0.087962962963
2 0.62734375 0.928703703704 0.0671875 0.0981481481481
2 0.553645833333 0.875462962963 0.0677083333333 0.0694444444444
2 0.684114583333 0.90462962963 0.0557291666667 0.0796296296296
2 0.803125 0.671296296296 0.065625 0.0685185185185
2 0.888020833333 0.666203703704 0.0760416666667 0.0675925925926
2 0.494010416667 0.95 0.0588541666667 0.0981481481481
2 0.416145833333 0.961574074074 0.0479166666667 0.075
2 0.378125 0.952314814815 0.034375 0.075
2 0.313541666667 0.964351851852 0.071875 0.062037037037
2 0.240104166667 0.976388888889 0.053125 0.0453703703704
2 0.1546875 0.809722222222 0.04375 0.0638888888889
2 0.10078125 0.869444444444 0.0505208333333 0.0444444444444
2 0.28046875 0.710648148148 0.0401041666667 0.0601851851852
2 0.130729166667 0.34537037037 0.0447916666667 0.0777777777778
2 0.0638020833333 0.345833333333 0.0588541666667 0.062037037037
2 0.0872395833333 0.0777777777778 0.0598958333333 0.0796296296296
2 0.188020833333 0.140740740741 0.0375 0.087037037037
2 0.226302083333 0.0453703703704 0.0338541666667 0.0759259259259
2 0.268489583333 0.049537037037 0.0473958333333 0.0842592592593
2 0.31171875 0.142592592593 0.0369791666667 0.0851851851852
2 0.188541666667 0.258333333333 0.0447916666667 0.0851851851852
2 0.0171875 0.344444444444 0.0354166666667 0.062962962963
2 0.0122395833333 0.266203703704 0.0255208333333 0.0731481481481
2 0.227083333333 0.256018518519 0.0375 0.0712962962963
2 0.265885416667 0.259259259259 0.0390625 0.0740740740741
2 0.305208333333 0.265277777778 0.0447916666667 0.0657407407407
2 0.340364583333 0.269444444444 0.0359375 0.0759259259259
2 0.382291666667 0.336574074074 0.03125 0.0861111111111
2 0.421875 0.334722222222 0.0395833333333 0.0805555555556
