1 0.0268518518519 0.118229166667 0.0555555555556 0.0854166666667
1 0.0796296296296 0.1171875 0.0703703703704 0.08125
1 0.142592592593 0.121614583333 0.0722222222222 0.0880208333333
1 0.210185185185 0.113020833333 0.0925925925926 0.105208333333
1 0.284259259259 0.111197916667 0.0962962962963 0.108854166667
1 0.358333333333 0.111197916667 0.0888888888889 0.106770833333
1 0.42037037037 0.115364583333 0.0722222222222 0.103645833333
1 0.493518518519 0.115364583333 0.0703703703704 0.1078125
1 0.551851851852 0.1171875 0.0759259259259 0.1
1 0.615277777778 0.11640625 0.0768518518519 0.1078125
1 0.686574074074 0.1234375 0.0916666666667 0.105208333333
1 0.768055555556 0.12578125 0.0805555555556 0.100520833333
1 0.85462962963 0.122395833333 0.0962962962963 0.105208333333
1 0.918055555556 0.129947916667 0.0601851851852 0.0953125
1 0.971296296296 0.12109375 0.0555555555556 0.109895833333
1 0.0847222222222 0.263541666667 0.15462962963 0.142708333333
1 0.196759259259 0.26875 0.102777777778 0.130208333333
1 0.270833333333 0.263541666667 0.102777777778 0.140625
1 0.383796296296 0.269270833333 0.119444444444 0.13125
1 0.484722222222 0.27265625 0.102777777778 0.1265625
1 0.595833333333 0.270572916667 0.119444444444 0.1265625
1 0.7 0.269270833333 0.105555555556 0.123958333333
1 0.794444444444 0.271614583333 0.101851851852 0.119270833333
1 0.903240740741 0.272916666667 0.134259259259 0.121875
1 0.971296296296 0.271875 0.0555555555556 0.123958333333
1 0.0680555555556 0.43203125 0.130555555556 0.118229166667
1 0.179166666667 0.431770833333 0.117592592593 0.120833333333
1 0.277314814815 0.43125 0.0953703703704 0.123958333333
1 0.375462962963 0.431510416667 0.0990740740741 0.1171875
1 0.473611111111 0.42890625 0.110185185185 0.1171875
1 0.577314814815 0.425520833333 0.119444444444 0.114583333333
1 0.6875 0.423697916667 0.117592592593 0.116145833333
1 0.853240740741 0.419010416667 0.128703703704 0.116145833333
1 0.945833333333 0.423958333333 0.106481481481 0.117708333333
1 0.0444444444444 0.57421875 0.0907407407407 0.108854166667
1 0.177314814815 0.573177083333 0.113888888889 0.106770833333
1 0.276851851852 0.568489583333 0.103703703704 0.1046875
1 0.414814814815 0.566145833333 0.107407407407 0.109375
1 0.510648148148 0.564322916667 0.110185185185 0.105729166667
1 0.647222222222 0.56171875 0.111111111111 0.106770833333
1 0.751388888889 0.559895833333 0.110185185185 0.110416666667
1 0.860185185185 0.554427083333 0.105555555556 0.106770833333
1 0.945833333333 0.556510416667 0.106481481481 0.1078125
1 0.0351851851852 0.724739583333 0.0722222222222 0.1109375
1 0.117592592593 0.7234375 0.138888888889 0.113541666667
1 0.399537037037 0.713802083333 0.117592592593 0.1171875
1 0.489351851852 0.711979166667 0.0990740740741 0.115625
1 0.591203703704 0.705208333333 0.0972222222222 0.113541666667
1 0.676388888889 0.703385416667 0.0953703703704 0.119270833333
1 0.758796296296 0.697395833333 0.0990740740741 0.114583333333
1 0.85 0.690364583333 0.0851851851852 0.1171875
1 0.942592592593 0.689583333333 0.112962962963 0.1125
1 0.0689814814815 0.907552083333 0.136111111111 0.131770833333
1 0.159722222222 0.935416666667 0.0583333333333 0.0739583333333
1 0.235185185185 0.897135416667 0.105555555556 0.1109375
1 0.3 0.914583333333 0.0537037037037 0.0739583333333
1 0.860185185185 0.852604166667 0.122222222222 0.142708333333
1 0.946759259259 0.8515625 0.10462962963 0.139583333333
