1 0.0310185185185 0.2546875 0.0638888888889 0.08125
1 0.0916666666667 0.254947916667 0.0666666666667 0.0744791666667
1 0.162962962963 0.25546875 0.0925925925926 0.0755208333333
1 0.203240740741 0.17890625 0.0787037037037 0.0776041666667
1 0.276851851852 0.178385416667 0.0907407407407 0.0765625
1 0.375925925926 0.1796875 0.0907407407407 0.08125
1 0.454166666667 0.18359375 0.0824074074074 0.0796875
1 0.527777777778 0.17890625 0.087037037037 0.0869791666667
1 0.603240740741 0.181770833333 0.0842592592593 0.0833333333333
1 0.903703703704 0.17890625 0.0851851851852 0.0869791666667
1 0.237037037037 0.253645833333 0.0888888888889 0.0739583333333
1 0.306944444444 0.25234375 0.0731481481481 0.0765625
1 0.383333333333 0.253125 0.0888888888889 0.0729166666667
1 0.451851851852 0.256770833333 0.0833333333333 0.0708333333333
1 0.52962962963 0.2578125 0.0759259259259 0.075
1 0.6 0.255989583333 0.087037037037 0.0765625
1 0.680092592593 0.25546875 0.0824074074074 0.0755208333333
1 0.766203703704 0.26015625 0.0805555555556 0.0682291666667
1 0.82962962963 0.26171875 0.0759259259259 0.0671875
1 0.897685185185 0.258854166667 0.0805555555556 0.075
1 0.155555555556 0.441666666667 0.0666666666667 0.06875
1 0.299537037037 0.407552083333 0.075 0.131770833333
1 0.364814814815 0.407552083333 0.0888888888889 0.134895833333
1 0.4375 0.412239583333 0.0916666666667 0.134895833333
1 0.518981481481 0.408854166667 0.0768518518519 0.132291666667
1 0.5875 0.413020833333 0.0824074074074 0.133333333333
1 0.648611111111 0.415104166667 0.0472222222222 0.1125
1 0.697685185185 0.420833333333 0.0842592592593 0.123958333333
1 0.770833333333 0.42109375 0.0824074074074 0.1171875
1 0.840740740741 0.422135416667 0.0740740740741 0.119270833333
1 0.912037037037 0.42109375 0.0888888888889 0.111979166667
1 0.974537037037 0.42421875 0.0490740740741 0.119270833333
1 0.099537037037 0.565625 0.0675925925926 0.128125
1 0.159259259259 0.567447916667 0.0722222222222 0.131770833333
1 0.210185185185 0.55625 0.0518518518519 0.114583333333
1 0.268055555556 0.562760416667 0.0638888888889 0.1203125
1 0.320833333333 0.56796875 0.0824074074074 0.130729166667
1 0.386111111111 0.565625 0.0777777777778 0.126041666667
1 0.452777777778 0.569010416667 0.0888888888889 0.121354166667
1 0.530092592593 0.571875 0.0787037037037 0.125
1 0.578240740741 0.5671875 0.0601851851852 0.122916666667
1 0.65787037037 0.579427083333 0.0787037037037 0.121354166667
1 0.73287037037 0.574739583333 0.0842592592593 0.105729166667
1 0.814814814815 0.58984375 0.0888888888889 0.109895833333
1 0.890277777778 0.590104166667 0.0824074074074 0.1125
1 0.956018518519 0.5921875 0.0824074074074 0.1125
1 0.062037037037 0.736197916667 0.0851851851852 0.118229166667
1 0.14212962963 0.733854166667 0.0842592592593 0.120833333333
1 0.199074074074 0.742708333333 0.0740740740741 0.123958333333
1 0.269907407407 0.742708333333 0.0768518518519 0.119791666667
1 0.337962962963 0.752604166667 0.0796296296296 0.132291666667
1 0.413888888889 0.734635416667 0.0722222222222 0.115104166667
1 0.459259259259 0.74921875 0.0851851851852 0.127604166667
1 0.522685185185 0.729166666667 0.0638888888889 0.113541666667
1 0.596296296296 0.753125 0.0740740740741 0.121875
1 0.661111111111 0.759114583333 0.0685185185185 0.119270833333
1 0.724537037037 0.762760416667 0.0805555555556 0.118229166667
1 0.786111111111 0.76484375 0.0685185185185 0.1171875
1 0.847685185185 0.77109375 0.0805555555556 0.106770833333
1 0.923148148148 0.76875 0.0833333333333 0.109375
1 0.975462962963 0.762239583333 0.0472222222222 0.1359375
1 0.0648148148148 0.917447916667 0.087037037037 0.1515625
1 0.135185185185 0.922135416667 0.0907407407407 0.1546875
1 0.24212962963 0.918489583333 0.0916666666667 0.147395833333
1 0.324537037037 0.922135416667 0.0990740740741 0.1546875
1 0.416203703704 0.923958333333 0.0972222222222 0.151041666667
