2 0.062037037037 0.0466145833333 0.125925925926 0.0880208333333
2 0.0694444444444 0.1234375 0.140740740741 0.0875
2 0.210185185185 0.0390625 0.203703703704 0.0791666666667
2 0.220833333333 0.117708333333 0.199074074074 0.0958333333333
2 0.401388888889 0.0385416666667 0.225 0.0697916666667
2 0.393981481481 0.11953125 0.210185185185 0.108854166667
2 0.65 0.08203125 0.353703703704 0.165104166667
2 0.893518518519 0.0791666666667 0.211111111111 0.159375
2 0.896296296296 0.376041666667 0.205555555556 0.165625
2 0.661574074074 0.3671875 0.280555555556 0.134375
2 0.0680555555556 0.303645833333 0.137962962963 0.102083333333
2 0.0537037037037 0.397395833333 0.109259259259 0.102083333333
2 0.195833333333 0.40234375 0.249074074074 0.1078125
2 0.224537037037 0.30390625 0.187962962963 0.0848958333333
2 0.408796296296 0.313802083333 0.226851851852 0.108854166667
2 0.416203703704 0.411197916667 0.228703703704 0.0973958333333
2 0.0662037037037 0.55859375 0.134259259259 0.0963541666667
2 0.0518518518519 0.643489583333 0.105555555556 0.0859375
2 0.206018518519 0.572395833333 0.221296296296 0.101041666667
2 0.196759259259 0.656510416667 0.210185185185 0.0859375
2 0.397222222222 0.58203125 0.240740740741 0.0984375
2 0.386111111111 0.672135416667 0.225925925926 0.0942708333333
2 0.683333333333 0.533854166667 0.22037037037 0.0604166666667
2 0.914814814815 0.548177083333 0.168518518519 0.0776041666667
2 0.887962962963 0.640104166667 0.222222222222 0.166666666667
2 0.65462962963 0.639583333333 0.287037037037 0.154166666667
2 0.075462962963 0.78671875 0.152777777778 0.0890625
2 0.0722222222222 0.855989583333 0.146296296296 0.0890625
2 0.231481481481 0.804947916667 0.164814814815 0.0963541666667
2 0.215277777778 0.883854166667 0.169444444444 0.0802083333333
2 0.403703703704 0.82890625 0.240740740741 0.1046875
2 0.385648148148 0.91171875 0.19537037037 0.111979166667
2 0.654166666667 0.86484375 0.287962962963 0.175520833333
2 0.923148148148 0.8984375 0.151851851852 0.194791666667
2 0.0560185185185 0.978385416667 0.113888888889 0.0421875
2 0.193981481481 0.976822916667 0.162037037037 0.0453125
