0 0.074537037037 0.0380208333333 0.0768518518519 0.0770833333333
0 0.134722222222 0.0416666666667 0.062037037037 0.084375
0 0.194907407407 0.05390625 0.0787037037037 0.0755208333333
0 0.254166666667 0.06484375 0.062037037037 0.0744791666667
0 0.302777777778 0.071875 0.0518518518519 0.0739583333333
0 0.339814814815 0.0802083333333 0.0481481481481 0.071875
0 0.0208333333333 0.21953125 0.0435185185185 0.0869791666667
0 0.0671296296296 0.222395833333 0.075 0.0854166666667
0 0.123611111111 0.213802083333 0.0768518518519 0.1078125
0 0.177314814815 0.21953125 0.0675925925926 0.100520833333
0 0.227777777778 0.224739583333 0.0703703703704 0.1046875
0 0.275 0.228385416667 0.0574074074074 0.0973958333333
0 0.315740740741 0.2328125 0.0703703703704 0.0979166666667
0 0.3625 0.237239583333 0.0675925925926 0.0973958333333
0 0.406481481481 0.242447916667 0.05 0.0869791666667
0 0.0740740740741 0.4140625 0.0888888888889 0.0614583333333
0 0.0694444444444 0.337760416667 0.0907407407407 0.0546875
0 0.0393518518519 0.57421875 0.0731481481481 0.0671875
0 0.0268518518519 0.691666666667 0.0555555555556 0.0895833333333
0 0.0828703703704 0.682552083333 0.0675925925926 0.0776041666667
0 0.130555555556 0.66796875 0.0703703703704 0.0838541666667
0 0.177314814815 0.655989583333 0.0564814814815 0.0755208333333
0 0.218518518519 0.64765625 0.0648148148148 0.0755208333333
0 0.396759259259 0.473697916667 0.0490740740741 0.0578125
0 0.433796296296 0.4734375 0.062037037037 0.0510416666667
0 0.4625 0.474739583333 0.062037037037 0.0484375
0 0.0217592592593 0.801041666667 0.0453703703704 0.08125
0 0.0541666666667 0.7921875 0.0675925925926 0.0833333333333
0 0.109259259259 0.779166666667 0.0685185185185 0.08125
0 0.299074074074 0.720833333333 0.0555555555556 0.05
0 0.40462962963 0.692447916667 0.0574074074074 0.0463541666667
0 0.266666666667 0.639583333333 0.0537037037037 0.078125
0 0.306481481481 0.629947916667 0.0518518518519 0.0765625
0 0.341666666667 0.61875 0.0555555555556 0.06875
