1 0.252604166667 0.145833333333 0.0239583333333 0.106481481481
1 0.2734375 0.143518518519 0.0270833333333 0.0981481481481
1 0.294791666667 0.14212962963 0.028125 0.0953703703704
1 0.31640625 0.14212962963 0.0244791666667 0.0990740740741
1 0.26171875 0.324074074074 0.0244791666667 0.0981481481481
1 0.284114583333 0.322222222222 0.0213541666667 0.0962962962963
1 0.300520833333 0.318055555556 0.0229166666667 0.10462962963
1 0.319270833333 0.325 0.0260416666667 0.0907407407407
1 0.340364583333 0.315277777778 0.0255208333333 0.0935185185185
1 0.673697916667 0.677777777778 0.0359375 0.155555555556
1 0.767447916667 0.678703703704 0.0359375 0.161111111111
1 0.8046875 0.681481481481 0.0364583333333 0.161111111111
1 0.842447916667 0.681018518519 0.0359375 0.162037037037
1 0.8859375 0.67962962963 0.040625 0.162962962963
1 0.616927083333 0.493055555556 0.0286458333333 0.128703703704
1 0.644010416667 0.492592592593 0.0286458333333 0.133333333333
1 0.678385416667 0.504166666667 0.0307291666667 0.123148148148
1 0.70546875 0.498611111111 0.0286458333333 0.130555555556
1 0.736979166667 0.500462962963 0.0322916666667 0.125
1 0.762760416667 0.501388888889 0.0307291666667 0.121296296296
1 0.791666666667 0.496296296296 0.028125 0.125925925926
1 0.820572916667 0.496296296296 0.0317708333333 0.116666666667
1 0.605208333333 0.123611111111 0.0229166666667 0.0972222222222
1 0.62734375 0.120833333333 0.0265625 0.100925925926
1 0.651822916667 0.115740740741 0.0255208333333 0.101851851852
1 0.675 0.115277777778 0.0270833333333 0.0972222222222
1 0.71171875 0.115277777778 0.0276041666667 0.100925925926
1 0.745052083333 0.111111111111 0.0234375 0.101851851852
1 0.765364583333 0.109722222222 0.0255208333333 0.10462962963
1 0.914322916667 0.0976851851852 0.0307291666667 0.108333333333
1 0.9421875 0.0972222222222 0.0260416666667 0.109259259259
1 0.96796875 0.0925925925926 0.0276041666667 0.111111111111
1 0.916927083333 0.293055555556 0.0255208333333 0.108333333333
1 0.946354166667 0.29212962963 0.0270833333333 0.108333333333
1 0.971354166667 0.288888888889 0.0239583333333 0.105555555556
1 0.98515625 0.496759259259 0.0265625 0.113888888889
1 0.609114583333 0.30462962963 0.0296875 0.124074074074
1 0.634635416667 0.301851851852 0.0276041666667 0.12037037037
1 0.6625 0.3 0.0291666666667 0.12962962963
1 0.690625 0.299537037037 0.0291666666667 0.123148148148
1 0.71875 0.294907407407 0.0291666666667 0.123148148148
6 0.748177083333 0.293055555556 0.0307291666667 0.125
6 0.03046875 0.149537037037 0.0359375 0.0509259259259
6 0.0716145833333 0.175 0.0432291666667 0.062962962963
6 0.111197916667 0.116666666667 0.0442708333333 0.0759259259259
6 0.148697916667 0.1125 0.0421875 0.0694444444444
6 0.18125 0.110185185185 0.040625 0.0740740740741
6 0.217708333333 0.107407407407 0.040625 0.0685185185185
6 0.114322916667 0.174074074074 0.0390625 0.05
6 0.147916666667 0.169907407407 0.040625 0.0564814814815
6 0.185416666667 0.168055555556 0.0416666666667 0.0546296296296
6 0.221614583333 0.164351851852 0.0380208333333 0.0583333333333
6 0.1453125 0.287962962963 0.040625 0.0703703703704
6 0.183072916667 0.293518518519 0.0401041666667 0.0574074074074
6 0.217447916667 0.296759259259 0.0390625 0.0638888888889
6 0.1453125 0.347222222222 0.0458333333333 0.062962962963
6 0.184635416667 0.34537037037 0.0401041666667 0.0574074074074
6 0.2234375 0.344444444444 0.04375 0.0574074074074
6 0.532291666667 0.0907407407407 0.0395833333333 0.0666666666667
6 0.571614583333 0.0865740740741 0.0432291666667 0.062037037037
6 0.53359375 0.147685185185 0.0432291666667 0.0583333333333
6 0.575260416667 0.146296296296 0.0463541666667 0.0611111111111
6 0.5375 0.278703703704 0.0427083333333 0.0685185185185
6 0.576822916667 0.276851851852 0.0338541666667 0.0685185185185
6 0.535677083333 0.334722222222 0.0421875 0.0601851851852
6 0.577604166667 0.338888888889 0.0416666666667 0.0611111111111
6 0.608072916667 0.719444444444 0.0338541666667 0.0851851851852
1 0.6390625 0.718055555556 0.0385416666667 0.087962962963
1 0.528385416667 0.700925925926 0.0307291666667 0.111111111111
1 0.554166666667 0.699074074074 0.0260416666667 0.107407407407
6 0.58046875 0.700925925926 0.0296875 0.109259259259
6 0.0966145833333 0.887962962963 0.0546875 0.0481481481481
6 0.146354166667 0.856944444444 0.0510416666667 0.0564814814815
6 0.148177083333 0.903240740741 0.0536458333333 0.0416666666667
6 0.09765625 0.934259259259 0.0526041666667 0.0444444444444
6 0.8 0.932407407407 0.0604166666667 0.0537037037037
6 0.874739583333 0.84537037037 0.0630208333333 0.0574074074074
6 0.291666666667 0.463425925926 0.034375 0.0861111111111
6 0.330989583333 0.463888888889 0.0390625 0.0777777777778
6 0.298958333333 0.534259259259 0.0385416666667 0.0648148148148
6 0.3328125 0.532407407407 0.0375 0.0685185185185
6 0.286458333333 0.656481481481 0.0375 0.0814814814815
6 0.323177083333 0.654166666667 0.0411458333333 0.0787037037037
6 0.35703125 0.653703703704 0.0390625 0.0833333333333
6 0.293229166667 0.727314814815 0.0375 0.0694444444444
6 0.328125 0.724074074074 0.0395833333333 0.0703703703704
6 0.361197916667 0.724074074074 0.0411458333333 0.0685185185185
6 0.192708333333 0.485185185185 0.040625 0.0611111111111
6 0.226822916667 0.484722222222 0.0338541666667 0.0601851851852
6 0.26328125 0.487037037037 0.0338541666667 0.062962962963
6 0.196354166667 0.539351851852 0.0375 0.0638888888889
6 0.230989583333 0.538888888889 0.0338541666667 0.0648148148148
6 0.26640625 0.5375 0.0369791666667 0.0583333333333
6 0.188802083333 0.676851851852 0.0390625 0.0759259259259
6 0.229427083333 0.667592592593 0.0307291666667 0.0759259259259
6 0.256510416667 0.677777777778 0.0338541666667 0.0722222222222
6 0.19140625 0.734259259259 0.0432291666667 0.0611111111111
6 0.22734375 0.733796296296 0.0359375 0.0601851851852
6 0.259375 0.73287037037 0.0416666666667 0.0583333333333
6 0.15390625 0.468055555556 0.0359375 0.0527777777778
6 0.117447916667 0.507407407407 0.0421875 0.05
6 0.0830729166667 0.505555555556 0.0401041666667 0.0537037037037
6 0.154947916667 0.511111111111 0.0380208333333 0.0518518518519
6 0.0822916666667 0.54537037037 0.0364583333333 0.0462962962963
6 0.117708333333 0.549074074074 0.04375 0.0462962962963
6 0.155989583333 0.549074074074 0.0359375 0.0407407407407
6 0.0942708333333 0.660185185185 0.0427083333333 0.0555555555556
6 0.128385416667 0.665740740741 0.0338541666667 0.05
6 0.160677083333 0.663425925926 0.0380208333333 0.0527777777778
