1 0.0444444444444 0.220833333333 0.0907407407407 0.132291666667
1 0.122685185185 0.222916666667 0.0916666666667 0.126041666667
1 0.195833333333 0.221875 0.0935185185185 0.119791666667
1 0.268518518519 0.22421875 0.087037037037 0.119270833333
1 0.330555555556 0.222916666667 0.103703703704 0.121875
1 0.393518518519 0.2203125 0.0685185185185 0.125
1 0.447685185185 0.219010416667 0.0824074074074 0.127604166667
1 0.519907407407 0.227604166667 0.0824074074074 0.105208333333
1 0.0467592592593 0.390885416667 0.0953703703704 0.128645833333
1 0.15787037037 0.387239583333 0.0953703703704 0.130729166667
1 0.300925925926 0.384635416667 0.0851851851852 0.108854166667
1 0.387962962963 0.383854166667 0.0907407407407 0.116666666667
1 0.453240740741 0.384895833333 0.0805555555556 0.1125
1 0.541666666667 0.383333333333 0.0925925925926 0.117708333333
1 0.0375 0.54296875 0.0768518518519 0.118229166667
1 0.0898148148148 0.540104166667 0.0777777777778 0.105208333333
1 0.177314814815 0.541927083333 0.087962962963 0.108854166667
1 0.306944444444 0.522135416667 0.0805555555556 0.0786458333333
1 0.397222222222 0.526822916667 0.0888888888889 0.0953125
1 0.450925925926 0.54296875 0.0851851851852 0.1046875
1 0.516666666667 0.523958333333 0.0759259259259 0.0989583333333
1 0.199074074074 0.691666666667 0.087037037037 0.110416666667
1 0.337962962963 0.677864583333 0.0685185185185 0.0869791666667
1 0.398611111111 0.687760416667 0.0787037037037 0.108854166667
1 0.471296296296 0.68984375 0.0925925925926 0.106770833333
5 0.665740740741 0.192708333333 0.0703703703704 0.0958333333333
5 0.761111111111 0.187239583333 0.062962962963 0.0994791666667
5 0.827314814815 0.186458333333 0.0731481481481 0.0979166666667
5 0.897222222222 0.1859375 0.0648148148148 0.096875
5 0.962962962963 0.180989583333 0.0722222222222 0.0994791666667
5 0.637962962963 0.35625 0.0666666666667 0.113541666667
5 0.70787037037 0.356770833333 0.0712962962963 0.119791666667
5 0.750462962963 0.351302083333 0.0453703703704 0.116145833333
5 0.801851851852 0.356770833333 0.0518518518519 0.117708333333
5 0.877777777778 0.354947916667 0.0666666666667 0.125520833333
5 0.962962962963 0.35390625 0.0722222222222 0.118229166667
5 0.568518518519 0.547395833333 0.0666666666667 0.119791666667
5 0.626388888889 0.51875 0.0601851851852 0.114583333333
5 0.677314814815 0.515104166667 0.0601851851852 0.114583333333
5 0.734722222222 0.515104166667 0.0564814814815 0.117708333333
5 0.789814814815 0.51328125 0.0685185185185 0.125520833333
5 0.837037037037 0.5140625 0.0537037037037 0.121875
5 0.891203703704 0.511458333333 0.0638888888889 0.127083333333
5 0.957407407407 0.507291666667 0.0666666666667 0.11875
5 0.647685185185 0.690104166667 0.0861111111111 0.160416666667
5 0.725 0.701041666667 0.0833333333333 0.1625
5 0.812037037037 0.70390625 0.087037037037 0.1703125
5 0.939814814815 0.667447916667 0.101851851852 0.105729166667
5 0.972685185185 0.687239583333 0.0527777777778 0.1421875
5 0.641666666667 0.90390625 0.0648148148148 0.0921875
5 0.697685185185 0.900260416667 0.062037037037 0.0901041666667
1 0.751388888889 0.90625 0.0638888888889 0.0895833333333
1 0.102777777778 0.685416666667 0.0833333333333 0.105208333333
1 0.0375 0.687760416667 0.062037037037 0.109895833333
