1 0.0324074074074 0.131510416667 0.0666666666667 0.1171875
1 0.125462962963 0.134895833333 0.0805555555556 0.110416666667
1 0.188425925926 0.130989583333 0.075 0.1109375
1 0.272222222222 0.129166666667 0.105555555556 0.121875
1 0.349074074074 0.12578125 0.087037037037 0.1265625
1 0.425 0.12578125 0.087037037037 0.124479166667
1 0.50462962963 0.125260416667 0.0759259259259 0.122395833333
1 0.575462962963 0.12578125 0.0824074074074 0.1171875
1 0.671296296296 0.129427083333 0.0796296296296 0.109895833333
1 0.746296296296 0.128645833333 0.0907407407407 0.115625
1 0.808796296296 0.127604166667 0.0601851851852 0.113541666667
1 0.875 0.1234375 0.0851851851852 0.13125
1 0.950925925926 0.120052083333 0.0814814814815 0.1265625
1 0.0592592592593 0.52734375 0.087037037037 0.1453125
1 0.115277777778 0.533854166667 0.0768518518519 0.132291666667
1 0.218518518519 0.535677083333 0.0851851851852 0.138020833333
1 0.284259259259 0.526822916667 0.0685185185185 0.1203125
1 0.3625 0.523697916667 0.0768518518519 0.1171875
1 0.440740740741 0.537239583333 0.0759259259259 0.141145833333
1 0.51712962963 0.5515625 0.0805555555556 0.154166666667
1 0.5875 0.560416666667 0.0787037037037 0.164583333333
1 0.688888888889 0.558072916667 0.087037037037 0.1578125
1 0.755555555556 0.55625 0.0648148148148 0.152083333333
1 0.822222222222 0.56328125 0.0907407407407 0.1609375
1 0.901851851852 0.56640625 0.0925925925926 0.161979166667
1 0.968055555556 0.563802083333 0.062037037037 0.169270833333
1 0.0537037037037 0.728125 0.0722222222222 0.134375
1 0.087962962963 0.716666666667 0.0574074074074 0.122916666667
1 0.135185185185 0.738020833333 0.0703703703704 0.135416666667
1 0.191666666667 0.721354166667 0.0814814814815 0.132291666667
1 0.256481481481 0.72578125 0.087037037037 0.127604166667
1 0.301851851852 0.741666666667 0.0907407407407 0.142708333333
1 0.384259259259 0.740364583333 0.107407407407 0.138020833333
1 0.459259259259 0.736979166667 0.0685185185185 0.142708333333
1 0.514814814815 0.747916666667 0.0722222222222 0.136458333333
1 0.577314814815 0.75078125 0.075 0.140104166667
1 0.656944444444 0.753645833333 0.100925925926 0.151041666667
1 0.750462962963 0.7640625 0.102777777778 0.151041666667
1 0.832407407407 0.759895833333 0.087037037037 0.154166666667
1 0.922222222222 0.766927083333 0.0925925925926 0.1515625
1 0.0546296296296 0.901822916667 0.111111111111 0.1484375
1 0.147222222222 0.903645833333 0.107407407407 0.144791666667
1 0.241203703704 0.913541666667 0.100925925926 0.14375
1 0.333796296296 0.879166666667 0.0935185185185 0.0635416666667
1 0.45462962963 0.902604166667 0.111111111111 0.105208333333
1 0.663888888889 0.899479166667 0.103703703704 0.0927083333333
1 0.80787037037 0.934375 0.139814814815 0.130208333333
1 0.925925925926 0.933333333333 0.125925925926 0.132291666667
