2 0.114351851852 0.0627604166667 0.230555555556 0.116145833333
2 0.356944444444 0.0651041666667 0.284259259259 0.113541666667
2 0.136111111111 0.167447916667 0.274074074074 0.115104166667
2 0.376851851852 0.17109375 0.25 0.0963541666667
2 0.64537037037 0.0661458333333 0.255555555556 0.104166666667
2 0.693055555556 0.163020833333 0.173148148148 0.0916666666667
2 0.877777777778 0.0520833333333 0.242592592593 0.105208333333
2 0.89212962963 0.153385416667 0.213888888889 0.105729166667
2 0.833796296296 0.3609375 0.191666666667 0.0916666666667
2 0.941666666667 0.36015625 0.111111111111 0.0859375
2 0.953703703704 0.26640625 0.0907407407407 0.0723958333333
2 0.343981481481 0.29375 0.184259259259 0.0822916666667
2 0.13287037037 0.301302083333 0.260185185185 0.0859375
2 0.147222222222 0.385677083333 0.255555555556 0.0880208333333
2 0.374074074074 0.383854166667 0.255555555556 0.09375
2 0.0453703703704 0.525 0.0925925925926 0.09375
2 0.0486111111111 0.618229166667 0.0990740740741 0.08125
2 0.198148148148 0.519791666667 0.237037037037 0.102083333333
2 0.209259259259 0.608333333333 0.238888888889 0.0802083333333
2 0.398148148148 0.510677083333 0.198148148148 0.106770833333
2 0.418981481481 0.596875 0.197222222222 0.09375
2 0.881944444444 0.49140625 0.234259259259 0.0942708333333
2 0.85787037037 0.576041666667 0.230555555556 0.09375
2 0.0546296296296 0.729166666667 0.111111111111 0.0927083333333
2 0.0712962962963 0.803385416667 0.144444444444 0.0671875
2 0.223611111111 0.721354166667 0.234259259259 0.1
2 0.240277777778 0.802864583333 0.234259259259 0.0703125
2 0.438888888889 0.786197916667 0.207407407407 0.0671875
2 0.428240740741 0.705208333333 0.20462962963 0.0927083333333
2 0.863425925926 0.691666666667 0.197222222222 0.0822916666667
2 0.849074074074 0.76640625 0.201851851852 0.0692708333333
