1 0.0537037037037 0.11796875 0.109259259259 0.236979166667
1 0.147685185185 0.11796875 0.132407407407 0.236979166667
1 0.241203703704 0.119010416667 0.137962962963 0.2390625
1 0.344907407407 0.118489583333 0.119444444444 0.238020833333
1 0.461111111111 0.119010416667 0.12962962963 0.2390625
1 0.568055555556 0.116666666667 0.130555555556 0.234375
1 0.675462962963 0.119010416667 0.117592592593 0.2390625
1 0.818518518519 0.119010416667 0.131481481481 0.2390625
1 0.90787037037 0.119010416667 0.0972222222222 0.2390625
1 0.963425925926 0.11953125 0.0712962962963 0.2265625
1 0.0259259259259 0.404166666667 0.0537037037037 0.215625
1 0.0819444444444 0.4078125 0.119444444444 0.219791666667
1 0.17037037037 0.407552083333 0.124074074074 0.2109375
1 0.274074074074 0.399479166667 0.125925925926 0.219791666667
1 0.366666666667 0.395052083333 0.112962962963 0.2265625
1 0.462962962963 0.397135416667 0.109259259259 0.224479166667
1 0.563888888889 0.399479166667 0.105555555556 0.227083333333
1 0.665740740741 0.399739583333 0.111111111111 0.224479166667
1 0.769444444444 0.397395833333 0.111111111111 0.23125
1 0.873611111111 0.401041666667 0.0953703703704 0.228125
1 0.958333333333 0.401302083333 0.0814814814815 0.227604166667
1 0.0291666666667 0.63671875 0.0601851851852 0.190104166667
1 0.0921296296296 0.638020833333 0.0953703703704 0.176041666667
1 0.178240740741 0.638541666667 0.0861111111111 0.163541666667
1 0.25 0.636197916667 0.0907407407407 0.168229166667
1 0.327314814815 0.641927083333 0.100925925926 0.1703125
1 0.411111111111 0.637239583333 0.0907407407407 0.177604166667
1 0.493055555556 0.626302083333 0.0861111111111 0.1578125
1 0.575462962963 0.634895833333 0.0824074074074 0.163541666667
1 0.656481481481 0.641927083333 0.0851851851852 0.1703125
1 0.750925925926 0.638020833333 0.0888888888889 0.173958333333
1 0.833796296296 0.639583333333 0.0805555555556 0.175
1 0.922685185185 0.643229166667 0.0842592592593 0.179166666667
1 0.0486111111111 0.844010416667 0.0990740740741 0.1484375
1 0.125925925926 0.840104166667 0.0962962962963 0.144791666667
1 0.193981481481 0.821354166667 0.0805555555556 0.108333333333
1 0.25462962963 0.842447916667 0.0981481481481 0.1421875
1 0.322222222222 0.847135416667 0.0944444444444 0.1515625
1 0.400925925926 0.837760416667 0.0703703703704 0.138020833333
1 0.465277777778 0.847916666667 0.0842592592593 0.15625
1 0.525462962963 0.8375 0.0805555555556 0.135416666667
1 0.606481481481 0.8375 0.0740740740741 0.13125
1 0.673148148148 0.844010416667 0.0814814814815 0.150520833333
1 0.752777777778 0.847395833333 0.0740740740741 0.147916666667
1 0.826388888889 0.848177083333 0.0861111111111 0.1515625
1 0.911111111111 0.84453125 0.087037037037 0.1515625
