4 0.0981481481481 0.07578125 0.198148148148 0.128645833333
4 0.293518518519 0.0895833333333 0.198148148148 0.113541666667
4 0.472222222222 0.115104166667 0.187037037037 0.08125
4 0.660648148148 0.07890625 0.149074074074 0.0328125
4 0.649074074074 0.12890625 0.168518518519 0.0661458333333
4 0.825 0.105729166667 0.172222222222 0.129166666667
4 0.947222222222 0.1140625 0.103703703704 0.116666666667
4 0.0847222222222 0.252604166667 0.171296296296 0.148958333333
4 0.248611111111 0.25859375 0.180555555556 0.1421875
4 0.419444444444 0.266927083333 0.174074074074 0.144270833333
4 0.562037037037 0.271614583333 0.159259259259 0.1328125
4 0.706944444444 0.285416666667 0.119444444444 0.105208333333
4 0.826851851852 0.287760416667 0.138888888889 0.100520833333
4 0.935185185185 0.292447916667 0.127777777778 0.0984375
4 0.0856481481481 0.45390625 0.173148148148 0.136979166667
4 0.246759259259 0.447916666667 0.176851851852 0.130208333333
4 0.404166666667 0.45390625 0.14537037037 0.118229166667
4 0.596759259259 0.481770833333 0.175 0.0770833333333
4 0.546296296296 0.417708333333 0.148148148148 0.05
4 0.778703703704 0.44609375 0.111111111111 0.109895833333
4 0.934722222222 0.45625 0.128703703704 0.108333333333
4 0.118981481481 0.638802083333 0.119444444444 0.100520833333
4 0.24212962963 0.6484375 0.117592592593 0.0791666666667
4 0.418981481481 0.638802083333 0.136111111111 0.0838541666667
4 0.530555555556 0.634635416667 0.0962962962963 0.0776041666667
4 0.611574074074 0.619270833333 0.102777777778 0.0802083333333
4 0.75787037037 0.615104166667 0.152777777778 0.114583333333
4 0.893055555556 0.61328125 0.132407407407 0.116145833333
4 0.965277777778 0.61640625 0.0675925925926 0.1171875
4 0.189351851852 0.771614583333 0.206481481481 0.1015625
4 0.392592592593 0.76328125 0.227777777778 0.0921875
4 0.593055555556 0.75078125 0.199074074074 0.0786458333333
4 0.169444444444 0.946614583333 0.225925925926 0.106770833333
4 0.391666666667 0.94921875 0.216666666667 0.1015625
4 0.610648148148 0.956770833333 0.232407407407 0.0864583333333
4 0.821296296296 0.934375 0.216666666667 0.1125
4 0.949074074074 0.944270833333 0.1 0.111458333333
4 0.6625 0.419270833333 0.102777777778 0.059375
