1 0.231944444444 0.0770833333333 0.0953703703704 0.0729166666667
1 0.308796296296 0.07890625 0.0842592592593 0.0671875
1 0.380092592593 0.0778645833333 0.0953703703704 0.0744791666667
1 0.454166666667 0.0760416666667 0.0824074074074 0.0708333333333
1 0.529166666667 0.0760416666667 0.0768518518519 0.06875
1 0.588888888889 0.0708333333333 0.0722222222222 0.0739583333333
1 0.651851851852 0.07421875 0.087037037037 0.0723958333333
1 0.714351851852 0.0708333333333 0.0731481481481 0.0739583333333
1 0.770833333333 0.11875 0.0861111111111 0.0916666666667
1 0.837037037037 0.117708333333 0.0703703703704 0.0916666666667
1 0.903703703704 0.119270833333 0.0759259259259 0.090625
1 0.0990740740741 0.14140625 0.0925925925926 0.0630208333333
1 0.162962962963 0.140364583333 0.0759259259259 0.0671875
1 0.233796296296 0.140364583333 0.102777777778 0.0671875
1 0.30787037037 0.140885416667 0.0916666666667 0.0640625
1 0.385185185185 0.140104166667 0.0851851851852 0.0625
1 0.458333333333 0.140885416667 0.0907407407407 0.0640625
1 0.525925925926 0.139583333333 0.0740740740741 0.059375
1 0.585648148148 0.135416666667 0.075 0.0697916666667
1 0.648611111111 0.133854166667 0.0805555555556 0.0666666666667
1 0.702777777778 0.137760416667 0.0740740740741 0.0671875
1 0.0444444444444 0.311458333333 0.0907407407407 0.0927083333333
1 0.106481481481 0.309375 0.0814814814815 0.0927083333333
1 0.213425925926 0.309375 0.102777777778 0.102083333333
1 0.375 0.302864583333 0.0851851851852 0.0963541666667
1 0.441666666667 0.294270833333 0.0833333333333 0.122916666667
1 0.518055555556 0.294270833333 0.0787037037037 0.113541666667
1 0.589814814815 0.29765625 0.087037037037 0.1109375
1 0.662037037037 0.298177083333 0.0740740740741 0.105729166667
1 0.731944444444 0.298177083333 0.075 0.109895833333
1 0.787037037037 0.297135416667 0.0703703703704 0.1078125
1 0.854166666667 0.302864583333 0.0935185185185 0.103645833333
1 0.0240740740741 0.484114583333 0.05 0.106770833333
1 0.0953703703704 0.4828125 0.0592592592593 0.10625
1 0.147222222222 0.484114583333 0.087037037037 0.108854166667
1 0.201851851852 0.479427083333 0.0722222222222 0.1046875
1 0.258796296296 0.48515625 0.062037037037 0.0973958333333
1 0.317592592593 0.479427083333 0.0518518518519 0.0973958333333
1 0.352777777778 0.490885416667 0.0703703703704 0.106770833333
1 0.412962962963 0.479166666667 0.0666666666667 0.113541666667
1 0.45 0.452083333333 0.037037037037 0.078125
1 0.477777777778 0.452083333333 0.0518518518519 0.084375
1 0.515740740741 0.471354166667 0.0574074074074 0.104166666667
1 0.555555555556 0.48203125 0.0722222222222 0.1078125
1 0.637962962963 0.486197916667 0.0722222222222 0.1203125
1 0.706944444444 0.473697916667 0.0787037037037 0.108854166667
1 0.760648148148 0.471354166667 0.0583333333333 0.102083333333
1 0.809722222222 0.468489583333 0.062037037037 0.1078125
1 0.0592592592593 0.640885416667 0.0703703703704 0.0890625
1 0.111574074074 0.638541666667 0.0712962962963 0.0916666666667
1 0.166203703704 0.6546875 0.0787037037037 0.126041666667
1 0.218518518519 0.638541666667 0.0648148148148 0.09375
1 0.266666666667 0.640885416667 0.0666666666667 0.0942708333333
1 0.294444444444 0.65703125 0.0759259259259 0.100520833333
1 0.338888888889 0.64296875 0.0574074074074 0.0869791666667
1 0.386111111111 0.630208333333 0.0740740740741 0.103125
1 0.434722222222 0.63671875 0.0638888888889 0.0994791666667
1 0.472685185185 0.651822916667 0.0824074074074 0.106770833333
1 0.536111111111 0.650520833333 0.0666666666667 0.1
1 0.579166666667 0.6375 0.062037037037 0.101041666667
1 0.641666666667 0.6296875 0.0703703703704 0.1
1 0.706018518519 0.648697916667 0.0675925925926 0.1078125
1 0.769907407407 0.648958333333 0.0638888888889 0.110416666667
1 0.823148148148 0.65078125 0.0722222222222 0.108854166667
1 0.0476851851852 0.815104166667 0.0972222222222 0.127083333333
1 0.122685185185 0.801822916667 0.0787037037037 0.128645833333
1 0.186574074074 0.80859375 0.0990740740741 0.1453125
1 0.263888888889 0.811979166667 0.105555555556 0.142708333333
1 0.332407407407 0.8015625 0.0666666666667 0.135416666667
