4 0.0259259259259 0.06953125 0.0537037037037 0.0786458333333
4 0.0731481481481 0.0622395833333 0.0703703703704 0.0869791666667
4 0.116203703704 0.0591145833333 0.062037037037 0.0859375
4 0.170833333333 0.05234375 0.0601851851852 0.0953125
4 0.234722222222 0.0505208333333 0.0935185185185 0.0989583333333
4 0.30787037037 0.05078125 0.0861111111111 0.0984375
4 0.0324074074074 0.1921875 0.0666666666667 0.08125
4 0.0763888888889 0.192447916667 0.0601851851852 0.0880208333333
4 0.116666666667 0.192708333333 0.0740740740741 0.0916666666667
4 0.174074074074 0.19296875 0.0740740740741 0.0942708333333
4 0.227777777778 0.196354166667 0.087037037037 0.09375
4 0.296759259259 0.1953125 0.0805555555556 0.101041666667
4 0.0300925925926 0.272916666667 0.062037037037 0.0802083333333
4 0.0805555555556 0.275520833333 0.0518518518519 0.08125
4 0.125 0.27734375 0.0740740740741 0.0869791666667
4 0.168981481481 0.279166666667 0.0805555555556 0.0885416666667
4 0.223611111111 0.282552083333 0.0824074074074 0.0880208333333
4 0.290277777778 0.291927083333 0.0805555555556 0.0953125
4 0.0518518518519 0.377604166667 0.0555555555556 0.08125
4 0.105555555556 0.385677083333 0.0518518518519 0.0786458333333
4 0.146296296296 0.390625 0.0555555555556 0.0822916666667
4 0.1875 0.397135416667 0.0638888888889 0.0859375
4 0.246296296296 0.409895833333 0.0740740740741 0.0833333333333
4 0.297685185185 0.41640625 0.0583333333333 0.0848958333333
4 0.299537037037 0.49609375 0.0583333333333 0.0890625
4 0.241203703704 0.484375 0.0564814814815 0.0822916666667
4 0.062037037037 0.449739583333 0.0444444444444 0.0734375
4 0.101388888889 0.45546875 0.0601851851852 0.0755208333333
4 0.14212962963 0.46875 0.0564814814815 0.08125
4 0.189351851852 0.474739583333 0.0601851851852 0.0765625
4 0.200925925926 0.622135416667 0.205555555556 0.181770833333
4 0.0592592592593 0.577083333333 0.087037037037 0.13125
4 0.0736111111111 0.729427083333 0.106481481481 0.136979166667
4 0.219907407407 0.78046875 0.193518518519 0.1828125
4 0.0847222222222 0.8484375 0.0972222222222 0.1
2 0.203703703704 0.923697916667 0.17962962963 0.146354166667
2 0.651388888889 0.0520833333333 0.30462962963 0.105208333333
2 0.909722222222 0.0497395833333 0.178703703704 0.100520833333
2 0.896296296296 0.147135416667 0.205555555556 0.1390625
2 0.668055555556 0.160416666667 0.284259259259 0.114583333333
2 0.603703703704 0.334375 0.257407407407 0.146875
2 0.864351851852 0.359635416667 0.269444444444 0.158854166667
2 0.604166666667 0.461979166667 0.250925925926 0.125
2 0.863425925926 0.486197916667 0.271296296296 0.1578125
2 0.560185185185 0.694010416667 0.27037037037 0.1515625
2 0.766666666667 0.75390625 0.333333333333 0.1921875
2 0.955092592593 0.854427083333 0.087962962963 0.1109375
2 0.956018518519 0.715885416667 0.0861111111111 0.158854166667
2 0.515740740741 0.884375 0.238888888889 0.198958333333
2 0.753703703704 0.9296875 0.294444444444 0.139583333333
2 0.493981481481 0.96796875 0.212037037037 0.0630208333333
