1 0.0240740740741 0.173697916667 0.05 0.106770833333
1 0.0685185185185 0.171614583333 0.0759259259259 0.108854166667
1 0.136111111111 0.174479166667 0.0851851851852 0.103125
1 0.202314814815 0.174479166667 0.0805555555556 0.101041666667
1 0.27037037037 0.175 0.0722222222222 0.104166666667
1 0.337962962963 0.175520833333 0.0722222222222 0.105208333333
1 0.407407407407 0.173958333333 0.0722222222222 0.102083333333
1 0.472685185185 0.172135416667 0.062037037037 0.1078125
1 0.529166666667 0.173697916667 0.0768518518519 0.106770833333
1 0.583796296296 0.17734375 0.0583333333333 0.0973958333333
1 0.64537037037 0.171614583333 0.0703703703704 0.108854166667
1 0.700925925926 0.175520833333 0.0574074074074 0.0958333333333
1 0.752314814815 0.176041666667 0.062037037037 0.0947916666667
1 0.818518518519 0.17734375 0.0537037037037 0.0953125
1 0.876851851852 0.162760416667 0.0722222222222 0.119270833333
1 0.943518518519 0.16796875 0.0666666666667 0.1046875
1 0.0282407407407 0.553645833333 0.0583333333333 0.125
1 0.0912037037037 0.558854166667 0.0842592592593 0.135416666667
1 0.199074074074 0.55234375 0.0611111111111 0.1390625
1 0.237962962963 0.566145833333 0.0740740740741 0.136458333333
1 0.312962962963 0.5625 0.0685185185185 0.132291666667
1 0.364814814815 0.555989583333 0.0685185185185 0.1296875
1 0.461574074074 0.551822916667 0.0805555555556 0.1421875
1 0.533333333333 0.5515625 0.0685185185185 0.142708333333
1 0.587962962963 0.54296875 0.05 0.131770833333
1 0.641203703704 0.54765625 0.075 0.1390625
1 0.702777777778 0.544010416667 0.0703703703704 0.136979166667
1 0.748148148148 0.530208333333 0.0537037037037 0.115625
1 0.797685185185 0.528385416667 0.062037037037 0.1171875
1 0.848611111111 0.527083333333 0.0472222222222 0.125
1 0.887037037037 0.543229166667 0.0759259259259 0.134375
1 0.971296296296 0.544791666667 0.0555555555556 0.142708333333
1 0.0402777777778 0.738541666667 0.0824074074074 0.134375
1 0.118518518519 0.742708333333 0.0740740740741 0.13125
1 0.217592592593 0.707552083333 0.0981481481481 0.0880208333333
1 0.296759259259 0.7015625 0.0768518518519 0.071875
1 0.389351851852 0.729427083333 0.0638888888889 0.125520833333
1 0.462962962963 0.747916666667 0.0685185185185 0.134375
1 0.520833333333 0.744270833333 0.0675925925926 0.125
1 0.56712962963 0.737239583333 0.0453703703704 0.118229166667
1 0.624074074074 0.72421875 0.0592592592593 0.1265625
1 0.679166666667 0.726041666667 0.0601851851852 0.122916666667
1 0.735648148148 0.736458333333 0.062037037037 0.132291666667
1 0.8125 0.73359375 0.0861111111111 0.140104166667
1 0.880092592593 0.733333333333 0.075 0.133333333333
1 0.948611111111 0.731510416667 0.0601851851852 0.1296875
1 0.98287037037 0.735677083333 0.0324074074074 0.130729166667
1 0.0643518518519 0.865364583333 0.0768518518519 0.0661458333333
1 0.119907407407 0.872395833333 0.0638888888889 0.0822916666667
1 0.185185185185 0.876302083333 0.0518518518519 0.0765625
1 0.200925925926 0.9515625 0.062962962963 0.0927083333333
1 0.260185185185 0.954166666667 0.0555555555556 0.090625
1 0.31712962963 0.953125 0.0601851851852 0.0916666666667
1 0.384259259259 0.955729166667 0.0740740740741 0.0875
1 0.455092592593 0.9 0.100925925926 0.13125
1 0.540740740741 0.902864583333 0.0907407407407 0.1390625
1 0.630092592593 0.903385416667 0.0972222222222 0.138020833333
1 0.725925925926 0.903645833333 0.0981481481481 0.135416666667
1 0.814351851852 0.871875 0.0787037037037 0.0697916666667
1 0.889814814815 0.884375 0.107407407407 0.1
1 0.969444444444 0.86640625 0.0592592592593 0.0567708333333
