1 0.218981481481 0.078125 0.134259259259 0.130208333333
1 0.340277777778 0.0890625 0.132407407407 0.139583333333
1 0.463888888889 0.0864583333333 0.114814814815 0.127083333333
1 0.647222222222 0.0927083333333 0.118518518519 0.146875
1 0.749074074074 0.102083333333 0.111111111111 0.1375
1 0.832407407407 0.10546875 0.0925925925926 0.144270833333
1 0.931481481481 0.107291666667 0.0925925925926 0.123958333333
1 0.907407407407 0.307291666667 0.131481481481 0.186458333333
1 0.829166666667 0.296354166667 0.0972222222222 0.179166666667
1 0.730555555556 0.296614583333 0.111111111111 0.1828125
1 0.633333333333 0.315625 0.101851851852 0.130208333333
1 0.522685185185 0.312239583333 0.108333333333 0.1203125
1 0.414814814815 0.312239583333 0.127777777778 0.116145833333
1 0.32037037037 0.233333333333 0.105555555556 0.101041666667
1 0.218055555556 0.221875 0.117592592593 0.0958333333333
1 0.129166666667 0.216666666667 0.0990740740741 0.0927083333333
1 0.290740740741 0.319010416667 0.0962962962963 0.0921875
1 0.219907407407 0.311458333333 0.0898148148148 0.090625
1 0.133333333333 0.301822916667 0.133333333333 0.0786458333333
1 0.931481481481 0.496354166667 0.127777777778 0.172916666667
1 0.846759259259 0.494010416667 0.0953703703704 0.168229166667
1 0.772222222222 0.4890625 0.114814814815 0.158333333333
1 0.54537037037 0.4828125 0.111111111111 0.175
1 0.450462962963 0.4859375 0.0916666666667 0.172916666667
1 0.372685185185 0.4765625 0.102777777778 0.166666666667
1 0.283333333333 0.472135416667 0.105555555556 0.171354166667
1 0.196759259259 0.47109375 0.0935185185185 0.1703125
1 0.106944444444 0.497916666667 0.117592592593 0.113541666667
1 0.113888888889 0.653125 0.103703703704 0.144791666667
1 0.196759259259 0.653385416667 0.0990740740741 0.149479166667
1 0.275462962963 0.656770833333 0.0842592592593 0.15
1 0.365740740741 0.66484375 0.107407407407 0.147395833333
1 0.440277777778 0.671354166667 0.0990740740741 0.147916666667
1 0.519444444444 0.677083333333 0.107407407407 0.161458333333
1 0.58287037037 0.680208333333 0.0990740740741 0.147916666667
1 0.659722222222 0.684635416667 0.10462962963 0.146354166667
1 0.732407407407 0.68125 0.101851851852 0.153125
1 0.803240740741 0.692447916667 0.0953703703704 0.1546875
1 0.877314814815 0.68984375 0.108333333333 0.146354166667
1 0.951388888889 0.700520833333 0.0953703703704 0.15625
1 0.921296296296 0.859895833333 0.103703703704 0.139583333333
1 0.831481481481 0.858333333333 0.101851851852 0.132291666667
1 0.758333333333 0.852083333333 0.103703703704 0.136458333333
1 0.662962962963 0.848697916667 0.0981481481481 0.133854166667
1 0.583333333333 0.841927083333 0.0907407407407 0.1265625
1 0.500462962963 0.83671875 0.0898148148148 0.1265625
1 0.427777777778 0.833854166667 0.0833333333333 0.13125
1 0.35 0.833333333333 0.0944444444444 0.130208333333
1 0.275925925926 0.836458333333 0.0833333333333 0.126041666667
1 0.208333333333 0.830729166667 0.0851851851852 0.135416666667
1 0.142592592593 0.825260416667 0.101851851852 0.1359375
1 0.0509259259259 0.823697916667 0.0962962962963 0.131770833333
1 0.571296296296 0.112239583333 0.124074074074 0.0973958333333
1 0.0453703703704 0.299479166667 0.0925925925926 0.0958333333333
1 0.0476851851852 0.201041666667 0.0972222222222 0.0958333333333
1 0.617592592593 0.4890625 0.118518518519 0.165625
