0 0.193981481481 0.0994791666667 0.15462962963 0.18125
0 0.313888888889 0.1 0.12962962963 0.194791666667
0 0.44537037037 0.102864583333 0.144444444444 0.190104166667
0 0.581018518519 0.101302083333 0.169444444444 0.1984375
0 0.71712962963 0.109895833333 0.163888888889 0.202083333333
0 0.861111111111 0.104427083333 0.172222222222 0.2078125
0 0.587962962963 0.363020833333 0.125925925926 0.172916666667
0 0.469907407407 0.356510416667 0.126851851852 0.1671875
0 0.343518518519 0.352083333333 0.133333333333 0.186458333333
0 0.23287037037 0.344270833333 0.143518518519 0.170833333333
0 0.120833333333 0.345572916667 0.15462962963 0.177604166667
0 0.191666666667 0.553645833333 0.114814814815 0.14375
0 0.309259259259 0.561458333333 0.101851851852 0.142708333333
0 0.413888888889 0.566145833333 0.12962962963 0.145833333333
0 0.510648148148 0.570052083333 0.119444444444 0.155729166667
0 0.719444444444 0.584635416667 0.114814814815 0.153645833333
0 0.828240740741 0.585416666667 0.147222222222 0.155208333333
0 0.97037037037 0.140885416667 0.0574074074074 0.1515625
0 0.0416666666667 0.337239583333 0.0851851851852 0.171354166667
0 0.710185185185 0.37109375 0.142592592593 0.1796875
0 0.835648148148 0.372395833333 0.171296296296 0.172916666667
0 0.939814814815 0.376302083333 0.118518518519 0.1921875
0 0.0300925925926 0.54453125 0.062037037037 0.138020833333
0 0.108796296296 0.5390625 0.0990740740741 0.1375
0 0.613425925926 0.572135416667 0.10462962963 0.161979166667
0 0.952777777778 0.602083333333 0.0925925925926 0.14375
0 0.0847222222222 0.7328125 0.100925925926 0.0604166666667
0 0.542592592593 0.76171875 0.111111111111 0.0630208333333
0 0.103240740741 0.921354166667 0.100925925926 0.0489583333333
0 0.547222222222 0.9609375 0.0888888888889 0.0489583333333
0 0.0569444444444 0.096875 0.115740740741 0.186458333333
