4 0.141666666667 0.0473958333333 0.285185185185 0.0958333333333
4 0.388425925926 0.0544270833333 0.193518518519 0.109895833333
4 0.578703703704 0.0622395833333 0.201851851852 0.125520833333
4 0.771296296296 0.0846354166667 0.201851851852 0.0848958333333
4 0.936574074074 0.08359375 0.125 0.106770833333
4 0.037962962963 0.22578125 0.0777777777778 0.143229166667
4 0.184259259259 0.226302083333 0.2 0.166145833333
4 0.375462962963 0.234895833333 0.176851851852 0.161458333333
4 0.966203703704 0.26796875 0.0657407407407 0.108854166667
4 0.861574074074 0.254427083333 0.119444444444 0.1359375
4 0.721759259259 0.245833333333 0.165740740741 0.155208333333
4 0.550925925926 0.238541666667 0.174074074074 0.148958333333
4 0.141666666667 0.377083333333 0.285185185185 0.0458333333333
4 0.143981481481 0.4484375 0.289814814815 0.110416666667
4 0.372685185185 0.437239583333 0.158333333333 0.134895833333
4 0.528240740741 0.429427083333 0.163888888889 0.1359375
4 0.143981481481 0.615625 0.289814814815 0.0947916666667
4 0.373611111111 0.61875 0.134259259259 0.0864583333333
4 0.502777777778 0.6265625 0.125925925926 0.078125
4 0.661574074074 0.61796875 0.137962962963 0.0828125
4 0.771759259259 0.61875 0.0916666666667 0.071875
4 0.848611111111 0.605989583333 0.115740740741 0.0828125
4 0.952314814815 0.598958333333 0.0935185185185 0.122916666667
4 0.17037037037 0.72265625 0.32037037037 0.0494791666667
4 0.166203703704 0.78671875 0.308333333333 0.0838541666667
4 0.428703703704 0.74609375 0.224074074074 0.100520833333
4 0.625462962963 0.746614583333 0.223148148148 0.0921875
4 0.83287037037 0.732291666667 0.197222222222 0.0729166666667
4 0.0972222222222 0.941927083333 0.196296296296 0.116145833333
4 0.221296296296 0.94140625 0.172222222222 0.1171875
4 0.413888888889 0.929427083333 0.205555555556 0.141145833333
4 0.619444444444 0.930729166667 0.209259259259 0.138541666667
4 0.821296296296 0.93203125 0.216666666667 0.1359375
4 0.95 0.902604166667 0.0981481481481 0.10625
4 0.808796296296 0.40078125 0.132407407407 0.0557291666667
4 0.856018518519 0.463802083333 0.189814814815 0.0765625
4 0.679166666667 0.437760416667 0.149074074074 0.124479166667
