1 0.178240740741 0.164583333333 0.0861111111111 0.0958333333333
1 0.1875 0.253125 0.0935185185185 0.078125
1 0.263425925926 0.163802083333 0.0898148148148 0.0942708333333
1 0.266203703704 0.2515625 0.0768518518519 0.0854166666667
1 0.341666666667 0.253125 0.0740740740741 0.0885416666667
1 0.332407407407 0.161979166667 0.0925925925926 0.0979166666667
1 0.418981481481 0.161979166667 0.0805555555556 0.101041666667
1 0.422222222222 0.250520833333 0.0740740740741 0.090625
1 0.488425925926 0.23828125 0.113888888889 0.0973958333333
1 0.58287037037 0.254166666667 0.0805555555556 0.101041666667
1 0.70462962963 0.16015625 0.0962962962963 0.0901041666667
1 0.7 0.253125 0.087037037037 0.10625
1 0.957407407407 0.215885416667 0.0833333333333 0.1671875
1 0.0472222222222 0.419010416667 0.0962962962963 0.0973958333333
1 0.118518518519 0.3953125 0.0833333333333 0.163541666667
1 0.187037037037 0.405208333333 0.0759259259259 0.146875
1 0.25462962963 0.387239583333 0.0851851851852 0.190104166667
1 0.326388888889 0.394791666667 0.0861111111111 0.153125
1 0.411574074074 0.39375 0.108333333333 0.155208333333
1 0.571759259259 0.40234375 0.0898148148148 0.121354166667
1 0.65462962963 0.401302083333 0.0925925925926 0.125520833333
1 0.726851851852 0.404427083333 0.0962962962963 0.108854166667
1 0.8 0.405729166667 0.0833333333333 0.132291666667
1 0.876851851852 0.405208333333 0.0925925925926 0.122916666667
1 0.94537037037 0.398958333333 0.0962962962963 0.130208333333
1 0.918981481481 0.552604166667 0.0861111111111 0.125
1 0.841666666667 0.56640625 0.105555555556 0.118229166667
1 0.768981481481 0.56484375 0.0712962962963 0.128645833333
1 0.698611111111 0.567447916667 0.0712962962963 0.1203125
1 0.636574074074 0.564583333333 0.0953703703704 0.121875
1 0.56712962963 0.5578125 0.0861111111111 0.125
1 0.483796296296 0.5578125 0.0805555555556 0.11875
1 0.358796296296 0.5578125 0.0824074074074 0.139583333333
1 0.283333333333 0.558072916667 0.0907407407407 0.1359375
1 0.218981481481 0.551041666667 0.0787037037037 0.132291666667
1 0.151851851852 0.553645833333 0.0962962962963 0.127083333333
1 0.0518518518519 0.715885416667 0.087037037037 0.146354166667
1 0.122685185185 0.712239583333 0.0675925925926 0.146354166667
1 0.178240740741 0.732291666667 0.075 0.123958333333
1 0.291666666667 0.732291666667 0.0777777777778 0.123958333333
1 0.422222222222 0.7296875 0.0740740740741 0.125
1 0.493055555556 0.733854166667 0.0861111111111 0.116666666667
1 0.568981481481 0.727083333333 0.0712962962963 0.134375
1 0.616203703704 0.732291666667 0.0805555555556 0.130208333333
1 0.676388888889 0.733854166667 0.0601851851852 0.125
1 0.739814814815 0.7328125 0.0740740740741 0.135416666667
1 0.811111111111 0.7359375 0.0685185185185 0.122916666667
1 0.917592592593 0.712239583333 0.0962962962963 0.1359375
1 0.172222222222 0.89296875 0.111111111111 0.183854166667
1 0.275462962963 0.90078125 0.0898148148148 0.172395833333
1 0.0976851851852 0.883333333333 0.0787037037037 0.165625
1 0.0731481481481 0.165104166667 0.0907407407407 0.0802083333333
1 0.106018518519 0.244010416667 0.0787037037037 0.0869791666667
1 0.0421296296296 0.24453125 0.0787037037037 0.0765625
1 0.506481481481 0.405989583333 0.0888888888889 0.119270833333
1 0.0425925925926 0.551041666667 0.0666666666667 0.115625
1 0.0962962962963 0.55078125 0.0740740740741 0.109895833333
1 0.369444444444 0.708072916667 0.0740740740741 0.119270833333
1 0.938888888889 0.894791666667 0.109259259259 0.109375
1 0.0282407407407 0.904947916667 0.0583333333333 0.1515625
