0 0.131944444444 0.0677083333333 0.221296296296 0.136458333333
0 0.444444444444 0.059375 0.237037037037 0.119791666667
0 0.836574074074 0.0565104166667 0.287962962963 0.1140625
0 0.14537037037 0.188802083333 0.211111111111 0.116145833333
0 0.439814814815 0.187239583333 0.251851851852 0.128645833333
0 0.809259259259 0.183333333333 0.281481481481 0.136458333333
0 0.0726851851852 0.344010416667 0.0805555555556 0.0880208333333
0 0.153703703704 0.340625 0.0944444444444 0.071875
0 0.246296296296 0.343489583333 0.107407407407 0.0848958333333
0 0.338888888889 0.345833333333 0.107407407407 0.0822916666667
0 0.439814814815 0.347395833333 0.107407407407 0.090625
0 0.54537037037 0.351041666667 0.125925925926 0.08125
0 0.665277777778 0.37421875 0.117592592593 0.118229166667
0 0.784259259259 0.376822916667 0.12962962963 0.115104166667
0 0.902777777778 0.375520833333 0.127777777778 0.1125
0 0.0824074074074 0.446354166667 0.105555555556 0.0895833333333
0 0.177314814815 0.447395833333 0.100925925926 0.0916666666667
0 0.259259259259 0.452083333333 0.109259259259 0.0916666666667
0 0.355092592593 0.45390625 0.102777777778 0.0953125
0 0.45787037037 0.458072916667 0.115740740741 0.0869791666667
0 0.548611111111 0.46484375 0.112037037037 0.0869791666667
0 0.653703703704 0.484635416667 0.124074074074 0.115104166667
0 0.752314814815 0.485677083333 0.123148148148 0.109895833333
0 0.877777777778 0.490885416667 0.140740740741 0.1203125
0 0.0467592592593 0.634375 0.0953703703704 0.132291666667
0 0.125925925926 0.641927083333 0.0888888888889 0.1453125
0 0.196759259259 0.647135416667 0.0916666666667 0.136979166667
0 0.263888888889 0.6609375 0.1 0.145833333333
0 0.347685185185 0.66953125 0.0972222222222 0.128645833333
0 0.435648148148 0.673697916667 0.112037037037 0.125520833333
0 0.525925925926 0.68828125 0.111111111111 0.1328125
0 0.629166666667 0.7 0.119444444444 0.154166666667
0 0.737962962963 0.704947916667 0.107407407407 0.1578125
0 0.838888888889 0.723177083333 0.131481481481 0.1609375
0 0.0518518518519 0.793489583333 0.105555555556 0.109895833333
0 0.273148148148 0.822916666667 0.0740740740741 0.111458333333
0 0.352314814815 0.835677083333 0.117592592593 0.116145833333
0 0.431481481481 0.847916666667 0.0833333333333 0.1125
0 0.529166666667 0.86484375 0.117592592593 0.1203125
0 0.617592592593 0.876302083333 0.12962962963 0.1140625
0 0.722685185185 0.890104166667 0.117592592593 0.111458333333
0 0.81712962963 0.903645833333 0.113888888889 0.123958333333
0 0.926388888889 0.926302083333 0.121296296296 0.118229166667
