1 0.0560185185185 0.147395833333 0.113888888889 0.0927083333333
1 0.127777777778 0.152864583333 0.0759259259259 0.0859375
1 0.188425925926 0.153645833333 0.0824074074074 0.0895833333333
1 0.237037037037 0.162760416667 0.0685185185185 0.0776041666667
1 0.290277777778 0.119791666667 0.0805555555556 0.0708333333333
1 0.293518518519 0.16796875 0.0703703703704 0.0578125
1 0.465277777778 0.1640625 0.0842592592593 0.06875
1 0.600925925926 0.106770833333 0.0851851851852 0.071875
1 0.674074074074 0.105989583333 0.0740740740741 0.0640625
1 0.734722222222 0.106510416667 0.0805555555556 0.0671875
1 0.818518518519 0.109114583333 0.0907407407407 0.0671875
1 0.891203703704 0.10546875 0.0731481481481 0.0651041666667
1 0.949537037037 0.102083333333 0.0787037037037 0.0697916666667
1 0.528240740741 0.166666666667 0.0824074074074 0.071875
1 0.602314814815 0.16640625 0.0787037037037 0.0640625
1 0.669907407407 0.166145833333 0.0787037037037 0.0614583333333
1 0.740277777778 0.166666666667 0.0824074074074 0.0697916666667
1 0.816203703704 0.16796875 0.0657407407407 0.0630208333333
1 0.889351851852 0.16875 0.0638888888889 0.0614583333333
1 0.933333333333 0.166145833333 0.0703703703704 0.0614583333333
1 0.0972222222222 0.33046875 0.0722222222222 0.0848958333333
1 0.150462962963 0.329947916667 0.0731481481481 0.0859375
1 0.214351851852 0.332552083333 0.0731481481481 0.0859375
1 0.3 0.328385416667 0.087037037037 0.0848958333333
1 0.363425925926 0.3265625 0.0824074074074 0.0927083333333
1 0.423148148148 0.327864583333 0.0777777777778 0.0953125
1 0.480555555556 0.323697916667 0.0703703703704 0.0848958333333
1 0.552777777778 0.327083333333 0.087037037037 0.0989583333333
1 0.694907407407 0.325260416667 0.0787037037037 0.0953125
1 0.768055555556 0.315104166667 0.0805555555556 0.127083333333
1 0.845833333333 0.315104166667 0.0768518518519 0.120833333333
1 0.911574074074 0.322135416667 0.0768518518519 0.106770833333
1 0.97037037037 0.32421875 0.0574074074074 0.1109375
1 0.0199074074074 0.501822916667 0.0416666666667 0.105729166667
1 0.0662037037037 0.505208333333 0.0935185185185 0.103125
1 0.118518518519 0.496354166667 0.0740740740741 0.103125
1 0.15787037037 0.49140625 0.0657407407407 0.0984375
1 0.216666666667 0.490364583333 0.0888888888889 0.0984375
1 0.292592592593 0.503645833333 0.0851851851852 0.102083333333
1 0.34212962963 0.483333333333 0.0638888888889 0.103125
1 0.37962962963 0.493229166667 0.0703703703704 0.109375
1 0.433333333333 0.499739583333 0.0740740740741 0.105729166667
1 0.487037037037 0.495572916667 0.0703703703704 0.1015625
1 0.546296296296 0.4984375 0.0703703703704 0.108333333333
1 0.609259259259 0.495572916667 0.0722222222222 0.1046875
1 0.650462962963 0.50546875 0.0805555555556 0.1078125
1 0.7 0.49609375 0.0685185185185 0.1078125
1 0.750462962963 0.476302083333 0.0583333333333 0.0869791666667
1 0.797685185185 0.488020833333 0.062037037037 0.101041666667
1 0.855092592593 0.496875 0.0787037037037 0.113541666667
1 0.936574074074 0.506510416667 0.0768518518519 0.109895833333
1 0.0300925925926 0.662760416667 0.062037037037 0.109895833333
1 0.0819444444444 0.668489583333 0.0787037037037 0.109895833333
1 0.131018518519 0.674739583333 0.0824074074074 0.118229166667
1 0.203240740741 0.675 0.0898148148148 0.127083333333
1 0.269907407407 0.676302083333 0.0842592592593 0.106770833333
1 0.323611111111 0.656510416667 0.0638888888889 0.0953125
1 0.381018518519 0.65625 0.0842592592593 0.0927083333333
1 0.447685185185 0.677604166667 0.0953703703704 0.1125
1 0.491203703704 0.659895833333 0.0583333333333 0.0854166666667
1 0.539351851852 0.657552083333 0.0731481481481 0.0994791666667
1 0.585185185185 0.675 0.0722222222222 0.102083333333
1 0.65787037037 0.653645833333 0.075 0.101041666667
1 0.706018518519 0.654166666667 0.0731481481481 0.102083333333
1 0.763425925926 0.673958333333 0.0768518518519 0.111458333333
1 0.821296296296 0.669270833333 0.0648148148148 0.102083333333
1 0.860185185185 0.656510416667 0.0518518518519 0.0973958333333
1 0.902314814815 0.65 0.0583333333333 0.0989583333333
1 0.960185185185 0.658072916667 0.062962962963 0.105729166667
1 0.977314814815 0.6703125 0.0435185185185 0.10625
1 0.132407407407 0.846875 0.0888888888889 0.13125
1 0.198611111111 0.824739583333 0.0824074074074 0.128645833333
1 0.256481481481 0.816145833333 0.062962962963 0.122916666667
1 0.306018518519 0.83515625 0.0787037037037 0.1359375
1 0.3875 0.817447916667 0.0675925925926 0.133854166667
1 0.449074074074 0.82890625 0.0851851851852 0.1484375
1 0.529166666667 0.833333333333 0.0768518518519 0.155208333333
1 0.599074074074 0.823177083333 0.0814814814815 0.141145833333
