1 0.0300925925926 0.196354166667 0.062037037037 0.101041666667
1 0.0837962962963 0.19765625 0.0824074074074 0.0984375
1 0.156944444444 0.197395833333 0.0768518518519 0.103125
1 0.22037037037 0.19453125 0.0851851851852 0.0994791666667
1 0.28287037037 0.195052083333 0.0787037037037 0.0963541666667
1 0.32962962963 0.19921875 0.0722222222222 0.0953125
1 0.376851851852 0.197395833333 0.0648148148148 0.0916666666667
1 0.443981481481 0.196354166667 0.0787037037037 0.0958333333333
1 0.493981481481 0.18984375 0.0564814814815 0.0953125
1 0.537962962963 0.1875 0.0703703703704 0.102083333333
1 0.607407407407 0.187760416667 0.0722222222222 0.106770833333
1 0.664814814815 0.187760416667 0.0759259259259 0.1046875
1 0.715277777778 0.193489583333 0.0546296296296 0.0932291666667
1 0.766666666667 0.194010416667 0.0666666666667 0.0963541666667
1 0.871759259259 0.1859375 0.075 0.103125
1 0.975462962963 0.1859375 0.0472222222222 0.09375
1 0.0212962962963 0.5734375 0.0444444444444 0.120833333333
1 0.106481481481 0.555208333333 0.0703703703704 0.105208333333
1 0.182407407407 0.565104166667 0.0777777777778 0.134375
1 0.286574074074 0.5796875 0.0842592592593 0.146875
1 0.359259259259 0.580729166667 0.0703703703704 0.142708333333
1 0.45 0.58046875 0.087037037037 0.149479166667
1 0.514814814815 0.571875 0.0685185185185 0.141666666667
1 0.567592592593 0.576041666667 0.0777777777778 0.144791666667
1 0.630092592593 0.577864583333 0.0805555555556 0.1484375
1 0.701851851852 0.577864583333 0.0888888888889 0.1484375
1 0.0393518518519 0.759895833333 0.0805555555556 0.135416666667
1 0.106018518519 0.765885416667 0.0953703703704 0.138020833333
1 0.186574074074 0.763541666667 0.0990740740741 0.13125
1 0.250462962963 0.758854166667 0.0657407407407 0.126041666667
1 0.306944444444 0.762760416667 0.0805555555556 0.127604166667
1 0.371759259259 0.763020833333 0.0824074074074 0.127083333333
1 0.439814814815 0.758072916667 0.087037037037 0.1390625
1 0.531018518519 0.76875 0.0972222222222 0.14375
1 0.604166666667 0.759895833333 0.0861111111111 0.135416666667
1 0.676851851852 0.76875 0.0888888888889 0.141666666667
1 0.759259259259 0.77109375 0.105555555556 0.146354166667
1 0.0546296296296 0.933854166667 0.111111111111 0.13125
1 0.163888888889 0.897916666667 0.0944444444444 0.059375
1 0.272222222222 0.916145833333 0.109259259259 0.101041666667
1 0.400462962963 0.901041666667 0.0824074074074 0.0708333333333
1 0.490277777778 0.908072916667 0.0972222222222 0.0848958333333
1 0.618518518519 0.935416666667 0.12037037037 0.128125
4 0.89212962963 0.9140625 0.119444444444 0.103125
1 0.976388888889 0.912239583333 0.0453703703704 0.0973958333333
4 0.856018518519 0.749479166667 0.0805555555556 0.144791666667
4 0.922222222222 0.736458333333 0.101851851852 0.14375
1 0.943055555556 0.674479166667 0.100925925926 0.154166666667
