4 0.164351851852 0.11015625 0.189814814815 0.141145833333
4 0.392592592593 0.108072916667 0.231481481481 0.1578125
4 0.598148148148 0.149739583333 0.168518518519 0.0671875
4 0.781944444444 0.14921875 0.193518518519 0.0921875
4 0.942592592593 0.119270833333 0.112962962963 0.148958333333
4 0.0337962962963 0.289322916667 0.0694444444444 0.108854166667
4 0.162037037037 0.29609375 0.188888888889 0.109895833333
4 0.378703703704 0.3 0.22962962963 0.104166666667
4 0.591666666667 0.295572916667 0.205555555556 0.108854166667
4 0.798148148148 0.2953125 0.2 0.10625
4 0.943981481481 0.299479166667 0.110185185185 0.103125
4 0.0865740740741 0.452083333333 0.175 0.0885416666667
4 0.244907407407 0.44765625 0.163888888889 0.0921875
4 0.387962962963 0.447916666667 0.144444444444 0.0947916666667
4 0.523148148148 0.447916666667 0.144444444444 0.0947916666667
4 0.667592592593 0.44375 0.155555555556 0.0864583333333
4 0.808796296296 0.44453125 0.123148148148 0.0848958333333
4 0.932407407407 0.44375 0.133333333333 0.090625
4 0.0740740740741 0.587239583333 0.15 0.0796875
4 0.15787037037 0.583854166667 0.0916666666667 0.0729166666667
4 0.264814814815 0.586458333333 0.140740740741 0.0791666666667
4 0.399537037037 0.585416666667 0.15462962963 0.0760416666667
4 0.543518518519 0.581770833333 0.142592592593 0.08125
4 0.698148148148 0.58125 0.140740740741 0.078125
4 0.825462962963 0.576302083333 0.136111111111 0.0682291666667
4 0.938888888889 0.57890625 0.12037037037 0.0796875
4 0.0944444444444 0.71875 0.162962962963 0.0833333333333
4 0.247222222222 0.714583333333 0.172222222222 0.0822916666667
4 0.390740740741 0.707291666667 0.138888888889 0.078125
4 0.520833333333 0.70703125 0.136111111111 0.0838541666667
4 0.6625 0.703645833333 0.132407407407 0.078125
4 0.788425925926 0.695052083333 0.130555555556 0.0671875
4 0.922685185185 0.695572916667 0.152777777778 0.0755208333333
4 0.0782407407407 0.830989583333 0.158333333333 0.0828125
4 0.23287037037 0.838802083333 0.178703703704 0.1078125
4 0.399537037037 0.837239583333 0.167592592593 0.105729166667
4 0.550462962963 0.820572916667 0.158333333333 0.0901041666667
4 0.7125 0.8234375 0.160185185185 0.101041666667
4 0.861111111111 0.8125 0.17037037037 0.0958333333333
