6 0.488888888889 0.797916666667 0.203703703704 0.0614583333333
6 0.485648148148 0.841145833333 0.189814814815 0.0458333333333
6 0.491203703704 0.88046875 0.178703703704 0.0505208333333
6 0.500925925926 0.91875 0.155555555556 0.0458333333333
6 0.678703703704 0.934895833333 0.185185185185 0.0614583333333
6 0.785648148148 0.585677083333 0.0601851851852 0.108854166667
6 0.841666666667 0.615885416667 0.087037037037 0.1203125
6 0.89537037037 0.6234375 0.0814814814815 0.127083333333
6 0.841666666667 0.449739583333 0.0537037037037 0.0932291666667
6 0.90462962963 0.46171875 0.0666666666667 0.0911458333333
6 0.96712962963 0.462239583333 0.0638888888889 0.0921875
6 0.0657407407407 0.28515625 0.124074074074 0.0765625
6 0.186111111111 0.283072916667 0.111111111111 0.0744791666667
6 0.306944444444 0.282291666667 0.0861111111111 0.0708333333333
6 0.4 0.285677083333 0.0944444444444 0.0755208333333
6 0.511111111111 0.287760416667 0.0962962962963 0.0765625
6 0.622222222222 0.285416666667 0.107407407407 0.08125
6 0.736574074074 0.285416666667 0.102777777778 0.0791666666667
6 0.878240740741 0.283333333333 0.106481481481 0.0802083333333
6 0.263888888889 0.397395833333 0.155555555556 0.0625
6 0.502777777778 0.387239583333 0.135185185185 0.0661458333333
6 0.649074074074 0.454166666667 0.138888888889 0.0625
6 0.437962962963 0.44375 0.111111111111 0.0645833333333
6 0.526851851852 0.4484375 0.0814814814815 0.0677083333333
6 0.3 0.462760416667 0.0962962962963 0.0671875
6 0.202314814815 0.452083333333 0.113888888889 0.0770833333333
6 0.0787037037037 0.45625 0.0981481481481 0.0635416666667
6 0.237037037037 0.577083333333 0.127777777778 0.0697916666667
6 0.513425925926 0.64375 0.113888888889 0.0645833333333
6 0.626388888889 0.633333333333 0.102777777778 0.0802083333333
6 0.722685185185 0.6359375 0.0916666666667 0.0708333333333
6 0.177777777778 0.62890625 0.111111111111 0.0734375
6 0.275925925926 0.629427083333 0.0962962962963 0.0692708333333
6 0.0578703703704 0.632291666667 0.106481481481 0.0729166666667
