4 0.0444444444444 0.197135416667 0.0907407407407 0.1171875
4 0.243518518519 0.197135416667 0.107407407407 0.1171875
4 0.4375 0.234895833333 0.206481481481 0.170833333333
4 0.669907407407 0.204427083333 0.210185185185 0.1484375
4 0.871296296296 0.213802083333 0.172222222222 0.141145833333
4 0.0666666666667 0.445572916667 0.135185185185 0.1328125
4 0.209722222222 0.41328125 0.149074074074 0.134895833333
4 0.418981481481 0.404947916667 0.191666666667 0.134895833333
4 0.650925925926 0.422135416667 0.181481481481 0.141145833333
4 0.805092592593 0.395052083333 0.147222222222 0.141145833333
4 0.958796296296 0.395572916667 0.0805555555556 0.140104166667
4 0.135648148148 0.586979166667 0.152777777778 0.120833333333
4 0.280555555556 0.57578125 0.135185185185 0.122395833333
4 0.445833333333 0.58515625 0.176851851852 0.141145833333
4 0.589814814815 0.555989583333 0.142592592593 0.134895833333
4 0.810648148148 0.591927083333 0.149074074074 0.1515625
4 0.961574074074 0.562239583333 0.075 0.134895833333
4 0.0560185185185 0.759895833333 0.113888888889 0.144791666667
4 0.153240740741 0.928645833333 0.223148148148 0.096875
4 0.178703703704 0.734635416667 0.142592592593 0.116145833333
4 0.298148148148 0.73359375 0.140740740741 0.1140625
4 0.464814814815 0.74609375 0.168518518519 0.124479166667
4 0.661574074074 0.731770833333 0.143518518519 0.136458333333
4 0.819907407407 0.722916666667 0.147222222222 0.120833333333
4 0.959722222222 0.72890625 0.0787037037037 0.1421875
4 0.954166666667 0.852604166667 0.0898148148148 0.135416666667
4 0.821296296296 0.891927083333 0.153703703704 0.127604166667
4 0.672222222222 0.861458333333 0.155555555556 0.119791666667
4 0.446759259259 0.91796875 0.14537037037 0.134895833333
