2 0.368518518519 0.0822916666667 0.287037037037 0.107291666667
2 0.368518518519 0.1875 0.272222222222 0.103125
2 0.706018518519 0.197916666667 0.221296296296 0.103125
2 0.698148148148 0.3796875 0.231481481481 0.127083333333
2 0.365277777778 0.392708333333 0.236111111111 0.101041666667
2 0.135185185185 0.403385416667 0.272222222222 0.115104166667
2 0.131944444444 0.615625 0.232407407407 0.117708333333
2 0.333796296296 0.584375 0.139814814815 0.0791666666667
2 0.571759259259 0.618489583333 0.250925925926 0.118229166667
2 0.784722222222 0.619270833333 0.225 0.127083333333
2 0.325925925926 0.753125 0.257407407407 0.0885416666667
2 0.366666666667 0.83203125 0.240740740741 0.0734375
2 0.137962962963 0.817708333333 0.185185185185 0.117708333333
2 0.766666666667 0.814322916667 0.22037037037 0.0901041666667
2 0.756944444444 0.743489583333 0.215740740741 0.0744791666667
2 0.914814814815 0.3890625 0.168518518519 0.130208333333
2 0.934259259259 0.196875 0.12962962963 0.102083333333
2 0.107407407407 0.08515625 0.216666666667 0.1171875
2 0.117592592593 0.193229166667 0.237037037037 0.102083333333
2 0.558796296296 0.795833333333 0.173148148148 0.103125
2 0.936111111111 0.756770833333 0.125925925926 0.0916666666667
2 0.931018518519 0.83515625 0.136111111111 0.0755208333333
2 0.941666666667 0.624739583333 0.114814814815 0.1265625
