5 0.0462962962963 0.147395833333 0.0944444444444 0.138541666667
5 0.130092592593 0.144791666667 0.10462962963 0.138541666667
5 0.231944444444 0.14609375 0.100925925926 0.1390625
5 0.328240740741 0.152604166667 0.0935185185185 0.122916666667
5 0.4125 0.15546875 0.0898148148148 0.109895833333
5 0.465740740741 0.156770833333 0.0611111111111 0.105208333333
5 0.520833333333 0.152604166667 0.0898148148148 0.109375
5 0.621296296296 0.153125 0.0833333333333 0.110416666667
5 0.688888888889 0.14921875 0.0796296296296 0.108854166667
5 0.749537037037 0.141927083333 0.0768518518519 0.116145833333
5 0.823148148148 0.136458333333 0.0814814814815 0.121875
5 0.903703703704 0.1265625 0.0814814814815 0.144791666667
5 0.966203703704 0.125520833333 0.0657407407407 0.148958333333
5 0.0560185185185 0.35546875 0.113888888889 0.165104166667
5 0.137037037037 0.352083333333 0.0666666666667 0.155208333333
5 0.190740740741 0.351302083333 0.0981481481481 0.156770833333
5 0.275 0.346614583333 0.0814814814815 0.156770833333
5 0.345833333333 0.34765625 0.087962962963 0.158854166667
5 0.398148148148 0.3484375 0.0777777777778 0.155208333333
5 0.473148148148 0.344270833333 0.0666666666667 0.146875
5 0.548148148148 0.342708333333 0.0944444444444 0.145833333333
5 0.619444444444 0.34140625 0.0666666666667 0.141145833333
5 0.673148148148 0.338802083333 0.0722222222222 0.141145833333
5 0.733333333333 0.338802083333 0.0833333333333 0.1484375
5 0.808796296296 0.343229166667 0.0768518518519 0.117708333333
5 0.884722222222 0.343229166667 0.0898148148148 0.128125
5 0.972685185185 0.32578125 0.0527777777778 0.152604166667
5 0.0560185185185 0.552604166667 0.10462962963 0.152083333333
5 0.146296296296 0.544791666667 0.107407407407 0.138541666667
5 0.206481481481 0.530989583333 0.062962962963 0.1328125
5 0.264814814815 0.53125 0.0777777777778 0.139583333333
5 0.334722222222 0.534635416667 0.0861111111111 0.149479166667
5 0.407407407407 0.535416666667 0.0833333333333 0.14375
5 0.465740740741 0.530729166667 0.0685185185185 0.138541666667
5 0.510185185185 0.520572916667 0.0555555555556 0.136979166667
5 0.55462962963 0.515104166667 0.0481481481481 0.129166666667
5 0.606481481481 0.519270833333 0.0703703703704 0.135416666667
5 0.658333333333 0.520572916667 0.0555555555556 0.136979166667
5 0.715277777778 0.526822916667 0.0768518518519 0.150520833333
5 0.771759259259 0.528385416667 0.062037037037 0.121354166667
5 0.852314814815 0.534114583333 0.087962962963 0.1265625
5 0.948148148148 0.51328125 0.101851851852 0.136979166667
5 0.099537037037 0.748177083333 0.200925925926 0.200520833333
5 0.231018518519 0.727083333333 0.178703703704 0.164583333333
5 0.351851851852 0.74140625 0.111111111111 0.191145833333
5 0.438425925926 0.734895833333 0.106481481481 0.1875
5 0.552314814815 0.740104166667 0.115740740741 0.201041666667
5 0.702777777778 0.702083333333 0.161111111111 0.121875
5 0.90787037037 0.735677083333 0.182407407407 0.193229166667
