0 0.705092592593 0.0408854166667 0.0916666666667 0.0828125
0 0.794444444444 0.0375 0.101851851852 0.0760416666667
0 0.690740740741 0.131510416667 0.0944444444444 0.109895833333
0 0.632407407407 0.136197916667 0.0888888888889 0.103645833333
0 0.776388888889 0.127604166667 0.0972222222222 0.113541666667
0 0.847222222222 0.119791666667 0.103703703704 0.133333333333
0 0.284259259259 0.32734375 0.0851851851852 0.0755208333333
0 0.40462962963 0.276302083333 0.062962962963 0.0963541666667
0 0.493981481481 0.285416666667 0.0935185185185 0.0989583333333
0 0.549537037037 0.2890625 0.0805555555556 0.101041666667
0 0.613425925926 0.295833333333 0.0842592592593 0.0916666666667
0 0.681018518519 0.295833333333 0.0972222222222 0.110416666667
0 0.740277777778 0.300520833333 0.0787037037037 0.108333333333
0 0.815277777778 0.307552083333 0.100925925926 0.1171875
0 0.429166666667 0.352083333333 0.0583333333333 0.0791666666667
0 0.503240740741 0.37578125 0.0657407407407 0.0734375
0 0.547685185185 0.378125 0.0731481481481 0.084375
0 0.600925925926 0.383072916667 0.0722222222222 0.0859375
0 0.668055555556 0.3953125 0.0787037037037 0.101041666667
0 0.799537037037 0.409375 0.0953703703704 0.101041666667
0 0.508796296296 0.4984375 0.0768518518519 0.0802083333333
0 0.574537037037 0.510677083333 0.0972222222222 0.0838541666667
0 0.485185185185 0.563802083333 0.0537037037037 0.0651041666667
0 0.534259259259 0.576041666667 0.0703703703704 0.0635416666667
0 0.590740740741 0.592708333333 0.0759259259259 0.0697916666667
0 0.656481481481 0.533333333333 0.0925925925926 0.0822916666667
0 0.701851851852 0.5390625 0.0722222222222 0.0802083333333
0 0.774074074074 0.555729166667 0.0925925925926 0.08125
0 0.653703703704 0.608854166667 0.0666666666667 0.0791666666667
0 0.701851851852 0.626822916667 0.0648148148148 0.0734375
0 0.770833333333 0.643489583333 0.0824074074074 0.0859375
0 0.487962962963 0.671354166667 0.0518518518519 0.090625
0 0.543518518519 0.689322916667 0.0925925925926 0.0942708333333
0 0.616666666667 0.72421875 0.0833333333333 0.0963541666667
0 0.677314814815 0.758854166667 0.0768518518519 0.101041666667
0 0.744907407407 0.783854166667 0.0805555555556 0.111458333333
0 0.561111111111 0.82734375 0.0574074074074 0.0869791666667
0 0.614814814815 0.865364583333 0.0703703703704 0.100520833333
0 0.668981481481 0.895833333333 0.0768518518519 0.090625
0 0.71712962963 0.911458333333 0.0787037037037 0.1125
0 0.480555555556 0.915625 0.0703703703704 0.102083333333
0 0.444907407407 0.891927083333 0.0638888888889 0.0848958333333
