0 0.205092592593 0.0869791666667 0.0583333333333 0.090625
0 0.256481481481 0.0864583333333 0.0666666666667 0.0916666666667
0 0.343981481481 0.08515625 0.0731481481481 0.0963541666667
0 0.405555555556 0.07890625 0.0685185185185 0.0994791666667
0 0.462037037037 0.0794270833333 0.087037037037 0.1078125
0 0.533333333333 0.07734375 0.0759259259259 0.1078125
0 0.598148148148 0.0731770833333 0.0907407407407 0.116145833333
0 0.25787037037 0.170833333333 0.0805555555556 0.0989583333333
0 0.199537037037 0.1765625 0.0601851851852 0.0822916666667
0 0.135185185185 0.09453125 0.0907407407407 0.0776041666667
0 0.124074074074 0.175520833333 0.0888888888889 0.078125
0 0.0268518518519 0.103645833333 0.0555555555556 0.0708333333333
0 0.0268518518519 0.173177083333 0.0555555555556 0.0682291666667
0 0.109259259259 0.286197916667 0.0555555555556 0.0692708333333
0 0.153240740741 0.289322916667 0.0416666666667 0.0765625
0 0.191666666667 0.29296875 0.0759259259259 0.0578125
0 0.330555555556 0.173177083333 0.062962962963 0.0963541666667
0 0.397685185185 0.176041666667 0.0768518518519 0.1
0 0.45 0.1796875 0.0703703703704 0.1
0 0.511111111111 0.175520833333 0.0722222222222 0.103125
0 0.569444444444 0.179427083333 0.0907407407407 0.106770833333
0 0.816203703704 0.361979166667 0.123148148148 0.121875
0 0.912962962963 0.37421875 0.12037037037 0.127604166667
0 0.768981481481 0.46796875 0.119444444444 0.118229166667
0 0.874537037037 0.481770833333 0.117592592593 0.125
0 0.95787037037 0.498958333333 0.0824074074074 0.111458333333
0 0.24537037037 0.384635416667 0.0759259259259 0.0557291666667
0 0.279166666667 0.310416666667 0.0546296296296 0.0604166666667
0 0.39212962963 0.407552083333 0.0657407407407 0.0515625
0 0.518981481481 0.421875 0.0842592592593 0.0916666666667
0 0.581944444444 0.41640625 0.0787037037037 0.0776041666667
0 0.0291666666667 0.48359375 0.0601851851852 0.0869791666667
0 0.0592592592593 0.491927083333 0.05 0.0880208333333
0 0.0958333333333 0.488541666667 0.0824074074074 0.0677083333333
0 0.147222222222 0.503645833333 0.0666666666667 0.0770833333333
0 0.505092592593 0.566666666667 0.0990740740741 0.0822916666667
0 0.580092592593 0.579427083333 0.0824074074074 0.100520833333
0 0.642592592593 0.591666666667 0.0722222222222 0.111458333333
0 0.715277777778 0.615885416667 0.0953703703704 0.1109375
0 0.816203703704 0.634895833333 0.112037037037 0.1125
0 0.869907407407 0.92890625 0.143518518519 0.130729166667
0 0.956944444444 0.9546875 0.0842592592593 0.0895833333333
0 0.484722222222 0.644270833333 0.0787037037037 0.0958333333333
0 0.553703703704 0.65859375 0.0722222222222 0.0973958333333
0 0.62037037037 0.684635416667 0.087037037037 0.0984375
0 0.766666666667 0.72890625 0.0944444444444 0.0963541666667
0 0.852314814815 0.751302083333 0.100925925926 0.1109375
0 0.547685185185 0.947135416667 0.0972222222222 0.1046875
0 0.275 0.698697916667 0.0833333333333 0.103645833333
0 0.339814814815 0.720052083333 0.0518518518519 0.0973958333333
0 0.200925925926 0.660416666667 0.0703703703704 0.0895833333333
