1 0.0416666666667 0.166145833333 0.0851851851852 0.0895833333333
1 0.134722222222 0.169791666667 0.0990740740741 0.0802083333333
1 0.219444444444 0.168489583333 0.0833333333333 0.0963541666667
1 0.296759259259 0.17109375 0.0935185185185 0.0869791666667
1 0.371759259259 0.171354166667 0.0916666666667 0.08125
1 0.662962962963 0.173697916667 0.0722222222222 0.0880208333333
1 0.912037037037 0.213541666667 0.0888888888889 0.142708333333
1 0.973611111111 0.212239583333 0.0509259259259 0.141145833333
1 0.0601851851852 0.245572916667 0.105555555556 0.0651041666667
1 0.153703703704 0.246354166667 0.087037037037 0.0708333333333
1 0.231018518519 0.245052083333 0.0972222222222 0.0755208333333
1 0.305092592593 0.245052083333 0.0805555555556 0.0682291666667
1 0.375462962963 0.246614583333 0.0787037037037 0.0765625
1 0.446759259259 0.243229166667 0.0805555555556 0.0791666666667
1 0.533333333333 0.245572916667 0.0851851851852 0.0723958333333
1 0.598148148148 0.247135416667 0.0574074074074 0.0755208333333
1 0.653703703704 0.248958333333 0.0574074074074 0.0739583333333
1 0.0824074074074 0.393229166667 0.0925925925926 0.133333333333
1 0.143518518519 0.3890625 0.087037037037 0.151041666667
1 0.213425925926 0.39609375 0.0953703703704 0.1390625
1 0.29212962963 0.393489583333 0.0805555555556 0.127604166667
1 0.358333333333 0.39609375 0.0851851851852 0.141145833333
1 0.468518518519 0.4046875 0.087037037037 0.121875
1 0.541666666667 0.405989583333 0.0685185185185 0.1171875
1 0.601388888889 0.406510416667 0.0768518518519 0.118229166667
1 0.674074074074 0.409114583333 0.0907407407407 0.1171875
1 0.748148148148 0.40703125 0.0833333333333 0.115104166667
1 0.822222222222 0.409375 0.0907407407407 0.114583333333
1 0.903703703704 0.3984375 0.0851851851852 0.132291666667
1 0.962037037037 0.404427083333 0.0740740740741 0.1296875
1 0.115740740741 0.558072916667 0.0796296296296 0.1203125
1 0.180555555556 0.55234375 0.0666666666667 0.118229166667
1 0.24212962963 0.55390625 0.0990740740741 0.119270833333
1 0.315277777778 0.55859375 0.0768518518519 0.1265625
1 0.3625 0.548177083333 0.0638888888889 0.121354166667
1 0.441666666667 0.5609375 0.0777777777778 0.105208333333
1 0.509722222222 0.555989583333 0.0861111111111 0.108854166667
1 0.591203703704 0.566927083333 0.087962962963 0.1078125
1 0.658333333333 0.56953125 0.0888888888889 0.1046875
1 0.730555555556 0.568489583333 0.0888888888889 0.1046875
1 0.789351851852 0.573958333333 0.0824074074074 0.105208333333
1 0.870833333333 0.549479166667 0.0805555555556 0.1125
1 0.025 0.72421875 0.0518518518519 0.1171875
1 0.0722222222222 0.722395833333 0.0648148148148 0.11875
1 0.14212962963 0.73046875 0.0805555555556 0.118229166667
1 0.211111111111 0.7109375 0.087037037037 0.113541666667
1 0.257407407407 0.729427083333 0.0888888888889 0.108854166667
1 0.328240740741 0.699739583333 0.0824074074074 0.115104166667
1 0.385185185185 0.729166666667 0.0759259259259 0.111458333333
1 0.447685185185 0.727604166667 0.0824074074074 0.119791666667
1 0.508796296296 0.7328125 0.0768518518519 0.115625
1 0.572222222222 0.733333333333 0.0722222222222 0.105208333333
1 0.636111111111 0.7375 0.0925925925926 0.1
1 0.699074074074 0.73359375 0.0666666666667 0.0963541666667
1 0.761574074074 0.738020833333 0.0768518518519 0.103125
1 0.880092592593 0.706770833333 0.0990740740741 0.114583333333
1 0.0662037037037 0.885677083333 0.0972222222222 0.1484375
1 0.131018518519 0.891927083333 0.0824074074074 0.156770833333
1 0.214351851852 0.891145833333 0.10462962963 0.14375
1 0.89537037037 0.8875 0.146296296296 0.0916666666667
