1 0.0587962962963 0.0932291666667 0.102777777778 0.103125
1 0.151851851852 0.0963541666667 0.0907407407407 0.1
1 0.23287037037 0.0958333333333 0.0935185185185 0.103125
1 0.322222222222 0.0966145833333 0.0907407407407 0.1078125
1 0.402314814815 0.0981770833333 0.0953703703704 0.0963541666667
1 0.625 0.11171875 0.087037037037 0.0776041666667
1 0.727314814815 0.1046875 0.0787037037037 0.0916666666667
1 0.819907407407 0.1015625 0.0990740740741 0.101041666667
1 0.908796296296 0.0973958333333 0.0861111111111 0.104166666667
1 0.0652777777778 0.310677083333 0.102777777778 0.1828125
1 0.14537037037 0.309375 0.0907407407407 0.185416666667
1 0.219444444444 0.309895833333 0.1 0.186458333333
1 0.299074074074 0.3140625 0.0962962962963 0.1875
1 0.0384259259259 0.5203125 0.0787037037037 0.152083333333
1 0.106944444444 0.519270833333 0.0805555555556 0.15625
1 0.172222222222 0.520833333333 0.0907407407407 0.153125
1 0.302777777778 0.516927083333 0.101851851852 0.1515625
1 0.400925925926 0.508333333333 0.0703703703704 0.157291666667
1 0.464351851852 0.513541666667 0.0583333333333 0.154166666667
1 0.527314814815 0.530208333333 0.0768518518519 0.164583333333
1 0.59212962963 0.532291666667 0.0861111111111 0.165625
1 0.662962962963 0.537760416667 0.0685185185185 0.140104166667
1 0.737037037037 0.53203125 0.0759259259259 0.1421875
1 0.847222222222 0.530729166667 0.0814814814815 0.15625
1 0.92962962963 0.540625 0.087037037037 0.145833333333
1 0.0578703703704 0.713020833333 0.100925925926 0.134375
1 0.225925925926 0.70859375 0.0777777777778 0.127604166667
1 0.328703703704 0.70625 0.087037037037 0.132291666667
1 0.403703703704 0.704427083333 0.0851851851852 0.119270833333
1 0.481944444444 0.7015625 0.0972222222222 0.111458333333
1 0.553703703704 0.701041666667 0.0722222222222 0.114583333333
1 0.622685185185 0.689322916667 0.0787037037037 0.0942708333333
1 0.701851851852 0.69921875 0.0722222222222 0.1203125
1 0.7625 0.704427083333 0.0657407407407 0.128645833333
1 0.819444444444 0.698177083333 0.0592592592593 0.1109375
1 0.868981481481 0.698697916667 0.0601851851852 0.121354166667
1 0.951851851852 0.71328125 0.0944444444444 0.136979166667
1 0.493055555556 0.874479166667 0.102777777778 0.110416666667
1 0.580555555556 0.859375 0.0888888888889 0.0822916666667
1 0.743055555556 0.872135416667 0.113888888889 0.1171875
