1 0.0333333333333 0.1203125 0.0685185185185 0.101041666667
1 0.161574074074 0.11953125 0.0898148148148 0.1234375
1 0.222685185185 0.116666666667 0.0898148148148 0.132291666667
1 0.3 0.1203125 0.0833333333333 0.139583333333
1 0.386574074074 0.12109375 0.0953703703704 0.133854166667
1 0.462037037037 0.1203125 0.087037037037 0.135416666667
1 0.533333333333 0.121354166667 0.087037037037 0.127083333333
1 0.608333333333 0.127604166667 0.0925925925926 0.126041666667
1 0.681018518519 0.123958333333 0.0805555555556 0.121875
1 0.764351851852 0.118229166667 0.115740740741 0.152083333333
1 0.846296296296 0.1203125 0.0962962962963 0.132291666667
1 0.934259259259 0.122916666667 0.0925925925926 0.127083333333
1 0.161111111111 0.717708333333 0.12037037037 0.132291666667
1 0.0564814814815 0.7203125 0.114814814815 0.1375
1 0.159722222222 0.897135416667 0.136111111111 0.133854166667
1 0.311111111111 0.907552083333 0.111111111111 0.144270833333
1 0.448611111111 0.921875 0.108333333333 0.155208333333
1 0.561111111111 0.92265625 0.111111111111 0.153645833333
1 0.656481481481 0.926041666667 0.105555555556 0.146875
1 0.752314814815 0.927083333333 0.10462962963 0.144791666667
1 0.862037037037 0.927083333333 0.12037037037 0.144791666667
1 0.0976851851852 0.13046875 0.0787037037037 0.0890625
1 0.062037037037 0.309895833333 0.0722222222222 0.142708333333
1 0.135185185185 0.314583333333 0.0944444444444 0.154166666667
1 0.214814814815 0.315625 0.0925925925926 0.146875
1 0.306018518519 0.31328125 0.0787037037037 0.1453125
1 0.349074074074 0.31796875 0.0777777777778 0.149479166667
1 0.406481481481 0.317708333333 0.0740740740741 0.144791666667
1 0.474537037037 0.31796875 0.0861111111111 0.147395833333
1 0.544444444444 0.322916666667 0.087037037037 0.153125
1 0.621296296296 0.32421875 0.0888888888889 0.150520833333
1 0.715740740741 0.327864583333 0.107407407407 0.1390625
1 0.827314814815 0.33125 0.113888888889 0.145833333333
1 0.897222222222 0.32890625 0.0888888888889 0.141145833333
1 0.965277777778 0.335416666667 0.0675925925926 0.165625
1 0.0476851851852 0.5453125 0.0972222222222 0.134375
1 0.121759259259 0.545833333333 0.0935185185185 0.133333333333
1 0.241203703704 0.533333333333 0.0768518518519 0.123958333333
1 0.35 0.551041666667 0.0925925925926 0.132291666667
1 0.427314814815 0.5390625 0.075 0.121875
1 0.491203703704 0.544010416667 0.075 0.127604166667
1 0.550462962963 0.548177083333 0.0824074074074 0.130729166667
1 0.609722222222 0.56953125 0.134259259259 0.141145833333
1 0.726851851852 0.56484375 0.109259259259 0.136979166667
1 0.812962962963 0.558854166667 0.0888888888889 0.133333333333
1 0.852777777778 0.573697916667 0.107407407407 0.128645833333
1 0.959259259259 0.581770833333 0.0796296296296 0.133333333333
1 0.269907407407 0.723697916667 0.117592592593 0.136979166667
1 0.359259259259 0.716145833333 0.0944444444444 0.114583333333
1 0.459259259259 0.72109375 0.122222222222 0.118229166667
1 0.551851851852 0.7265625 0.112962962963 0.121875
1 0.669907407407 0.745052083333 0.132407407407 0.149479166667
1 0.745833333333 0.731770833333 0.0787037037037 0.122916666667
1 0.812962962963 0.732291666667 0.122222222222 0.114583333333
1 0.925 0.75703125 0.140740740741 0.1484375
1 0.952777777778 0.928645833333 0.0925925925926 0.141666666667
1 0.0569444444444 0.885416666667 0.0824074074074 0.122916666667
