6 0.395833333333 0.70390625 0.182407407407 0.0682291666667
6 0.5875 0.702604166667 0.176851851852 0.0708333333333
6 0.0611111111111 0.299739583333 0.124074074074 0.141145833333
6 0.0569444444444 0.514322916667 0.115740740741 0.116145833333
1 0.119444444444 0.0705729166667 0.142592592593 0.1421875
1 0.224074074074 0.0645833333333 0.111111111111 0.130208333333
1 0.317592592593 0.06171875 0.101851851852 0.124479166667
1 0.144907407407 0.30390625 0.100925925926 0.116145833333
1 0.227777777778 0.3015625 0.1 0.113541666667
1 0.309259259259 0.295572916667 0.0981481481481 0.1234375
1 0.223611111111 0.512760416667 0.0916666666667 0.105729166667
1 0.297685185185 0.505989583333 0.0916666666667 0.0994791666667
1 0.379166666667 0.50078125 0.0898148148148 0.0932291666667
6 0.140277777778 0.510416666667 0.106481481481 0.121875
6 0.778240740741 0.76796875 0.176851851852 0.0567708333333
6 0.936574074074 0.7640625 0.125 0.0552083333333
6 0.402777777778 0.78125 0.190740740741 0.0489583333333
6 0.591666666667 0.783072916667 0.181481481481 0.0598958333333
