1 0.0384259259259 0.128645833333 0.0787037037037 0.120833333333
1 0.119444444444 0.13203125 0.0888888888889 0.1203125
1 0.189351851852 0.13515625 0.0805555555556 0.119270833333
1 0.251388888889 0.129166666667 0.0935185185185 0.121875
1 0.326388888889 0.130989583333 0.0953703703704 0.1203125
1 0.381018518519 0.147135416667 0.0638888888889 0.0932291666667
1 0.445833333333 0.14765625 0.075 0.0890625
1 0.512037037037 0.14609375 0.0703703703704 0.0953125
1 0.577777777778 0.1484375 0.0777777777778 0.0875
1 0.648148148148 0.1484375 0.0722222222222 0.090625
1 0.723611111111 0.1453125 0.0861111111111 0.09375
1 0.794444444444 0.14375 0.0722222222222 0.0927083333333
1 0.862962962963 0.1421875 0.0759259259259 0.09375
1 0.932407407407 0.1421875 0.0722222222222 0.0916666666667
1 0.0351851851852 0.283072916667 0.0722222222222 0.1265625
1 0.103240740741 0.284375 0.125 0.128125
1 0.208333333333 0.287760416667 0.105555555556 0.1265625
1 0.30787037037 0.287760416667 0.119444444444 0.1265625
1 0.412037037037 0.287239583333 0.109259259259 0.1296875
1 0.513425925926 0.28671875 0.119444444444 0.128645833333
1 0.620833333333 0.287239583333 0.112037037037 0.1296875
1 0.727777777778 0.2890625 0.114814814815 0.128125
1 0.82037037037 0.288802083333 0.111111111111 0.119270833333
1 0.946296296296 0.294270833333 0.0537037037037 0.117708333333
1 0.977777777778 0.2953125 0.0425925925926 0.122916666667
1 0.0291666666667 0.435416666667 0.0601851851852 0.122916666667
1 0.087037037037 0.436979166667 0.125925925926 0.114583333333
1 0.187962962963 0.436979166667 0.125925925926 0.114583333333
1 0.284259259259 0.4359375 0.101851851852 0.1125
1 0.375 0.437760416667 0.109259259259 0.116145833333
1 0.474537037037 0.4359375 0.123148148148 0.116666666667
1 0.585648148148 0.4421875 0.112037037037 0.120833333333
1 0.684722222222 0.441927083333 0.0990740740741 0.119270833333
1 0.778703703704 0.436979166667 0.0703703703704 0.1125
1 0.840740740741 0.43828125 0.0703703703704 0.109895833333
1 0.902314814815 0.437760416667 0.062037037037 0.108854166667
1 0.950925925926 0.439322916667 0.0685185185185 0.105729166667
1 0.0416666666667 0.575 0.0851851851852 0.1125
1 0.121759259259 0.575260416667 0.100925925926 0.106770833333
1 0.220833333333 0.575 0.117592592593 0.103125
1 0.313888888889 0.576041666667 0.111111111111 0.103125
1 0.409722222222 0.575520833333 0.110185185185 0.104166666667
1 0.50462962963 0.576041666667 0.109259259259 0.103125
1 0.600462962963 0.575 0.0990740740741 0.103125
1 0.696759259259 0.577083333333 0.0916666666667 0.105208333333
1 0.773611111111 0.573177083333 0.0601851851852 0.0994791666667
1 0.834722222222 0.568489583333 0.062037037037 0.0994791666667
1 0.898611111111 0.568489583333 0.0583333333333 0.0994791666667
1 0.958333333333 0.566927083333 0.0574074074074 0.0984375
1 0.0268518518519 0.714322916667 0.0555555555556 0.116145833333
1 0.0967592592593 0.7125 0.100925925926 0.1125
1 0.193518518519 0.709635416667 0.109259259259 0.116145833333
1 0.286574074074 0.70625 0.100925925926 0.115625
1 0.380092592593 0.70703125 0.0990740740741 0.109895833333
1 0.454166666667 0.71015625 0.0787037037037 0.1078125
1 0.522685185185 0.7078125 0.0805555555556 0.110416666667
1 0.593055555556 0.708072916667 0.0768518518519 0.1171875
1 0.663888888889 0.713802083333 0.0740740740741 0.115104166667
1 0.734722222222 0.71015625 0.0768518518519 0.115104166667
1 0.803703703704 0.7109375 0.0666666666667 0.111458333333
1 0.866666666667 0.708072916667 0.0722222222222 0.1078125
1 0.939351851852 0.710677083333 0.0787037037037 0.106770833333
1 0.0569444444444 0.879947916667 0.115740740741 0.1390625
1 0.156944444444 0.878645833333 0.117592592593 0.145833333333
1 0.265740740741 0.880208333333 0.133333333333 0.142708333333
1 0.378703703704 0.883854166667 0.122222222222 0.140625
1 0.487037037037 0.888020833333 0.127777777778 0.145833333333
1 0.601851851852 0.884375 0.127777777778 0.145833333333
1 0.705092592593 0.886197916667 0.0990740740741 0.121354166667
1 0.808796296296 0.88671875 0.113888888889 0.125520833333
1 0.921296296296 0.8890625 0.103703703704 0.125
