4 0.253240740741 0.163802083333 0.236111111111 0.119270833333
4 0.449074074074 0.167447916667 0.272222222222 0.119270833333
4 0.683796296296 0.172916666667 0.191666666667 0.10625
4 0.893981481481 0.1609375 0.210185185185 0.122916666667
4 0.129166666667 0.33125 0.20462962963 0.096875
4 0.301851851852 0.33125 0.159259259259 0.0947916666667
4 0.473148148148 0.337239583333 0.240740740741 0.0921875
4 0.724074074074 0.330989583333 0.187037037037 0.0994791666667
4 0.893518518519 0.327083333333 0.177777777778 0.0958333333333
4 0.110185185185 0.4828125 0.157407407407 0.0885416666667
4 0.268055555556 0.48125 0.150925925926 0.0895833333333
4 0.500462962963 0.478125 0.147222222222 0.09375
4 0.659722222222 0.472395833333 0.163888888889 0.0885416666667
4 0.781018518519 0.472135416667 0.158333333333 0.0817708333333
4 0.930092592593 0.466145833333 0.137962962963 0.0864583333333
4 0.118981481481 0.61796875 0.162037037037 0.0755208333333
4 0.266666666667 0.615885416667 0.144444444444 0.0776041666667
4 0.4 0.6109375 0.137037037037 0.0760416666667
4 0.539351851852 0.5984375 0.150925925926 0.0958333333333
4 0.647685185185 0.60390625 0.0898148148148 0.0755208333333
4 0.755555555556 0.601822916667 0.137037037037 0.0765625
4 0.927777777778 0.600260416667 0.142592592593 0.0734375
4 0.0337962962963 0.740625 0.0694444444444 0.0729166666667
4 0.141666666667 0.73671875 0.153703703704 0.0744791666667
4 0.281481481481 0.734635416667 0.127777777778 0.0734375
4 0.4 0.7328125 0.137037037037 0.071875
4 0.524074074074 0.73125 0.142592592593 0.075
4 0.658333333333 0.723958333333 0.127777777778 0.0729166666667
4 0.781944444444 0.7234375 0.147222222222 0.08125
4 0.917592592593 0.71796875 0.135185185185 0.0776041666667
4 0.0560185185185 0.861979166667 0.113888888889 0.0802083333333
4 0.214814814815 0.853125 0.181481481481 0.071875
4 0.36712962963 0.831770833333 0.150925925926 0.0458333333333
4 0.505092592593 0.840885416667 0.171296296296 0.0661458333333
4 0.694444444444 0.8390625 0.17037037037 0.071875
4 0.873611111111 0.844270833333 0.163888888889 0.113541666667
